191,-1,0,1153,980,1707,0.9480054378509521,-1,-1,-1
192,-1,230,1141,1150,1626,0.99415522813797,-1,-1,-1
193,-1,521,1140,1263,1576,0.9943239688873291,-1,-1,-1
194,-1,719,1132,1378,1512,0.9941217303276062,-1,-1,-1
195,-1,888,1127,1462,1473,0.9942728877067566,-1,-1,-1
196,-1,1030,1115,1530,1435,0.9947172999382019,-1,-1,-1
197,-1,1139,1111,1565,1411,0.9942804574966431,-1,-1,-1
198,-1,1230,1111,1626,1372,0.9953266382217407,-1,-1,-1
199,-1,1297,1100,1662,1356,0.9949245452880859,-1,-1,-1
200,-1,1370,1096,1695,1331,0.995126485824585,-1,-1,-1
201,-1,1414,1091,1723,1318,0.992874264717102,-1,-1,-1
202,-1,1464,1087,1752,1302,0.9947941899299622,-1,-1,-1
203,-1,1506,1080,1773,1287,0.9933891296386719,-1,-1,-1
204,-1,1539,1074,1789,1273,0.9923796653747559,-1,-1,-1
205,-1,1564,1067,1805,1258,0.9923468828201294,-1,-1,-1
206,-1,1591,1066,1816,1245,0.9923572540283203,-1,-1,-1
207,-1,1616,1063,1822,1232,0.9921281337738037,-1,-1,-1
208,-1,1636,1059,1837,1224,0.9918456673622131,-1,-1,-1
209,-1,1649,1057,1844,1214,0.9925887584686279,-1,-1,-1
210,-1,1663,1050,1843,1203,0.9924086332321167,-1,-1,-1
211,-1,1678,1049,1853,1195,0.9941288232803345,-1,-1,-1
212,-1,1688,1048,1857,1184,0.9934815168380737,-1,-1,-1
213,-1,1698,1041,1866,1179,0.9907806515693665,-1,-1,-1
214,-1,1708,1037,1865,1168,0.9864489436149597,-1,-1,-1
215,-1,1715,1029,1866,1166,0.9775465130805969,-1,-1,-1
216,-1,1721,1025,1868,1159,0.9609158635139465,-1,-1,-1
217,-1,1725,1021,1867,1153,0.9552943706512451,-1,-1,-1
218,-1,1729,1021,1869,1145,0.9366133809089661,-1,-1,-1
219,-1,1736,1015,1871,1141,0.924249529838562,-1,-1,-1
220,-1,1738,1016,1874,1132,0.8197466135025024,-1,-1,-1
221,-1,1743,1013,1871,1127,0.7213247418403625,-1,-1,-1
343,-1,717,926,882,1062,0.6396667957305908,-1,-1,-1
348,-1,587,904,766,1054,0.715955376625061,-1,-1,-1
350,-1,532,905,714,1056,0.6748198866844177,-1,-1,-1
352,-1,471,903,660,1054,0.6216800212860107,-1,-1,-1
353,-1,443,898,630,1053,0.6738271713256836,-1,-1,-1
354,-1,409,895,604,1048,0.8129936456680298,-1,-1,-1
355,-1,371,893,583,1049,0.810904324054718,-1,-1,-1
356,-1,347,891,546,1048,0.8464053273200989,-1,-1,-1
357,-1,310,891,515,1046,0.8024559617042542,-1,-1,-1
360,-1,186,883,418,1035,0.6981409192085266,-1,-1,-1
361,-1,131,869,383,1044,0.841502845287323,-1,-1,-1
362,-1,103,856,347,1036,0.8394739627838135,-1,-1,-1
363,-1,50,860,312,1039,0.7935128808021545,-1,-1,-1
599,-1,1564,946,1709,1076,0.680919349193573,-1,-1,-1
600,-1,1555,948,1711,1081,0.8252612948417664,-1,-1,-1
601,-1,1548,950,1703,1082,0.7697604894638062,-1,-1,-1
602,-1,1534,951,1696,1084,0.8902085423469543,-1,-1,-1
603,-1,1525,952,1692,1088,0.950092077255249,-1,-1,-1
604,-1,1514,953,1685,1090,0.9480255842208862,-1,-1,-1
605,-1,1506,952,1680,1093,0.9664064645767212,-1,-1,-1
606,-1,1492,952,1674,1097,0.9739355444908142,-1,-1,-1
607,-1,1474,958,1661,1099,0.9769039750099182,-1,-1,-1
608,-1,1463,956,1652,1103,0.9818744659423828,-1,-1,-1
609,-1,1445,956,1643,1106,0.9854194521903992,-1,-1,-1
610,-1,1430,957,1634,1111,0.9861511588096619,-1,-1,-1
611,-1,1410,957,1624,1114,0.9853538274765015,-1,-1,-1
612,-1,1387,955,1608,1122,0.9842339158058167,-1,-1,-1
613,-1,1372,956,1591,1127,0.9807140231132507,-1,-1,-1
614,-1,1343,955,1573,1126,0.9768929481506348,-1,-1,-1
615,-1,1325,953,1555,1130,0.966386616230011,-1,-1,-1
616,-1,1294,949,1533,1134,0.9223964214324951,-1,-1,-1
617,-1,1259,952,1512,1137,0.8572153449058533,-1,-1,-1
618,-1,1225,951,1493,1141,0.9550546407699585,-1,-1,-1
619,-1,1186,954,1468,1145,0.928991436958313,-1,-1,-1
620,-1,1145,947,1439,1150,0.9794732928276062,-1,-1,-1
621,-1,1095,948,1404,1154,0.9825862646102905,-1,-1,-1
622,-1,1036,943,1384,1158,0.9732939004898071,-1,-1,-1
623,-1,983,943,1333,1163,0.9798004031181335,-1,-1,-1
624,-1,909,938,1290,1168,0.9866031408309937,-1,-1,-1
625,-1,848,935,1246,1173,0.9887590408325195,-1,-1,-1
626,-1,760,927,1182,1181,0.9906268119812012,-1,-1,-1
627,-1,652,920,1125,1184,0.9919931888580322,-1,-1,-1
628,-1,526,909,1053,1193,0.9938435554504395,-1,-1,-1
629,-1,403,895,980,1194,0.9932724237442017,-1,-1,-1
629,-1,1609,935,1748,1054,0.6678529977798462,-1,-1,-1
630,-1,273,890,877,1192,0.9934241771697998,-1,-1,-1
630,-1,1607,937,1746,1057,0.6984696984291077,-1,-1,-1
631,-1,63,867,771,1205,0.9923678040504456,-1,-1,-1
631,-1,1598,934,1742,1058,0.730724036693573,-1,-1,-1
632,-1,1598,940,1736,1061,0.7861955761909485,-1,-1,-1
632,-1,0,853,633,1205,0.6684372425079346,-1,-1,-1
633,-1,1590,941,1731,1064,0.6989978551864624,-1,-1,-1
634,-1,1578,942,1726,1068,0.7021536231040955,-1,-1,-1
635,-1,1573,943,1722,1070,0.8003318905830383,-1,-1,-1
636,-1,1568,945,1719,1071,0.7927064299583435,-1,-1,-1
637,-1,1560,942,1715,1074,0.8994256258010864,-1,-1,-1
638,-1,1555,946,1711,1078,0.9448673725128174,-1,-1,-1
639,-1,1543,946,1707,1083,0.9591580033302307,-1,-1,-1
640,-1,1532,948,1699,1085,0.968479573726654,-1,-1,-1
641,-1,1522,948,1693,1087,0.9724087119102478,-1,-1,-1
642,-1,1512,950,1687,1090,0.9757746458053589,-1,-1,-1
643,-1,1501,953,1683,1094,0.9777413010597229,-1,-1,-1
644,-1,1486,952,1675,1098,0.9681580066680908,-1,-1,-1
645,-1,1474,956,1660,1101,0.9845142960548401,-1,-1,-1
646,-1,1455,953,1649,1105,0.9876143932342529,-1,-1,-1
647,-1,1439,955,1640,1107,0.9826043248176575,-1,-1,-1
648,-1,1420,955,1630,1113,0.9890230894088745,-1,-1,-1
649,-1,1403,955,1620,1114,0.9900890588760376,-1,-1,-1
650,-1,1382,958,1607,1122,0.9880828261375427,-1,-1,-1
651,-1,1358,956,1591,1124,0.9786922335624695,-1,-1,-1
652,-1,1329,957,1570,1125,0.9763808250427246,-1,-1,-1
653,-1,1301,951,1552,1130,0.9719778299331665,-1,-1,-1
654,-1,1270,952,1532,1132,0.8636446595191956,-1,-1,-1
655,-1,1236,950,1507,1140,0.8403780460357666,-1,-1,-1
656,-1,1194,954,1485,1143,0.9463928937911987,-1,-1,-1
657,-1,1146,950,1454,1147,0.9654502272605896,-1,-1,-1
658,-1,1101,948,1425,1152,0.983232319355011,-1,-1,-1
659,-1,1035,942,1397,1158,0.9819933176040649,-1,-1,-1
660,-1,969,936,1352,1162,0.9755257368087769,-1,-1,-1
661,-1,912,937,1323,1169,0.9844589233398438,-1,-1,-1
662,-1,815,931,1261,1177,0.9869376420974731,-1,-1,-1
663,-1,727,925,1208,1182,0.9894053339958191,-1,-1,-1
664,-1,615,916,1148,1185,0.9906337261199951,-1,-1,-1
665,-1,491,902,1086,1186,0.9930765628814697,-1,-1,-1
666,-1,367,897,1015,1186,0.9926620721817017,-1,-1,-1
667,-1,199,883,909,1191,0.9930045008659363,-1,-1,-1
668,-1,0,860,799,1195,0.9912170171737671,-1,-1,-1
669,-1,0,849,655,1192,0.7298890352249146,-1,-1,-1
669,-1,1596,937,1725,1054,0.602682888507843,-1,-1,-1
670,-1,1592,939,1721,1055,0.7068288326263428,-1,-1,-1
671,-1,1585,939,1718,1061,0.7325577735900879,-1,-1,-1
672,-1,1577,939,1719,1064,0.7896592617034912,-1,-1,-1
673,-1,1571,937,1717,1067,0.868476927280426,-1,-1,-1
674,-1,1567,939,1714,1069,0.8568897843360901,-1,-1,-1
675,-1,1560,942,1708,1069,0.9069777131080627,-1,-1,-1
676,-1,1555,942,1706,1073,0.9513112902641296,-1,-1,-1
677,-1,1542,944,1701,1076,0.9342225790023804,-1,-1,-1
678,-1,1531,946,1694,1079,0.9619519710540771,-1,-1,-1
679,-1,1521,945,1690,1083,0.9756461977958679,-1,-1,-1
680,-1,1512,948,1685,1086,0.9820001721382141,-1,-1,-1
681,-1,1498,946,1676,1089,0.9821272492408752,-1,-1,-1
682,-1,1488,948,1669,1091,0.974210262298584,-1,-1,-1
683,-1,1473,949,1662,1094,0.9821702241897583,-1,-1,-1
684,-1,1457,946,1652,1097,0.9893669486045837,-1,-1,-1
685,-1,1440,947,1643,1101,0.9875730276107788,-1,-1,-1
686,-1,1419,947,1631,1106,0.9905892610549927,-1,-1,-1
687,-1,1403,947,1620,1110,0.9882040023803711,-1,-1,-1
688,-1,1384,949,1611,1112,0.9918678402900696,-1,-1,-1
689,-1,1363,949,1599,1116,0.9872763752937317,-1,-1,-1
690,-1,1332,949,1577,1120,0.9809648394584656,-1,-1,-1
691,-1,1311,947,1562,1122,0.9774137139320374,-1,-1,-1
692,-1,1283,946,1538,1124,0.9741796255111694,-1,-1,-1
693,-1,1251,946,1518,1128,0.8309717774391174,-1,-1,-1
694,-1,1218,944,1497,1131,0.9319479465484619,-1,-1,-1
695,-1,1175,942,1471,1138,0.9119648933410645,-1,-1,-1
696,-1,1135,940,1443,1141,0.9694022536277771,-1,-1,-1
697,-1,1073,937,1413,1149,0.9815529584884644,-1,-1,-1
698,-1,1024,934,1384,1152,0.9864392280578613,-1,-1,-1
699,-1,954,932,1341,1157,0.9814223051071167,-1,-1,-1
700,-1,893,929,1306,1161,0.9853877425193787,-1,-1,-1
701,-1,833,929,1266,1168,0.9876675605773926,-1,-1,-1
702,-1,732,920,1218,1174,0.9891809821128845,-1,-1,-1
703,-1,635,914,1165,1178,0.9906883239746094,-1,-1,-1
704,-1,516,899,1093,1182,0.9929043650627136,-1,-1,-1
705,-1,393,884,1034,1188,0.992165207862854,-1,-1,-1
706,-1,236,868,930,1192,0.9924665093421936,-1,-1,-1
707,-1,94,867,838,1193,0.9923751950263977,-1,-1,-1
708,-1,0,841,714,1195,0.8405219912528992,-1,-1,-1
741,-1,0,977,1003,1647,0.7981597781181335,-1,-1,-1
742,-1,0,976,1128,1601,0.991218626499176,-1,-1,-1
743,-1,131,983,1203,1558,0.9886242151260376,-1,-1,-1
744,-1,306,996,1244,1521,0.9896098375320435,-1,-1,-1
745,-1,419,993,1327,1504,0.9909719228744507,-1,-1,-1
746,-1,565,1005,1377,1462,0.9930334091186523,-1,-1,-1
747,-1,683,1007,1435,1436,0.993872880935669,-1,-1,-1
748,-1,789,1026,1471,1414,0.9916306138038635,-1,-1,-1
749,-1,867,1021,1518,1401,0.9924370646476746,-1,-1,-1
750,-1,940,1025,1555,1380,0.9938980937004089,-1,-1,-1
751,-1,1014,1024,1579,1371,0.9893215894699097,-1,-1,-1
752,-1,1090,1012,1611,1363,0.9889246821403503,-1,-1,-1
753,-1,1136,1027,1639,1341,0.9900289177894592,-1,-1,-1
754,-1,1193,1032,1661,1330,0.990311861038208,-1,-1,-1
755,-1,1239,1030,1681,1322,0.9909505844116211,-1,-1,-1
756,-1,1280,1026,1698,1314,0.9915347695350647,-1,-1,-1
757,-1,1323,1026,1714,1299,0.992774486541748,-1,-1,-1
758,-1,1359,1025,1734,1289,0.9936907291412354,-1,-1,-1
759,-1,1388,1023,1743,1285,0.9925523996353149,-1,-1,-1
760,-1,1416,1028,1760,1272,0.993303120136261,-1,-1,-1
761,-1,1447,1029,1771,1266,0.9929722547531128,-1,-1,-1
762,-1,1467,1025,1777,1261,0.990145206451416,-1,-1,-1
763,-1,1493,1022,1782,1248,0.9862791299819946,-1,-1,-1
764,-1,1512,1024,1801,1244,0.9894558787345886,-1,-1,-1
765,-1,1534,1023,1805,1236,0.9899073839187622,-1,-1,-1
766,-1,1557,1026,1808,1229,0.9895102977752686,-1,-1,-1
767,-1,1567,1021,1820,1226,0.9890649318695068,-1,-1,-1
768,-1,1574,1020,1822,1219,0.991591215133667,-1,-1,-1
769,-1,1592,1019,1827,1215,0.9916045069694519,-1,-1,-1
770,-1,1600,1019,1833,1208,0.9916604161262512,-1,-1,-1
771,-1,1608,1015,1837,1200,0.9934804439544678,-1,-1,-1
772,-1,1616,1016,1841,1195,0.9965481162071228,-1,-1,-1
773,-1,1625,1006,1846,1193,0.9946138262748718,-1,-1,-1
774,-1,1638,1011,1847,1185,0.9955599308013916,-1,-1,-1
775,-1,1644,1010,1848,1181,0.9934033751487732,-1,-1,-1
776,-1,1650,1008,1850,1177,0.9939420819282532,-1,-1,-1
777,-1,1657,1009,1853,1170,0.9925717711448669,-1,-1,-1
778,-1,1662,1011,1861,1166,0.9931935667991638,-1,-1,-1
779,-1,1666,1009,1864,1160,0.9916736483573914,-1,-1,-1
780,-1,1676,1005,1869,1157,0.9858884215354919,-1,-1,-1
781,-1,1682,1000,1866,1151,0.9886807203292847,-1,-1,-1
782,-1,1688,1001,1863,1147,0.9842302203178406,-1,-1,-1
783,-1,1693,1001,1870,1143,0.9505913257598877,-1,-1,-1
784,-1,1699,996,1869,1139,0.9477890729904175,-1,-1,-1
785,-1,1700,994,1868,1135,0.9643774032592773,-1,-1,-1
786,-1,1705,993,1870,1133,0.96625816822052,-1,-1,-1
787,-1,1712,990,1869,1130,0.9761146306991577,-1,-1,-1
788,-1,1710,986,1870,1129,0.9608914256095886,-1,-1,-1
789,-1,1711,984,1869,1125,0.9566115736961365,-1,-1,-1
790,-1,1714,985,1871,1122,0.9526654481887817,-1,-1,-1
791,-1,1712,981,1872,1121,0.9476922750473022,-1,-1,-1
792,-1,1713,982,1871,1119,0.9573507905006409,-1,-1,-1
793,-1,1715,982,1872,1116,0.9601558446884155,-1,-1,-1
794,-1,1723,983,1871,1111,0.9635804891586304,-1,-1,-1
795,-1,1723,982,1869,1108,0.8504350781440735,-1,-1,-1
796,-1,1725,981,1868,1107,0.8416130542755127,-1,-1,-1
797,-1,1728,980,1866,1104,0.7788008451461792,-1,-1,-1
798,-1,1729,982,1864,1101,0.662073016166687,-1,-1,-1
942,-1,2,1262,1182,1908,0.7290163636207581,-1,-1,-1
943,-1,0,1276,1295,1909,0.9812753796577454,-1,-1,-1
944,-1,134,1282,1404,1895,0.9873219132423401,-1,-1,-1
945,-1,320,1289,1503,1892,0.9894616007804871,-1,-1,-1
946,-1,474,1303,1561,1873,0.9884536862373352,-1,-1,-1
947,-1,619,1307,1693,1855,0.9907253384590149,-1,-1,-1
948,-1,769,1319,1760,1848,0.9909143447875977,-1,-1,-1
949,-1,887,1342,1857,1846,0.9919691681861877,-1,-1,-1
950,-1,976,1342,1956,1849,0.9911487102508545,-1,-1,-1
951,-1,1119,1370,2035,1846,0.9934195876121521,-1,-1,-1
952,-1,1223,1383,2112,1855,0.9925383925437927,-1,-1,-1
953,-1,1320,1403,2192,1866,0.9895398020744324,-1,-1,-1
954,-1,1412,1419,2272,1874,0.9860050082206726,-1,-1,-1
955,-1,1516,1436,2360,1893,0.9887670874595642,-1,-1,-1
956,-1,1563,1454,2437,1903,0.9906401634216309,-1,-1,-1
957,-1,1671,1467,2521,1908,0.987971842288971,-1,-1,-1
958,-1,1730,1493,2552,1913,0.9501205682754517,-1,-1,-1
959,-1,1830,1511,2560,1912,0.9090448617935181,-1,-1,-1
988,-1,1658,931,1778,1047,0.6457542777061462,-1,-1,-1
989,-1,1656,932,1776,1048,0.676180899143219,-1,-1,-1
990,-1,1655,930,1775,1050,0.6653514504432678,-1,-1,-1
991,-1,1654,933,1774,1048,0.7310956716537476,-1,-1,-1
992,-1,1649,933,1774,1050,0.7739722728729248,-1,-1,-1
993,-1,1645,931,1775,1052,0.8003912568092346,-1,-1,-1
994,-1,1646,933,1780,1054,0.83347487449646,-1,-1,-1
995,-1,1644,932,1780,1054,0.8966537117958069,-1,-1,-1
996,-1,1642,935,1777,1054,0.8669576048851013,-1,-1,-1
997,-1,1641,935,1775,1055,0.9152140617370605,-1,-1,-1
998,-1,1631,933,1774,1059,0.912932276725769,-1,-1,-1
999,-1,1627,935,1776,1059,0.9020012617111206,-1,-1,-1
1000,-1,1623,936,1776,1061,0.9356822967529297,-1,-1,-1
1001,-1,1621,934,1770,1064,0.9353690147399902,-1,-1,-1
1002,-1,1616,934,1768,1066,0.9599644541740417,-1,-1,-1
1003,-1,1614,935,1765,1066,0.9711653590202332,-1,-1,-1
1004,-1,1612,936,1763,1066,0.9670853018760681,-1,-1,-1
1005,-1,1606,936,1762,1067,0.9703787565231323,-1,-1,-1
1006,-1,1602,934,1762,1068,0.9791738986968994,-1,-1,-1
1007,-1,1603,933,1760,1070,0.975705087184906,-1,-1,-1
1008,-1,1600,936,1756,1070,0.979052722454071,-1,-1,-1
1009,-1,1593,936,1755,1073,0.9832966327667236,-1,-1,-1
1010,-1,1589,936,1753,1073,0.983256459236145,-1,-1,-1
1011,-1,1585,937,1750,1073,0.9876921772956848,-1,-1,-1
1012,-1,1575,937,1748,1076,0.9892627596855164,-1,-1,-1
1013,-1,1572,936,1745,1079,0.988865315914154,-1,-1,-1
1014,-1,1567,935,1740,1079,0.9888258576393127,-1,-1,-1
1015,-1,1560,935,1735,1083,0.9901974201202393,-1,-1,-1
1016,-1,1556,937,1732,1084,0.9918054342269897,-1,-1,-1
1017,-1,1550,936,1730,1082,0.9918738007545471,-1,-1,-1
1018,-1,1546,934,1726,1089,0.9904091358184814,-1,-1,-1
1019,-1,1535,933,1728,1089,0.9917259216308594,-1,-1,-1
1020,-1,1532,933,1724,1090,0.9919363260269165,-1,-1,-1
1021,-1,1525,937,1717,1093,0.9927217364311218,-1,-1,-1
1022,-1,1518,938,1713,1095,0.9913910627365112,-1,-1,-1
1023,-1,1509,938,1708,1097,0.9920808672904968,-1,-1,-1
1024,-1,1503,941,1705,1098,0.9925026893615723,-1,-1,-1
1025,-1,1495,941,1699,1101,0.9914402961730957,-1,-1,-1
1026,-1,1487,939,1693,1103,0.992377758026123,-1,-1,-1
1027,-1,1480,939,1689,1104,0.9917333126068115,-1,-1,-1
1028,-1,1466,940,1684,1107,0.9928122162818909,-1,-1,-1
1029,-1,1457,938,1676,1108,0.9939466118812561,-1,-1,-1
1030,-1,1450,937,1667,1110,0.99273282289505,-1,-1,-1
1031,-1,1435,939,1662,1112,0.9927598237991333,-1,-1,-1
1032,-1,1423,937,1657,1116,0.9931687116622925,-1,-1,-1
1033,-1,1411,937,1651,1119,0.9901847839355469,-1,-1,-1
1034,-1,1393,937,1645,1122,0.9882701635360718,-1,-1,-1
1035,-1,1381,934,1638,1124,0.99072265625,-1,-1,-1
1036,-1,1367,934,1626,1128,0.9905645847320557,-1,-1,-1
1037,-1,1352,936,1610,1130,0.9853832721710205,-1,-1,-1
1038,-1,1335,934,1604,1133,0.9836215376853943,-1,-1,-1
1039,-1,1322,933,1596,1136,0.9816453456878662,-1,-1,-1
1040,-1,1302,935,1586,1136,0.9709850549697876,-1,-1,-1
1041,-1,1281,933,1577,1140,0.9648551344871521,-1,-1,-1
1042,-1,1260,933,1561,1143,0.9682932496070862,-1,-1,-1
1043,-1,1232,927,1550,1149,0.9349848031997681,-1,-1,-1
1043,-1,759,663,1050,832,0.6074573993682861,-1,-1,-1
1044,-1,1207,925,1535,1153,0.9798924922943115,-1,-1,-1
1044,-1,763,662,1057,834,0.7810726165771484,-1,-1,-1
1045,-1,1180,929,1530,1156,0.9734935164451599,-1,-1,-1
1045,-1,762,660,1059,838,0.7850632667541504,-1,-1,-1
1046,-1,1139,922,1504,1159,0.9779489040374756,-1,-1,-1
1046,-1,766,661,1064,840,0.8027572631835938,-1,-1,-1
1047,-1,1114,913,1480,1174,0.9857370853424072,-1,-1,-1
1047,-1,770,663,1070,843,0.7456705570220947,-1,-1,-1
1048,-1,1080,918,1475,1170,0.9874613881111145,-1,-1,-1
1048,-1,785,669,1074,845,0.7325873970985413,-1,-1,-1
1049,-1,1032,916,1454,1179,0.99016273021698,-1,-1,-1
1049,-1,771,668,1076,845,0.7210943698883057,-1,-1,-1
1050,-1,998,910,1431,1183,0.9912019968032837,-1,-1,-1
1051,-1,950,908,1405,1185,0.9919020533561707,-1,-1,-1
1052,-1,897,901,1384,1191,0.9923062920570374,-1,-1,-1
1053,-1,836,899,1361,1201,0.9924221634864807,-1,-1,-1
1054,-1,775,892,1321,1206,0.9916491508483887,-1,-1,-1
1055,-1,725,890,1309,1205,0.9899510741233826,-1,-1,-1
1056,-1,667,885,1247,1204,0.9915905594825745,-1,-1,-1
1057,-1,554,871,1216,1215,0.9920720458030701,-1,-1,-1
1058,-1,476,858,1161,1217,0.9949423670768738,-1,-1,-1
1059,-1,364,849,1119,1227,0.9932270646095276,-1,-1,-1
1060,-1,271,824,1062,1236,0.9918560981750488,-1,-1,-1
1061,-1,133,817,1009,1242,0.9913275837898254,-1,-1,-1
1062,-1,872,723,1124,862,0.8605622053146362,-1,-1,-1
1063,-1,877,722,1126,863,0.8547967076301575,-1,-1,-1
1064,-1,886,725,1131,866,0.8089415431022644,-1,-1,-1
1065,-1,880,724,1130,866,0.8949788212776184,-1,-1,-1
1066,-1,887,717,1138,868,0.8513216972351074,-1,-1,-1
1067,-1,890,722,1141,869,0.8379149436950684,-1,-1,-1
1068,-1,892,726,1143,870,0.783994197845459,-1,-1,-1
1069,-1,888,725,1142,869,0.8478049039840698,-1,-1,-1
1070,-1,897,727,1146,868,0.835699200630188,-1,-1,-1
1071,-1,896,733,1146,869,0.887844979763031,-1,-1,-1
1072,-1,898,732,1148,870,0.927257776260376,-1,-1,-1
1073,-1,899,731,1151,869,0.9195225834846497,-1,-1,-1
1074,-1,902,731,1152,869,0.9482446312904358,-1,-1,-1
1075,-1,904,732,1155,870,0.9496632218360901,-1,-1,-1
1076,-1,906,734,1157,872,0.949237048625946,-1,-1,-1
1077,-1,906,733,1157,871,0.9447520971298218,-1,-1,-1
1078,-1,907,734,1157,872,0.9467344880104065,-1,-1,-1
1079,-1,906,733,1157,871,0.9514813423156738,-1,-1,-1
1080,-1,905,733,1155,871,0.9506069421768188,-1,-1,-1
1081,-1,898,728,1155,872,0.9207826256752014,-1,-1,-1
1082,-1,899,729,1150,872,0.8745021820068359,-1,-1,-1
1083,-1,897,731,1148,871,0.8491992950439453,-1,-1,-1
1084,-1,894,726,1151,872,0.7157984375953674,-1,-1,-1
1085,-1,889,722,1140,870,0.8285102248191833,-1,-1,-1
1085,-1,1950,1394,2560,1741,0.6496169567108154,-1,-1,-1
1086,-1,1901,1379,2560,1731,0.949224591255188,-1,-1,-1
1086,-1,892,720,1140,871,0.7804055213928223,-1,-1,-1
1087,-1,1884,1360,2551,1718,0.9856324195861816,-1,-1,-1
1087,-1,885,725,1128,869,0.8042091131210327,-1,-1,-1
1088,-1,1839,1339,2473,1689,0.9887669682502747,-1,-1,-1
1088,-1,890,724,1126,867,0.824350893497467,-1,-1,-1
1089,-1,1771,1318,2419,1660,0.989847719669342,-1,-1,-1
1089,-1,877,713,1118,864,0.8873074054718018,-1,-1,-1
1090,-1,1723,1306,2373,1643,0.9883843660354614,-1,-1,-1
1090,-1,869,703,1116,865,0.9150736331939697,-1,-1,-1
1091,-1,1674,1286,2319,1623,0.9899156093597412,-1,-1,-1
1091,-1,864,701,1103,868,0.8344672322273254,-1,-1,-1
1092,-1,1637,1267,2250,1599,0.9912217855453491,-1,-1,-1
1092,-1,850,698,1103,863,0.9230501651763916,-1,-1,-1
1093,-1,1562,1246,2200,1575,0.9913718700408936,-1,-1,-1
1093,-1,839,690,1095,861,0.900012195110321,-1,-1,-1
1094,-1,1490,1226,2131,1553,0.9925008416175842,-1,-1,-1
1094,-1,842,697,1093,860,0.8221819400787354,-1,-1,-1
1095,-1,1430,1210,2076,1532,0.9942926168441772,-1,-1,-1
1095,-1,837,697,1087,859,0.9109967947006226,-1,-1,-1
1096,-1,1381,1195,2005,1516,0.9929238557815552,-1,-1,-1
1096,-1,832,698,1080,856,0.638544499874115,-1,-1,-1
1097,-1,1286,1169,1957,1487,0.9943820834159851,-1,-1,-1
1098,-1,1247,1160,1881,1465,0.9924355149269104,-1,-1,-1
1098,-1,817,697,1065,855,0.6825363039970398,-1,-1,-1
1099,-1,1174,1145,1818,1456,0.993735134601593,-1,-1,-1
1099,-1,811,695,1055,852,0.6042721271514893,-1,-1,-1
1100,-1,1108,1123,1757,1441,0.9934903383255005,-1,-1,-1
1101,-1,1011,1103,1700,1421,0.9945441484451294,-1,-1,-1
1102,-1,955,1084,1620,1407,0.9936168193817139,-1,-1,-1
1103,-1,851,1073,1561,1392,0.9953271150588989,-1,-1,-1
1104,-1,793,1050,1489,1378,0.9940191507339478,-1,-1,-1
1105,-1,705,1036,1421,1365,0.9933509230613708,-1,-1,-1
1106,-1,615,1022,1346,1359,0.9922786951065063,-1,-1,-1
1107,-1,505,1017,1260,1351,0.9930682182312012,-1,-1,-1
1108,-1,407,995,1187,1348,0.9910846948623657,-1,-1,-1
1109,-1,285,971,1104,1338,0.9914492964744568,-1,-1,-1
1110,-1,133,964,1014,1329,0.992451012134552,-1,-1,-1
1111,-1,8,938,922,1331,0.9905169606208801,-1,-1,-1
1112,-1,674,676,951,848,0.7422019243240356,-1,-1,-1
1112,-1,0,925,835,1338,0.7017651200294495,-1,-1,-1
1113,-1,667,679,928,844,0.7754973769187927,-1,-1,-1
1114,-1,647,672,927,849,0.7982593178749084,-1,-1,-1
1115,-1,640,675,911,843,0.9216414093971252,-1,-1,-1
1116,-1,619,670,904,848,0.889149010181427,-1,-1,-1
1117,-1,607,672,883,839,0.963161051273346,-1,-1,-1
1118,-1,591,663,879,846,0.896834135055542,-1,-1,-1
1119,-1,582,668,862,840,0.9469267129898071,-1,-1,-1
1120,-1,567,663,853,841,0.9556575417518616,-1,-1,-1
1121,-1,553,658,853,841,0.9314883947372437,-1,-1,-1
1122,-1,538,651,834,840,0.9408930540084839,-1,-1,-1
1123,-1,525,652,832,840,0.9606591463088989,-1,-1,-1
1124,-1,514,649,818,838,0.9671110510826111,-1,-1,-1
1125,-1,501,647,804,843,0.9813712239265442,-1,-1,-1
1126,-1,494,650,796,842,0.9656594395637512,-1,-1,-1
1127,-1,485,645,784,840,0.972724437713623,-1,-1,-1
1128,-1,472,647,776,836,0.9518040418624878,-1,-1,-1
1129,-1,466,644,766,836,0.9781786799430847,-1,-1,-1
1130,-1,457,643,758,840,0.9796477556228638,-1,-1,-1
1131,-1,453,637,749,842,0.9778598546981812,-1,-1,-1
1132,-1,447,637,745,841,0.9749626517295837,-1,-1,-1
1133,-1,441,638,743,843,0.9795551896095276,-1,-1,-1
1134,-1,436,635,740,847,0.9844089150428772,-1,-1,-1
1135,-1,435,638,734,849,0.9880228042602539,-1,-1,-1
1136,-1,427,642,717,855,0.9915823340415955,-1,-1,-1
1137,-1,426,642,710,857,0.9913164377212524,-1,-1,-1
1138,-1,422,644,704,862,0.9926418662071228,-1,-1,-1
1139,-1,418,646,700,866,0.9931274652481079,-1,-1,-1
1140,-1,416,646,694,872,0.9944644570350647,-1,-1,-1
1141,-1,409,648,688,877,0.9939629435539246,-1,-1,-1
1142,-1,407,655,688,882,0.9945706725120544,-1,-1,-1
1143,-1,405,654,680,885,0.993493378162384,-1,-1,-1
1144,-1,405,655,678,891,0.9930811524391174,-1,-1,-1
1145,-1,415,663,677,896,0.9937179088592529,-1,-1,-1
1146,-1,412,664,680,902,0.9936586022377014,-1,-1,-1
1147,-1,416,666,677,909,0.9946633577346802,-1,-1,-1
1148,-1,416,668,678,913,0.9942939877510071,-1,-1,-1
1149,-1,415,670,679,917,0.9916070699691772,-1,-1,-1
1150,-1,420,668,677,927,0.9923005104064941,-1,-1,-1
1151,-1,421,671,682,933,0.9913542866706848,-1,-1,-1
1152,-1,422,676,688,941,0.9917232394218445,-1,-1,-1
1153,-1,424,676,692,941,0.9919434785842896,-1,-1,-1
1154,-1,426,678,696,944,0.9916308522224426,-1,-1,-1
1155,-1,425,681,700,950,0.99134361743927,-1,-1,-1
1156,-1,419,684,705,963,0.9929270148277283,-1,-1,-1
1157,-1,420,689,711,970,0.9933764338493347,-1,-1,-1
1158,-1,428,698,720,984,0.9895758628845215,-1,-1,-1
1159,-1,419,695,720,992,0.988820493221283,-1,-1,-1
1160,-1,428,702,720,997,0.9905913472175598,-1,-1,-1
1161,-1,420,706,718,1010,0.9898916482925415,-1,-1,-1
1162,-1,415,706,720,1014,0.989909291267395,-1,-1,-1
1163,-1,414,712,719,1025,0.9904344081878662,-1,-1,-1
1164,-1,408,716,718,1035,0.9902211427688599,-1,-1,-1
1165,-1,401,722,720,1046,0.9909308552742004,-1,-1,-1
1166,-1,386,728,709,1057,0.9900968074798584,-1,-1,-1
1167,-1,371,737,705,1064,0.987136960029602,-1,-1,-1
1168,-1,357,747,708,1070,0.9829570055007935,-1,-1,-1
1169,-1,341,751,704,1084,0.9874087572097778,-1,-1,-1
1170,-1,308,757,697,1092,0.9891178011894226,-1,-1,-1
1171,-1,279,764,695,1105,0.9873805046081543,-1,-1,-1
1172,-1,247,764,691,1118,0.9879876375198364,-1,-1,-1
1173,-1,212,768,687,1127,0.9890746474266052,-1,-1,-1
1174,-1,154,773,665,1141,0.9872968196868896,-1,-1,-1
1175,-1,133,786,642,1149,0.9886192083358765,-1,-1,-1
1176,-1,69,789,627,1151,0.9876892566680908,-1,-1,-1
1177,-1,0,779,612,1171,0.9848389625549316,-1,-1,-1
1178,-1,0,782,593,1180,0.9214782118797302,-1,-1,-1
1264,-1,0,1088,1009,1785,0.6913877725601196,-1,-1,-1
1265,-1,0,1069,1144,1714,0.9900089502334595,-1,-1,-1
1266,-1,242,1068,1245,1664,0.9909370541572571,-1,-1,-1
1267,-1,438,1070,1330,1608,0.9923357367515564,-1,-1,-1
1268,-1,608,1069,1395,1566,0.9954914450645447,-1,-1,-1
1269,-1,739,1069,1460,1527,0.9961947202682495,-1,-1,-1
1270,-1,851,1071,1505,1498,0.9942593574523926,-1,-1,-1
1271,-1,963,1074,1549,1466,0.9952458739280701,-1,-1,-1
1272,-1,1050,1074,1590,1443,0.9947840571403503,-1,-1,-1
1273,-1,1120,1065,1628,1420,0.9942208528518677,-1,-1,-1
1274,-1,1188,1068,1658,1398,0.9947587847709656,-1,-1,-1
1275,-1,1234,1065,1684,1375,0.993601381778717,-1,-1,-1
1276,-1,1297,1062,1703,1358,0.9947032332420349,-1,-1,-1
1277,-1,1348,1060,1723,1342,0.9957565665245056,-1,-1,-1
1278,-1,1383,1056,1744,1329,0.9941295385360718,-1,-1,-1
1279,-1,1421,1055,1755,1315,0.9947640895843506,-1,-1,-1
1280,-1,1446,1051,1770,1302,0.9956121444702148,-1,-1,-1
1281,-1,1478,1049,1786,1295,0.9946987628936768,-1,-1,-1
1282,-1,1503,1046,1795,1281,0.9950173497200012,-1,-1,-1
1283,-1,1525,1046,1803,1271,0.9956329464912415,-1,-1,-1
1284,-1,1549,1048,1814,1262,0.9944730401039124,-1,-1,-1
1285,-1,1563,1043,1821,1254,0.9945578575134277,-1,-1,-1
1286,-1,1578,1041,1825,1243,0.99403977394104,-1,-1,-1
1287,-1,1598,1037,1829,1235,0.9932804703712463,-1,-1,-1
1288,-1,1604,1035,1837,1228,0.9931719303131104,-1,-1,-1
1289,-1,1618,1029,1839,1219,0.9951292276382446,-1,-1,-1
1290,-1,1626,1023,1845,1212,0.9945926070213318,-1,-1,-1
1291,-1,1637,1021,1848,1202,0.9943337440490723,-1,-1,-1
1292,-1,1642,1015,1852,1197,0.9936556816101074,-1,-1,-1
1293,-1,1649,1018,1853,1186,0.9951350092887878,-1,-1,-1
1294,-1,1658,1015,1853,1183,0.9946029782295227,-1,-1,-1
1295,-1,1665,1012,1854,1178,0.995411217212677,-1,-1,-1
1296,-1,1666,1010,1858,1172,0.9957643747329712,-1,-1,-1
1297,-1,1670,1010,1856,1163,0.9945571422576904,-1,-1,-1
1298,-1,1678,1004,1858,1158,0.9936357736587524,-1,-1,-1
1299,-1,1683,1002,1859,1151,0.9920176267623901,-1,-1,-1
1300,-1,1688,1001,1857,1146,0.9902817010879517,-1,-1,-1
1301,-1,1692,998,1858,1142,0.9889707565307617,-1,-1,-1
1302,-1,1690,998,1857,1138,0.9866181015968323,-1,-1,-1
1303,-1,1696,998,1861,1131,0.9690713286399841,-1,-1,-1
1304,-1,1700,997,1851,1124,0.9246931076049805,-1,-1,-1
1305,-1,1698,991,1857,1121,0.916050910949707,-1,-1,-1
1306,-1,1704,987,1853,1118,0.88924241065979,-1,-1,-1
1307,-1,1701,985,1859,1113,0.9046279788017273,-1,-1,-1
1308,-1,1703,984,1858,1111,0.9072374701499939,-1,-1,-1
1309,-1,1708,983,1853,1108,0.9137762784957886,-1,-1,-1
1310,-1,1713,981,1852,1105,0.8631722927093506,-1,-1,-1
1311,-1,1715,976,1851,1102,0.840905487537384,-1,-1,-1
1312,-1,1716,973,1852,1099,0.7408527135848999,-1,-1,-1
1313,-1,1717,973,1850,1094,0.7252476811408997,-1,-1,-1
1364,-1,1612,944,1741,1056,0.6018393635749817,-1,-1,-1
1365,-1,1601,942,1742,1058,0.6582602262496948,-1,-1,-1
1366,-1,1598,943,1738,1062,0.6140175461769104,-1,-1,-1
1367,-1,1594,942,1734,1068,0.7784904837608337,-1,-1,-1
1368,-1,1590,947,1721,1069,0.7949626445770264,-1,-1,-1
1369,-1,1574,945,1720,1071,0.8545593023300171,-1,-1,-1
1370,-1,1570,947,1713,1076,0.9010288119316101,-1,-1,-1
1371,-1,1563,948,1712,1080,0.9415960907936096,-1,-1,-1
1372,-1,1554,951,1708,1084,0.9520838260650635,-1,-1,-1
1373,-1,1537,955,1700,1088,0.9498701095581055,-1,-1,-1
1374,-1,1522,954,1697,1093,0.9800025224685669,-1,-1,-1
1375,-1,1510,956,1687,1095,0.9709346294403076,-1,-1,-1
1376,-1,1493,954,1683,1102,0.9811667799949646,-1,-1,-1
1377,-1,1481,961,1672,1107,0.9858602285385132,-1,-1,-1
1378,-1,1459,962,1656,1115,0.9812193512916565,-1,-1,-1
1379,-1,1440,960,1643,1117,0.9807153940200806,-1,-1,-1
1380,-1,1415,963,1635,1125,0.9813138246536255,-1,-1,-1
1381,-1,1397,960,1616,1134,0.9759459495544434,-1,-1,-1
1382,-1,1366,962,1600,1137,0.9743862152099609,-1,-1,-1
1383,-1,1332,957,1584,1140,0.9667246341705322,-1,-1,-1
1384,-1,1304,952,1560,1145,0.9354473352432251,-1,-1,-1
1385,-1,1269,953,1536,1149,0.9038466215133667,-1,-1,-1
1386,-1,1230,960,1515,1151,0.8067383170127869,-1,-1,-1
1387,-1,1185,958,1486,1155,0.949735701084137,-1,-1,-1
1388,-1,1130,954,1454,1162,0.9854407906532288,-1,-1,-1
1389,-1,1075,953,1422,1167,0.9892987012863159,-1,-1,-1
1390,-1,1014,951,1387,1173,0.9890523552894592,-1,-1,-1
1391,-1,948,944,1338,1181,0.990888237953186,-1,-1,-1
1392,-1,853,944,1297,1184,0.991796612739563,-1,-1,-1
1393,-1,774,936,1245,1193,0.993026614189148,-1,-1,-1
1394,-1,674,930,1197,1202,0.9929949641227722,-1,-1,-1
1395,-1,553,920,1115,1206,0.9945677518844604,-1,-1,-1
1396,-1,425,906,1041,1215,0.993807852268219,-1,-1,-1
1397,-1,315,911,954,1213,0.9937087297439575,-1,-1,-1
1398,-1,134,888,881,1226,0.992797315120697,-1,-1,-1
1399,-1,0,876,797,1230,0.9886975288391113,-1,-1,-1
1636,-1,0,1054,953,1631,0.7248526215553284,-1,-1,-1
1637,-1,157,1060,1107,1565,0.9876790642738342,-1,-1,-1
1638,-1,424,1058,1224,1521,0.9938029050827026,-1,-1,-1
1639,-1,611,1057,1333,1476,0.9942016005516052,-1,-1,-1
1640,-1,799,1066,1398,1441,0.9927899837493896,-1,-1,-1
1641,-1,923,1071,1473,1412,0.993341863155365,-1,-1,-1
1642,-1,1032,1067,1532,1383,0.9948855042457581,-1,-1,-1
1643,-1,1130,1068,1573,1361,0.99458247423172,-1,-1,-1
1644,-1,1205,1064,1613,1339,0.994269609451294,-1,-1,-1
1645,-1,1275,1060,1642,1319,0.9947513937950134,-1,-1,-1
1646,-1,1332,1060,1676,1303,0.9950821399688721,-1,-1,-1
1647,-1,1372,1053,1697,1290,0.9952279329299927,-1,-1,-1
1648,-1,1424,1056,1721,1273,0.9955019354820251,-1,-1,-1
1649,-1,1462,1050,1738,1262,0.9953762292861938,-1,-1,-1
1650,-1,1493,1050,1755,1252,0.9943581223487854,-1,-1,-1
1651,-1,1522,1047,1767,1241,0.9933179616928101,-1,-1,-1
1652,-1,1547,1046,1783,1232,0.9954332709312439,-1,-1,-1
1653,-1,1564,1040,1790,1222,0.9926488995552063,-1,-1,-1
1654,-1,1585,1035,1802,1212,0.9947658777236938,-1,-1,-1
1655,-1,1602,1033,1810,1203,0.9925359487533569,-1,-1,-1
1656,-1,1616,1028,1817,1193,0.9946073889732361,-1,-1,-1
1657,-1,1627,1023,1821,1184,0.9959840774536133,-1,-1,-1
1658,-1,1639,1022,1828,1178,0.9955262541770935,-1,-1,-1
1659,-1,1648,1022,1834,1168,0.9935454726219177,-1,-1,-1
1660,-1,1662,1021,1831,1162,0.9916866421699524,-1,-1,-1
1661,-1,1668,1018,1836,1157,0.987550675868988,-1,-1,-1
1662,-1,1677,1014,1839,1151,0.9853396415710449,-1,-1,-1
1663,-1,1683,1013,1841,1143,0.9870954751968384,-1,-1,-1
1664,-1,1691,1010,1844,1141,0.9729243516921997,-1,-1,-1
1665,-1,1697,1013,1851,1132,0.9591727256774902,-1,-1,-1
1666,-1,1702,1008,1846,1126,0.9429813027381897,-1,-1,-1
1667,-1,1708,1006,1844,1124,0.9015220999717712,-1,-1,-1
1668,-1,1711,999,1847,1120,0.8726232051849365,-1,-1,-1
1669,-1,1713,997,1848,1114,0.8233792781829834,-1,-1,-1
1670,-1,1718,995,1846,1110,0.7147767543792725,-1,-1,-1
1671,-1,1722,998,1846,1103,0.7562783360481262,-1,-1,-1
1672,-1,1722,992,1846,1101,0.6332765817642212,-1,-1,-1
1788,-1,0,1070,1009,1740,0.926565945148468,-1,-1,-1
1789,-1,180,1066,1150,1653,0.9823855757713318,-1,-1,-1
1790,-1,481,1060,1259,1604,0.9829670190811157,-1,-1,-1
1791,-1,684,1075,1387,1539,0.9937478303909302,-1,-1,-1
1792,-1,849,1075,1468,1488,0.9946738481521606,-1,-1,-1
1793,-1,973,1071,1521,1450,0.9914293885231018,-1,-1,-1
1794,-1,1085,1066,1572,1427,0.9930904507637024,-1,-1,-1
1795,-1,1177,1066,1618,1398,0.9917439818382263,-1,-1,-1
1796,-1,1256,1063,1659,1368,0.992436945438385,-1,-1,-1
1797,-1,1321,1060,1688,1346,0.9931750893592834,-1,-1,-1
1798,-1,1380,1061,1717,1325,0.9934654831886292,-1,-1,-1
1799,-1,1423,1059,1740,1309,0.9936202168464661,-1,-1,-1
1800,-1,1463,1055,1759,1296,0.9936409592628479,-1,-1,-1
1801,-1,1498,1050,1773,1282,0.9920963048934937,-1,-1,-1
1802,-1,1530,1050,1786,1265,0.9940657615661621,-1,-1,-1
1803,-1,1561,1047,1800,1255,0.9874536991119385,-1,-1,-1
1804,-1,1577,1045,1809,1243,0.9909165501594543,-1,-1,-1
1805,-1,1592,1040,1816,1232,0.9939864873886108,-1,-1,-1
1806,-1,1612,1034,1820,1220,0.9938564896583557,-1,-1,-1
1807,-1,1621,1023,1830,1214,0.9932271838188171,-1,-1,-1
1808,-1,1633,1024,1833,1200,0.9944924116134644,-1,-1,-1
1809,-1,1646,1021,1839,1190,0.9926884174346924,-1,-1,-1
1810,-1,1659,1018,1842,1186,0.9939566850662231,-1,-1,-1
1811,-1,1666,1018,1844,1177,0.9941904544830322,-1,-1,-1
1812,-1,1673,1017,1845,1169,0.9908320307731628,-1,-1,-1
1813,-1,1683,1015,1849,1163,0.9867050051689148,-1,-1,-1
1814,-1,1685,1012,1855,1157,0.9837440848350525,-1,-1,-1
1815,-1,1695,1007,1855,1149,0.9808881282806396,-1,-1,-1
1816,-1,1700,1008,1859,1142,0.9844712018966675,-1,-1,-1
1817,-1,1707,1002,1861,1139,0.9808061122894287,-1,-1,-1
1818,-1,1711,1002,1860,1134,0.9786664247512817,-1,-1,-1
1819,-1,1714,998,1857,1126,0.9571482539176941,-1,-1,-1
1820,-1,1719,999,1855,1122,0.9149060249328613,-1,-1,-1
1821,-1,1720,992,1855,1117,0.8995251059532166,-1,-1,-1
1822,-1,1725,988,1853,1114,0.8734865784645081,-1,-1,-1
1823,-1,1726,985,1855,1111,0.7442688941955566,-1,-1,-1
1824,-1,1727,985,1852,1103,0.6676241755485535,-1,-1,-1
1902,-1,0,490,435,839,0.8557407855987549,-1,-1,-1
1903,-1,0,497,450,846,0.9066306948661804,-1,-1,-1
1904,-1,0,499,481,855,0.9416148066520691,-1,-1,-1
1905,-1,0,506,503,858,0.971453070640564,-1,-1,-1
1906,-1,0,508,517,863,0.9825916290283203,-1,-1,-1
1907,-1,2,528,522,877,0.9829329252243042,-1,-1,-1
1908,-1,11,534,534,880,0.9812328815460205,-1,-1,-1
1909,-1,25,538,545,884,0.983534038066864,-1,-1,-1
1910,-1,40,541,572,898,0.9876602292060852,-1,-1,-1
1911,-1,58,546,584,901,0.988836407661438,-1,-1,-1
1912,-1,67,544,599,903,0.9884997010231018,-1,-1,-1
1913,-1,87,554,606,908,0.9898384809494019,-1,-1,-1
1914,-1,97,566,617,918,0.9891421794891357,-1,-1,-1
1915,-1,111,553,640,921,0.9906294941902161,-1,-1,-1
1916,-1,122,554,647,927,0.9903873801231384,-1,-1,-1
1917,-1,132,557,654,930,0.989624559879303,-1,-1,-1
1918,-1,136,565,682,936,0.9899846315383911,-1,-1,-1
1919,-1,159,573,688,939,0.989547610282898,-1,-1,-1
1920,-1,166,578,699,943,0.9904608130455017,-1,-1,-1
1921,-1,165,591,697,948,0.9898029565811157,-1,-1,-1
1922,-1,175,591,708,950,0.9898056983947754,-1,-1,-1
1923,-1,182,592,729,954,0.9893894791603088,-1,-1,-1
1924,-1,192,601,713,960,0.9893045425415039,-1,-1,-1
1925,-1,199,595,737,960,0.9907676577568054,-1,-1,-1
1926,-1,204,600,726,970,0.9898452758789062,-1,-1,-1
1927,-1,204,596,739,962,0.9906685948371887,-1,-1,-1
1928,-1,203,600,729,975,0.9900698065757751,-1,-1,-1
1929,-1,208,600,734,976,0.9911211729049683,-1,-1,-1
1930,-1,212,603,735,980,0.9907492995262146,-1,-1,-1
1931,-1,219,604,738,983,0.9910344481468201,-1,-1,-1
1932,-1,226,600,768,981,0.9909995198249817,-1,-1,-1
1933,-1,231,605,769,983,0.9911647439002991,-1,-1,-1
1934,-1,238,617,751,997,0.990856409072876,-1,-1,-1
1935,-1,250,618,754,1001,0.9910045862197876,-1,-1,-1
1936,-1,247,619,777,1009,0.9909434914588928,-1,-1,-1
1937,-1,276,625,788,1016,0.9906141757965088,-1,-1,-1
1938,-1,268,626,802,1027,0.9898596405982971,-1,-1,-1
1939,-1,294,637,813,1036,0.9892165660858154,-1,-1,-1
1940,-1,305,640,826,1045,0.990170419216156,-1,-1,-1
1941,-1,320,650,847,1060,0.9890794157981873,-1,-1,-1
1942,-1,345,659,871,1065,0.9909765124320984,-1,-1,-1
1943,-1,362,662,887,1075,0.989124059677124,-1,-1,-1
1944,-1,366,671,906,1083,0.9933921694755554,-1,-1,-1
1945,-1,390,686,934,1091,0.9933248162269592,-1,-1,-1
1946,-1,398,698,962,1100,0.9929897785186768,-1,-1,-1
1947,-1,426,708,983,1118,0.9940279722213745,-1,-1,-1
1948,-1,451,729,1017,1128,0.992572546005249,-1,-1,-1
1949,-1,461,742,1053,1135,0.9921687245368958,-1,-1,-1
1950,-1,489,753,1074,1147,0.9921689629554749,-1,-1,-1
1951,-1,539,769,1116,1169,0.9958423972129822,-1,-1,-1
1952,-1,561,783,1159,1177,0.9937501549720764,-1,-1,-1
1953,-1,600,796,1184,1197,0.9960869550704956,-1,-1,-1
1954,-1,639,806,1221,1215,0.9955518841743469,-1,-1,-1
1955,-1,684,817,1264,1228,0.9931260347366333,-1,-1,-1
1956,-1,731,833,1309,1242,0.9938597679138184,-1,-1,-1
1957,-1,766,846,1340,1255,0.9916622638702393,-1,-1,-1
1958,-1,811,857,1389,1264,0.9928172826766968,-1,-1,-1
1959,-1,849,872,1433,1279,0.9886391162872314,-1,-1,-1
1960,-1,911,888,1480,1285,0.9894149303436279,-1,-1,-1
1961,-1,938,896,1511,1291,0.9896787405014038,-1,-1,-1
1962,-1,983,902,1563,1297,0.9912576675415039,-1,-1,-1
1963,-1,1041,917,1594,1313,0.9897828698158264,-1,-1,-1
1964,-1,1077,929,1635,1318,0.9933779835700989,-1,-1,-1
1965,-1,1120,954,1653,1327,0.9880608320236206,-1,-1,-1
1966,-1,1153,957,1697,1328,0.9900555610656738,-1,-1,-1
1967,-1,1180,972,1733,1333,0.9922123551368713,-1,-1,-1
1968,-1,1223,971,1742,1342,0.9882921576499939,-1,-1,-1
1969,-1,1262,986,1772,1338,0.9923003911972046,-1,-1,-1
1970,-1,1297,991,1792,1335,0.9935542345046997,-1,-1,-1
1971,-1,1336,1004,1813,1334,0.9939703941345215,-1,-1,-1
1972,-1,1365,1010,1832,1333,0.9942637085914612,-1,-1,-1
1973,-1,1397,1013,1845,1329,0.9926086068153381,-1,-1,-1
1974,-1,1428,1021,1857,1325,0.9929347634315491,-1,-1,-1
1975,-1,1459,1025,1873,1324,0.991794764995575,-1,-1,-1
1976,-1,1480,1029,1877,1330,0.9899402260780334,-1,-1,-1
1977,-1,1511,1033,1890,1321,0.9870545268058777,-1,-1,-1
1978,-1,1533,1038,1902,1319,0.982260525226593,-1,-1,-1
1979,-1,1560,1030,1911,1312,0.9715309143066406,-1,-1,-1
1980,-1,1572,1040,1905,1306,0.971453070640564,-1,-1,-1
1981,-1,1595,1044,1919,1304,0.9755949378013611,-1,-1,-1
1982,-1,1617,1046,1926,1303,0.9073963761329651,-1,-1,-1
1983,-1,1634,1044,1930,1299,0.922580361366272,-1,-1,-1
1986,-1,1675,1046,1948,1280,0.7366753220558167,-1,-1,-1
1999,-1,1742,1013,1941,1201,0.6555582284927368,-1,-1,-1
2000,-1,1750,1013,1936,1194,0.6426113843917847,-1,-1,-1
2002,-1,1624,939,1759,1062,0.7228679656982422,-1,-1,-1
2003,-1,1613,940,1759,1065,0.7196165919303894,-1,-1,-1
2004,-1,1612,941,1756,1066,0.7265676259994507,-1,-1,-1
2005,-1,1612,941,1755,1069,0.8056946992874146,-1,-1,-1
2006,-1,1612,944,1751,1072,0.850191056728363,-1,-1,-1
2007,-1,1607,947,1751,1072,0.8991957306861877,-1,-1,-1
2008,-1,1608,945,1750,1076,0.8967654705047607,-1,-1,-1
2009,-1,1604,947,1749,1078,0.8938263654708862,-1,-1,-1
2010,-1,1601,947,1749,1082,0.8905476331710815,-1,-1,-1
2011,-1,1600,947,1749,1083,0.9416632056236267,-1,-1,-1
2012,-1,1593,949,1747,1082,0.953980028629303,-1,-1,-1
2013,-1,1591,950,1747,1082,0.9500598907470703,-1,-1,-1
2014,-1,1588,946,1745,1089,0.9237090349197388,-1,-1,-1
2015,-1,1579,951,1744,1091,0.9692632555961609,-1,-1,-1
2016,-1,1573,955,1744,1090,0.9762865900993347,-1,-1,-1
2017,-1,1569,956,1741,1094,0.9825603365898132,-1,-1,-1
2018,-1,1563,955,1738,1102,0.9841076135635376,-1,-1,-1
2018,-1,1746,969,1899,1111,0.621885359287262,-1,-1,-1
2019,-1,1558,955,1736,1103,0.9871658682823181,-1,-1,-1
2020,-1,1553,959,1735,1107,0.9845356345176697,-1,-1,-1
2020,-1,1745,968,1893,1107,0.6399062871932983,-1,-1,-1
2021,-1,1550,957,1731,1106,0.9890655279159546,-1,-1,-1
2021,-1,1746,968,1890,1101,0.6406110525131226,-1,-1,-1
2022,-1,1546,955,1731,1111,0.9865895509719849,-1,-1,-1
2023,-1,1539,958,1728,1115,0.9872870445251465,-1,-1,-1
2024,-1,1530,959,1725,1118,0.9908558130264282,-1,-1,-1
2025,-1,1522,960,1722,1123,0.988315999507904,-1,-1,-1
2026,-1,1514,961,1715,1124,0.987392008304596,-1,-1,-1
2027,-1,1375,966,1624,1159,0.9787923693656921,-1,-1,-1
2028,-1,1353,966,1608,1158,0.96595698595047,-1,-1,-1
2029,-1,1329,957,1606,1160,0.9538666009902954,-1,-1,-1
2030,-1,1310,953,1591,1165,0.9416077136993408,-1,-1,-1
2031,-1,1279,952,1576,1168,0.7943391799926758,-1,-1,-1
2032,-1,1252,944,1556,1172,0.8764442801475525,-1,-1,-1
2033,-1,1223,945,1539,1174,0.9176236391067505,-1,-1,-1
2034,-1,1186,950,1523,1181,0.9571558833122253,-1,-1,-1
2035,-1,1153,945,1502,1180,0.9561626315116882,-1,-1,-1
2036,-1,1109,940,1479,1187,0.9816083312034607,-1,-1,-1
2037,-1,1075,933,1457,1188,0.9856352806091309,-1,-1,-1
2038,-1,1025,938,1436,1194,0.9860479831695557,-1,-1,-1
2039,-1,995,932,1409,1197,0.98536217212677,-1,-1,-1
2040,-1,931,928,1371,1197,0.9892304539680481,-1,-1,-1
2041,-1,857,931,1337,1204,0.9898285865783691,-1,-1,-1
2042,-1,812,918,1305,1207,0.9896177649497986,-1,-1,-1
2043,-1,745,910,1275,1216,0.9912774562835693,-1,-1,-1
2044,-1,679,907,1236,1218,0.9918190240859985,-1,-1,-1
2045,-1,584,896,1183,1219,0.9931566119194031,-1,-1,-1
2046,-1,500,890,1128,1222,0.9945617318153381,-1,-1,-1
2047,-1,399,876,1068,1227,0.9947472214698792,-1,-1,-1
2048,-1,295,863,1000,1226,0.9931949377059937,-1,-1,-1
2049,-1,172,855,944,1232,0.9943214654922485,-1,-1,-1
2050,-1,49,826,848,1245,0.9924806356430054,-1,-1,-1
2051,-1,0,810,767,1251,0.708000898361206,-1,-1,-1
2180,-1,690,1153,1344,1581,0.9909405708312988,-1,-1,-1
2181,-1,872,1144,1455,1530,0.9939817786216736,-1,-1,-1
2182,-1,1001,1129,1512,1489,0.9913191199302673,-1,-1,-1
2183,-1,1105,1123,1565,1460,0.993157684803009,-1,-1,-1
2184,-1,1197,1120,1610,1425,0.9931434392929077,-1,-1,-1
2185,-1,1276,1114,1668,1399,0.9924578666687012,-1,-1,-1
2186,-1,1340,1110,1700,1373,0.9918012022972107,-1,-1,-1
2187,-1,1395,1099,1722,1354,0.9923478364944458,-1,-1,-1
2188,-1,1441,1091,1749,1335,0.9921396374702454,-1,-1,-1
2189,-1,1484,1092,1769,1321,0.9905849099159241,-1,-1,-1
2190,-1,1520,1088,1788,1305,0.9931086301803589,-1,-1,-1
2190,-1,1558,945,1715,1082,0.6876512765884399,-1,-1,-1
2191,-1,1552,1086,1795,1291,0.9914764761924744,-1,-1,-1
2191,-1,1550,947,1712,1084,0.8497487306594849,-1,-1,-1
2192,-1,1575,1080,1818,1278,0.9916895627975464,-1,-1,-1
2192,-1,1532,949,1707,1087,0.8439177870750427,-1,-1,-1
2193,-1,1604,1074,1826,1269,0.9925820827484131,-1,-1,-1
2193,-1,1523,952,1699,1088,0.9309506416320801,-1,-1,-1
2194,-1,1618,1070,1837,1258,0.9944126009941101,-1,-1,-1
2194,-1,1508,951,1693,1093,0.9707036018371582,-1,-1,-1
2195,-1,1635,1065,1842,1246,0.9907981157302856,-1,-1,-1
2195,-1,1501,952,1685,1097,0.9808124303817749,-1,-1,-1
2196,-1,1653,1063,1850,1233,0.9866932034492493,-1,-1,-1
2196,-1,1484,954,1674,1098,0.9727067947387695,-1,-1,-1
2197,-1,1668,1059,1856,1223,0.9831945300102234,-1,-1,-1
2197,-1,1467,957,1667,1104,0.9828349351882935,-1,-1,-1
2198,-1,1455,954,1652,1111,0.9871137142181396,-1,-1,-1
2198,-1,1683,1058,1863,1217,0.984936535358429,-1,-1,-1
2199,-1,1437,954,1643,1112,0.9836411476135254,-1,-1,-1
2199,-1,1691,1052,1868,1208,0.9828295111656189,-1,-1,-1
2200,-1,1697,1045,1873,1195,0.9875913858413696,-1,-1,-1
2200,-1,1416,953,1626,1118,0.9861701726913452,-1,-1,-1
2201,-1,1390,953,1611,1122,0.9861261248588562,-1,-1,-1
2201,-1,1706,1041,1872,1189,0.9839916825294495,-1,-1,-1
2202,-1,1713,1044,1875,1184,0.9847714304924011,-1,-1,-1
2202,-1,1374,953,1592,1129,0.9718481302261353,-1,-1,-1
2203,-1,1717,1040,1876,1174,0.981268584728241,-1,-1,-1
2203,-1,1338,953,1576,1130,0.9720399975776672,-1,-1,-1
2204,-1,1301,950,1552,1131,0.9874683618545532,-1,-1,-1
2204,-1,1725,1036,1876,1166,0.9558566212654114,-1,-1,-1
2205,-1,1258,949,1532,1137,0.9738785624504089,-1,-1,-1
2205,-1,1728,1029,1875,1162,0.9200150370597839,-1,-1,-1
2206,-1,1225,949,1504,1142,0.9705786108970642,-1,-1,-1
2206,-1,1728,1022,1877,1156,0.8081790804862976,-1,-1,-1
2207,-1,1178,953,1474,1146,0.9458423852920532,-1,-1,-1
2207,-1,1736,1017,1878,1153,0.7477771043777466,-1,-1,-1
2208,-1,1123,947,1439,1151,0.9353097677230835,-1,-1,-1
2208,-1,1740,1017,1880,1149,0.8511416912078857,-1,-1,-1
2209,-1,1060,943,1407,1154,0.9277247786521912,-1,-1,-1
2209,-1,1743,1011,1883,1145,0.7813721895217896,-1,-1,-1
2210,-1,998,932,1377,1158,0.9698889255523682,-1,-1,-1
2210,-1,1747,1012,1885,1140,0.7841376662254333,-1,-1,-1
2211,-1,912,930,1319,1166,0.9765035510063171,-1,-1,-1
2211,-1,1746,1008,1886,1133,0.6527000665664673,-1,-1,-1
2212,-1,845,932,1274,1172,0.9829315543174744,-1,-1,-1
2213,-1,734,920,1214,1174,0.9884125590324402,-1,-1,-1
2214,-1,605,913,1144,1182,0.9916468262672424,-1,-1,-1
2215,-1,490,903,1082,1181,0.9923674464225769,-1,-1,-1
2216,-1,346,892,976,1186,0.9912320971488953,-1,-1,-1
2217,-1,127,872,861,1191,0.991305410861969,-1,-1,-1
2218,-1,0,833,739,1197,0.8412553668022156,-1,-1,-1
