240,-1,711,782,871,903,0.7617118954658508,-1,-1,-1
241,-1,719,781,883,910,0.8735572099685669,-1,-1,-1
242,-1,734,783,903,911,0.8763576745986938,-1,-1,-1
243,-1,750,783,914,920,0.9404115080833435,-1,-1,-1
244,-1,760,787,930,923,0.9620174169540405,-1,-1,-1
245,-1,774,786,947,931,0.9805071353912354,-1,-1,-1
246,-1,784,790,967,936,0.9870150089263916,-1,-1,-1
247,-1,798,793,989,939,0.9934505224227905,-1,-1,-1
248,-1,814,795,1008,944,0.9917893409729004,-1,-1,-1
249,-1,828,796,1032,949,0.9915071725845337,-1,-1,-1
250,-1,842,798,1052,955,0.993423342704773,-1,-1,-1
251,-1,857,798,1074,963,0.994377076625824,-1,-1,-1
252,-1,879,797,1099,971,0.9922046661376953,-1,-1,-1
253,-1,897,800,1133,977,0.9931255578994751,-1,-1,-1
254,-1,915,804,1165,986,0.9943554401397705,-1,-1,-1
255,-1,941,804,1203,996,0.9933356046676636,-1,-1,-1
256,-1,965,812,1233,1010,0.9929044842720032,-1,-1,-1
257,-1,983,809,1282,1030,0.9946805834770203,-1,-1,-1
258,-1,1019,814,1338,1037,0.992081880569458,-1,-1,-1
259,-1,1057,821,1400,1056,0.9934149980545044,-1,-1,-1
260,-1,1093,822,1457,1076,0.9938114285469055,-1,-1,-1
261,-1,1132,829,1555,1103,0.9943000078201294,-1,-1,-1
262,-1,1173,832,1650,1135,0.9938074946403503,-1,-1,-1
263,-1,1233,839,1768,1171,0.9942247271537781,-1,-1,-1
264,-1,1313,852,1905,1204,0.9939889907836914,-1,-1,-1
265,-1,1390,861,2084,1259,0.9933314919471741,-1,-1,-1
266,-1,1504,876,2301,1333,0.9936695694923401,-1,-1,-1
267,-1,1641,886,2560,1417,0.9903343319892883,-1,-1,-1
511,-1,2192,650,2389,800,0.7101595401763916,-1,-1,-1
512,-1,2166,658,2357,800,0.8162917494773865,-1,-1,-1
513,-1,2139,661,2328,802,0.7362505793571472,-1,-1,-1
515,-1,2079,662,2263,802,0.770322322845459,-1,-1,-1
516,-1,2053,655,2239,797,0.7417021989822388,-1,-1,-1
518,-1,2012,664,2183,802,0.7631608247756958,-1,-1,-1
519,-1,1983,663,2157,800,0.8279821872711182,-1,-1,-1
520,-1,1960,668,2131,797,0.6436125636100769,-1,-1,-1
521,-1,1933,674,2110,795,0.7071957588195801,-1,-1,-1
522,-1,1914,668,2081,796,0.6483708620071411,-1,-1,-1
525,-1,1851,672,2005,795,0.6192494630813599,-1,-1,-1
731,-1,1961,642,2560,974,0.9562004804611206,-1,-1,-1
732,-1,1844,645,2460,953,0.9908479452133179,-1,-1,-1
733,-1,1765,649,2316,940,0.993998646736145,-1,-1,-1
734,-1,1686,656,2184,927,0.9925071597099304,-1,-1,-1
735,-1,1619,661,2067,914,0.9945812821388245,-1,-1,-1
736,-1,1555,664,1970,903,0.9933470487594604,-1,-1,-1
737,-1,1491,670,1890,902,0.9930874705314636,-1,-1,-1
738,-1,1455,675,1816,888,0.9946466088294983,-1,-1,-1
739,-1,1411,675,1742,884,0.9929157495498657,-1,-1,-1
740,-1,1372,675,1682,876,0.9948626160621643,-1,-1,-1
741,-1,1327,681,1629,874,0.9918220639228821,-1,-1,-1
742,-1,1296,680,1577,867,0.9892210364341736,-1,-1,-1
743,-1,1266,685,1530,864,0.9566075205802917,-1,-1,-1
746,-1,1178,696,1408,855,0.7448799014091492,-1,-1,-1
747,-1,1157,697,1374,852,0.8722265362739563,-1,-1,-1
748,-1,1132,697,1339,853,0.9385023713111877,-1,-1,-1
749,-1,1104,701,1315,850,0.9652817249298096,-1,-1,-1
750,-1,1086,704,1287,843,0.9413866400718689,-1,-1,-1
751,-1,1064,703,1258,841,0.801582396030426,-1,-1,-1
752,-1,1042,708,1234,842,0.8192601799964905,-1,-1,-1
753,-1,1019,706,1205,842,0.8562584519386292,-1,-1,-1
754,-1,1002,707,1182,840,0.9422926902770996,-1,-1,-1
755,-1,987,713,1164,838,0.9534595012664795,-1,-1,-1
756,-1,968,713,1140,837,0.9230236411094666,-1,-1,-1
757,-1,954,714,1121,833,0.9376811385154724,-1,-1,-1
758,-1,937,711,1103,836,0.9511428475379944,-1,-1,-1
759,-1,924,715,1083,832,0.8626430034637451,-1,-1,-1
759,-1,665,751,824,869,0.7560731768608093,-1,-1,-1
760,-1,910,716,1063,834,0.8740414977073669,-1,-1,-1
760,-1,671,748,835,871,0.8601716160774231,-1,-1,-1
761,-1,687,751,846,874,0.7207030057907104,-1,-1,-1
761,-1,894,715,1049,834,0.7156721353530884,-1,-1,-1
762,-1,880,719,1035,831,0.6070581674575806,-1,-1,-1
763,-1,709,755,867,878,0.8712177276611328,-1,-1,-1
763,-1,864,722,1016,832,0.6977684497833252,-1,-1,-1
764,-1,711,752,880,883,0.9725689888000488,-1,-1,-1
764,-1,853,725,999,834,0.6777734756469727,-1,-1,-1
765,-1,719,754,889,886,0.9514171481132507,-1,-1,-1
766,-1,727,755,895,889,0.9690268635749817,-1,-1,-1
767,-1,734,754,902,891,0.9849895238876343,-1,-1,-1
768,-1,739,754,918,894,0.9846832156181335,-1,-1,-1
769,-1,1891,639,2554,935,0.9895510077476501,-1,-1,-1
769,-1,744,751,934,897,0.9819808602333069,-1,-1,-1
770,-1,1796,640,2426,925,0.9913802742958069,-1,-1,-1
770,-1,759,747,945,898,0.9858518838882446,-1,-1,-1
771,-1,1711,638,2289,914,0.9927514791488647,-1,-1,-1
771,-1,764,745,955,901,0.9870796799659729,-1,-1,-1
772,-1,1650,654,2189,902,0.9914085268974304,-1,-1,-1
772,-1,770,751,966,906,0.9873175024986267,-1,-1,-1
773,-1,784,755,978,908,0.9938856959342957,-1,-1,-1
773,-1,1593,656,2075,895,0.9911631345748901,-1,-1,-1
774,-1,1531,658,1968,880,0.9919782876968384,-1,-1,-1
774,-1,796,755,986,908,0.9911353588104248,-1,-1,-1
775,-1,799,754,1004,914,0.9936051964759827,-1,-1,-1
775,-1,1483,661,1882,874,0.9902769327163696,-1,-1,-1
776,-1,803,753,1016,918,0.9952310919761658,-1,-1,-1
776,-1,1448,668,1812,865,0.9949808716773987,-1,-1,-1
777,-1,809,756,1026,919,0.9946187734603882,-1,-1,-1
777,-1,1405,665,1746,863,0.9924539923667908,-1,-1,-1
778,-1,814,754,1035,928,0.9953717589378357,-1,-1,-1
778,-1,1364,669,1688,856,0.9931326508522034,-1,-1,-1
779,-1,827,758,1054,930,0.9939122200012207,-1,-1,-1
779,-1,1322,668,1631,856,0.992272138595581,-1,-1,-1
780,-1,834,757,1073,933,0.9943791031837463,-1,-1,-1
780,-1,1293,670,1580,853,0.991710901260376,-1,-1,-1
781,-1,845,756,1081,935,0.9933260679244995,-1,-1,-1
781,-1,1260,672,1536,849,0.9927775859832764,-1,-1,-1
782,-1,851,759,1087,944,0.9929400682449341,-1,-1,-1
782,-1,1231,676,1490,846,0.9753261804580688,-1,-1,-1
783,-1,864,759,1103,949,0.9935909509658813,-1,-1,-1
783,-1,1198,680,1450,847,0.9740669131278992,-1,-1,-1
784,-1,873,758,1123,954,0.9945287108421326,-1,-1,-1
784,-1,1168,682,1411,846,0.8463631272315979,-1,-1,-1
785,-1,877,762,1138,959,0.9939841628074646,-1,-1,-1
786,-1,887,765,1147,962,0.9940351843833923,-1,-1,-1
786,-1,1126,694,1344,838,0.8314414620399475,-1,-1,-1
787,-1,897,764,1170,972,0.9938892126083374,-1,-1,-1
788,-1,912,767,1191,980,0.9944920539855957,-1,-1,-1
789,-1,922,769,1211,987,0.9942814111709595,-1,-1,-1
790,-1,927,771,1236,995,0.9944865107536316,-1,-1,-1
791,-1,939,774,1259,1007,0.9932630658149719,-1,-1,-1
792,-1,951,771,1284,1020,0.9924607872962952,-1,-1,-1
793,-1,966,777,1312,1023,0.993451714515686,-1,-1,-1
794,-1,982,778,1351,1037,0.9935610294342041,-1,-1,-1
795,-1,990,778,1372,1054,0.9945923686027527,-1,-1,-1
796,-1,1012,780,1422,1061,0.9944919347763062,-1,-1,-1
797,-1,1025,778,1451,1072,0.993606448173523,-1,-1,-1
798,-1,1040,772,1500,1088,0.9926382303237915,-1,-1,-1
799,-1,1063,773,1556,1106,0.9931974411010742,-1,-1,-1
800,-1,1088,770,1610,1126,0.9929268956184387,-1,-1,-1
801,-1,1102,774,1670,1143,0.9930428266525269,-1,-1,-1
801,-1,840,734,988,835,0.7034163475036621,-1,-1,-1
802,-1,1132,781,1719,1161,0.9919151067733765,-1,-1,-1
802,-1,828,735,973,837,0.7954438924789429,-1,-1,-1
803,-1,1156,784,1797,1181,0.9924942255020142,-1,-1,-1
804,-1,1195,784,1889,1206,0.9923473596572876,-1,-1,-1
805,-1,1250,789,1974,1232,0.9926687479019165,-1,-1,-1
806,-1,1288,792,2085,1271,0.9920809864997864,-1,-1,-1
807,-1,1339,785,2208,1307,0.993191659450531,-1,-1,-1
808,-1,1382,771,2350,1343,0.9922772645950317,-1,-1,-1
809,-1,1450,780,2519,1403,0.990058958530426,-1,-1,-1
809,-1,1855,645,2503,923,0.8006373047828674,-1,-1,-1
810,-1,1523,774,2560,1444,0.9541631937026978,-1,-1,-1
811,-1,1696,660,2226,904,0.9039711356163025,-1,-1,-1
812,-1,1601,656,2109,914,0.988799512386322,-1,-1,-1
813,-1,1540,663,2011,899,0.9899809956550598,-1,-1,-1
814,-1,1489,661,1914,893,0.9918848276138306,-1,-1,-1
815,-1,1439,667,1841,891,0.9918038845062256,-1,-1,-1
816,-1,1404,670,1768,879,0.988949179649353,-1,-1,-1
817,-1,1369,670,1704,871,0.9900494813919067,-1,-1,-1
818,-1,1329,673,1647,865,0.9930351972579956,-1,-1,-1
819,-1,1293,671,1595,863,0.9921775460243225,-1,-1,-1
820,-1,1258,675,1546,859,0.9918917417526245,-1,-1,-1
821,-1,1224,677,1504,857,0.9912211894989014,-1,-1,-1
822,-1,1197,681,1464,856,0.9845203757286072,-1,-1,-1
823,-1,1165,684,1418,855,0.9697690606117249,-1,-1,-1
824,-1,1151,688,1389,852,0.868757426738739,-1,-1,-1
825,-1,1120,691,1348,853,0.9637762308120728,-1,-1,-1
826,-1,1097,697,1326,851,0.9474241137504578,-1,-1,-1
827,-1,1076,696,1294,845,0.9443038702011108,-1,-1,-1
828,-1,1056,700,1259,842,0.8824032545089722,-1,-1,-1
830,-1,1012,704,1207,843,0.708642840385437,-1,-1,-1
832,-1,976,712,1163,839,0.7298436760902405,-1,-1,-1
833,-1,960,712,1138,838,0.7485746145248413,-1,-1,-1
834,-1,938,712,1116,841,0.8334895372390747,-1,-1,-1
835,-1,920,713,1097,836,0.8420834541320801,-1,-1,-1
836,-1,906,717,1078,837,0.7983212471008301,-1,-1,-1
837,-1,890,715,1059,839,0.7142305374145508,-1,-1,-1
838,-1,875,717,1040,837,0.6886401772499084,-1,-1,-1
839,-1,861,722,1020,840,0.8482387661933899,-1,-1,-1
840,-1,846,725,1001,840,0.7619964480400085,-1,-1,-1
841,-1,834,731,983,838,0.8280961513519287,-1,-1,-1
842,-1,824,729,971,838,0.8699065446853638,-1,-1,-1
843,-1,811,735,952,837,0.6183805465698242,-1,-1,-1
844,-1,795,738,939,841,0.6082338690757751,-1,-1,-1
847,-1,759,739,896,838,0.6105785369873047,-1,-1,-1
848,-1,747,740,882,838,0.6817843914031982,-1,-1,-1
946,-1,31,1173,672,1476,0.8709878921508789,-1,-1,-1
947,-1,42,1156,691,1476,0.9343283176422119,-1,-1,-1
948,-1,74,1160,692,1460,0.8731487393379211,-1,-1,-1
949,-1,92,1135,736,1450,0.9398922920227051,-1,-1,-1
950,-1,111,1135,765,1448,0.959361732006073,-1,-1,-1
951,-1,129,1129,783,1441,0.9614455103874207,-1,-1,-1
952,-1,136,1136,796,1435,0.9631279110908508,-1,-1,-1
953,-1,159,1119,808,1428,0.9710973501205444,-1,-1,-1
954,-1,172,1115,815,1432,0.9648934602737427,-1,-1,-1
955,-1,191,1111,830,1444,0.968596339225769,-1,-1,-1
956,-1,205,1108,843,1440,0.9645577073097229,-1,-1,-1
957,-1,214,1105,860,1443,0.9620381593704224,-1,-1,-1
958,-1,233,1112,891,1426,0.9359257817268372,-1,-1,-1
959,-1,271,1092,890,1407,0.8750193119049072,-1,-1,-1
960,-1,268,1092,914,1403,0.8479875326156616,-1,-1,-1
961,-1,304,1090,933,1387,0.789912760257721,-1,-1,-1
962,-1,296,1085,947,1387,0.771774411201477,-1,-1,-1
963,-1,297,1090,946,1373,0.7484232783317566,-1,-1,-1
964,-1,352,1089,966,1378,0.7662176489830017,-1,-1,-1
965,-1,312,1085,966,1370,0.8786596655845642,-1,-1,-1
966,-1,358,1075,980,1383,0.957708477973938,-1,-1,-1
967,-1,366,1071,993,1384,0.9703789949417114,-1,-1,-1
968,-1,369,1068,1005,1386,0.9739692211151123,-1,-1,-1
969,-1,367,1074,1017,1383,0.9746529459953308,-1,-1,-1
970,-1,373,1060,1021,1385,0.9804263114929199,-1,-1,-1
971,-1,385,1048,1043,1386,0.9763843417167664,-1,-1,-1
972,-1,411,1061,1051,1370,0.9767582416534424,-1,-1,-1
973,-1,384,1055,1061,1376,0.9765812158584595,-1,-1,-1
974,-1,400,1054,1082,1374,0.9814613461494446,-1,-1,-1
975,-1,450,1057,1105,1359,0.9872502088546753,-1,-1,-1
976,-1,467,1051,1116,1359,0.9879195690155029,-1,-1,-1
977,-1,487,1044,1152,1352,0.9872815012931824,-1,-1,-1
978,-1,503,1036,1183,1350,0.9870120882987976,-1,-1,-1
979,-1,519,1022,1213,1345,0.9889129996299744,-1,-1,-1
980,-1,558,1023,1221,1342,0.9888895750045776,-1,-1,-1
981,-1,570,1013,1252,1336,0.9889125823974609,-1,-1,-1
982,-1,597,1004,1290,1331,0.9889097809791565,-1,-1,-1
983,-1,617,997,1315,1324,0.988764762878418,-1,-1,-1
984,-1,655,997,1355,1318,0.9905837774276733,-1,-1,-1
985,-1,680,984,1368,1314,0.9904255270957947,-1,-1,-1
986,-1,711,981,1432,1306,0.9923001527786255,-1,-1,-1
987,-1,751,959,1453,1305,0.9898680448532104,-1,-1,-1
988,-1,770,965,1489,1304,0.9924758076667786,-1,-1,-1
989,-1,808,955,1540,1295,0.9930834770202637,-1,-1,-1
990,-1,845,952,1576,1293,0.9933710098266602,-1,-1,-1
991,-1,877,943,1605,1286,0.9932867884635925,-1,-1,-1
992,-1,898,940,1646,1293,0.9919169545173645,-1,-1,-1
993,-1,934,932,1695,1292,0.9949517250061035,-1,-1,-1
994,-1,969,931,1747,1294,0.9938755631446838,-1,-1,-1
995,-1,1004,930,1809,1301,0.9957981705665588,-1,-1,-1
996,-1,1049,924,1834,1306,0.9940828680992126,-1,-1,-1
997,-1,1112,919,1893,1335,0.9949530363082886,-1,-1,-1
998,-1,1130,931,1955,1339,0.9950258135795593,-1,-1,-1
999,-1,1176,922,2020,1353,0.9959571957588196,-1,-1,-1
1000,-1,1252,925,2076,1374,0.9941622614860535,-1,-1,-1
1001,-1,1268,931,2171,1397,0.9937371015548706,-1,-1,-1
1002,-1,1333,936,2260,1424,0.9923540353775024,-1,-1,-1
1003,-1,1353,938,2337,1449,0.9923567771911621,-1,-1,-1
1004,-1,1407,938,2456,1480,0.992913544178009,-1,-1,-1
1005,-1,1502,946,2557,1520,0.9905592203140259,-1,-1,-1
1006,-1,1528,949,2560,1559,0.9451324343681335,-1,-1,-1
1094,-1,1863,553,2560,982,0.7100754380226135,-1,-1,-1
1095,-1,1793,561,2560,969,0.973704993724823,-1,-1,-1
1096,-1,1735,575,2502,957,0.9894842505455017,-1,-1,-1
1097,-1,1668,582,2388,941,0.9901116490364075,-1,-1,-1
1098,-1,1642,601,2291,927,0.9929525256156921,-1,-1,-1
1099,-1,1599,611,2208,918,0.9922296404838562,-1,-1,-1
1100,-1,1545,603,2111,921,0.9906084537506104,-1,-1,-1
1101,-1,1505,622,2057,907,0.9922993779182434,-1,-1,-1
1102,-1,1465,613,1982,904,0.9933090209960938,-1,-1,-1
1103,-1,1437,627,1926,894,0.9928435683250427,-1,-1,-1
1104,-1,1419,637,1862,885,0.9926431775093079,-1,-1,-1
1105,-1,1390,630,1807,879,0.992499053478241,-1,-1,-1
1106,-1,1334,636,1760,879,0.9933390021324158,-1,-1,-1
1107,-1,1320,636,1712,869,0.9924012422561646,-1,-1,-1
1108,-1,1301,637,1673,866,0.9934248924255371,-1,-1,-1
1109,-1,1267,636,1633,868,0.9940328001976013,-1,-1,-1
1110,-1,1249,641,1590,860,0.9934754967689514,-1,-1,-1
1111,-1,1236,646,1559,854,0.9922673106193542,-1,-1,-1
1112,-1,1202,644,1525,856,0.9922153353691101,-1,-1,-1
1113,-1,1194,652,1495,848,0.9908169507980347,-1,-1,-1
1114,-1,1171,652,1470,848,0.9913088083267212,-1,-1,-1
1115,-1,1152,656,1443,847,0.988806962966919,-1,-1,-1
1116,-1,1133,660,1413,846,0.9890050292015076,-1,-1,-1
1117,-1,1118,663,1394,844,0.9915478825569153,-1,-1,-1
1118,-1,1102,662,1370,841,0.9817975759506226,-1,-1,-1
1119,-1,1084,663,1347,841,0.9912588000297546,-1,-1,-1
1120,-1,1064,667,1315,840,0.9846153855323792,-1,-1,-1
1121,-1,1052,669,1304,838,0.9862586259841919,-1,-1,-1
1122,-1,1037,669,1282,839,0.9864675402641296,-1,-1,-1
1123,-1,1024,672,1263,837,0.9808871746063232,-1,-1,-1
1124,-1,1011,676,1241,835,0.9665492177009583,-1,-1,-1
1125,-1,997,678,1229,834,0.9636710286140442,-1,-1,-1
1126,-1,985,681,1208,834,0.9747070670127869,-1,-1,-1
1127,-1,964,682,1186,835,0.9793047308921814,-1,-1,-1
1128,-1,954,682,1176,836,0.984990656375885,-1,-1,-1
1129,-1,946,685,1159,836,0.9833434820175171,-1,-1,-1
1130,-1,936,689,1143,834,0.96962571144104,-1,-1,-1
1131,-1,923,689,1124,835,0.9737787246704102,-1,-1,-1
1132,-1,916,691,1111,834,0.977493166923523,-1,-1,-1
1133,-1,903,693,1097,834,0.985833466053009,-1,-1,-1
1134,-1,895,695,1082,835,0.9848218560218811,-1,-1,-1
1135,-1,880,699,1069,835,0.97654128074646,-1,-1,-1
1136,-1,869,701,1060,836,0.9777047634124756,-1,-1,-1
1137,-1,865,704,1048,834,0.969126284122467,-1,-1,-1
1138,-1,853,701,1036,838,0.9555694460868835,-1,-1,-1
1139,-1,839,705,1027,836,0.979963481426239,-1,-1,-1
1140,-1,831,704,1011,837,0.9807569980621338,-1,-1,-1
1141,-1,828,709,1000,835,0.9647734761238098,-1,-1,-1
1142,-1,820,713,987,837,0.9549157023429871,-1,-1,-1
1143,-1,807,713,976,838,0.959119439125061,-1,-1,-1
1144,-1,798,717,963,836,0.9614657759666443,-1,-1,-1
1145,-1,1929,665,2560,977,0.9826017618179321,-1,-1,-1
1145,-1,797,720,954,832,0.8543567657470703,-1,-1,-1
1146,-1,1864,668,2541,973,0.9915295839309692,-1,-1,-1
1146,-1,787,721,946,834,0.9537615180015564,-1,-1,-1
1147,-1,1792,665,2438,957,0.9935383200645447,-1,-1,-1
1147,-1,779,725,936,834,0.8971773982048035,-1,-1,-1
1148,-1,1715,657,2340,948,0.9943403005599976,-1,-1,-1
1148,-1,765,722,931,836,0.946347177028656,-1,-1,-1
1149,-1,1652,664,2240,941,0.9947093725204468,-1,-1,-1
1149,-1,757,723,915,836,0.9390261769294739,-1,-1,-1
1150,-1,1603,671,2142,935,0.9946834444999695,-1,-1,-1
1150,-1,754,723,908,836,0.9459057450294495,-1,-1,-1
1151,-1,1564,680,2072,928,0.9940949082374573,-1,-1,-1
1151,-1,747,728,898,837,0.9198333621025085,-1,-1,-1
1152,-1,1524,676,1997,916,0.9939171671867371,-1,-1,-1
1152,-1,740,727,890,836,0.8749637007713318,-1,-1,-1
1153,-1,1495,679,1927,912,0.9936392903327942,-1,-1,-1
1153,-1,731,730,881,834,0.7715898752212524,-1,-1,-1
1154,-1,1445,682,1868,907,0.9924871921539307,-1,-1,-1
1154,-1,727,730,871,834,0.7218935489654541,-1,-1,-1
1155,-1,1411,682,1812,904,0.9912480115890503,-1,-1,-1
1156,-1,1401,685,1764,897,0.9897412061691284,-1,-1,-1
1157,-1,1360,686,1718,896,0.9906675219535828,-1,-1,-1
1158,-1,1337,690,1676,887,0.9924923777580261,-1,-1,-1
1159,-1,1310,690,1637,884,0.9943127632141113,-1,-1,-1
1160,-1,1292,688,1600,883,0.9919089674949646,-1,-1,-1
1161,-1,1275,689,1570,878,0.995844304561615,-1,-1,-1
1162,-1,1251,691,1538,874,0.993735134601593,-1,-1,-1
1163,-1,1238,694,1512,870,0.9932910203933716,-1,-1,-1
1164,-1,1220,694,1482,867,0.9919133186340332,-1,-1,-1
1165,-1,1207,691,1456,865,0.9910210967063904,-1,-1,-1
1166,-1,1197,692,1441,861,0.9897283315658569,-1,-1,-1
1167,-1,1189,692,1423,858,0.9903438091278076,-1,-1,-1
1168,-1,1186,689,1406,853,0.9867476224899292,-1,-1,-1
1169,-1,1187,686,1390,847,0.9844813346862793,-1,-1,-1
1170,-1,1180,683,1377,840,0.9780104756355286,-1,-1,-1
1171,-1,1179,682,1366,837,0.9771166443824768,-1,-1,-1
1172,-1,1179,680,1361,832,0.9775280356407166,-1,-1,-1
1173,-1,1181,679,1357,829,0.9768465161323547,-1,-1,-1
1174,-1,1180,676,1350,825,0.9767675995826721,-1,-1,-1
1175,-1,1181,669,1353,820,0.9686103463172913,-1,-1,-1
1176,-1,1184,668,1355,813,0.9645062685012817,-1,-1,-1
1177,-1,1190,663,1360,805,0.9441084861755371,-1,-1,-1
1178,-1,1194,657,1365,797,0.97514408826828,-1,-1,-1
1179,-1,1199,650,1369,791,0.9630768299102783,-1,-1,-1
1180,-1,1204,644,1377,785,0.8694994449615479,-1,-1,-1
1181,-1,1212,637,1388,777,0.7287992238998413,-1,-1,-1
1182,-1,1219,631,1401,773,0.6524866223335266,-1,-1,-1
1184,-1,1244,617,1413,754,0.7165513038635254,-1,-1,-1
1192,-1,1359,565,1538,679,0.6001811623573303,-1,-1,-1
1198,-1,1451,525,1613,637,0.636397123336792,-1,-1,-1
1216,-1,1940,611,2560,979,0.6505484580993652,-1,-1,-1
1217,-1,1880,597,2560,962,0.9880867004394531,-1,-1,-1
1218,-1,1825,614,2472,947,0.9912288188934326,-1,-1,-1
1219,-1,1744,614,2368,948,0.9918490648269653,-1,-1,-1
1220,-1,1698,615,2279,936,0.9921626448631287,-1,-1,-1
1221,-1,1650,627,2201,930,0.9907060265541077,-1,-1,-1
1222,-1,1594,627,2117,928,0.9923753142356873,-1,-1,-1
1223,-1,1553,633,2032,912,0.9924715757369995,-1,-1,-1
1224,-1,1508,639,1960,906,0.9923250675201416,-1,-1,-1
1225,-1,1471,643,1902,902,0.9918351173400879,-1,-1,-1
1226,-1,1437,649,1842,896,0.9916171431541443,-1,-1,-1
1227,-1,1398,656,1790,892,0.9909777641296387,-1,-1,-1
1228,-1,1382,655,1748,889,0.992027223110199,-1,-1,-1
1229,-1,1349,659,1701,883,0.9909281134605408,-1,-1,-1
1230,-1,1324,660,1653,874,0.9939728379249573,-1,-1,-1
1231,-1,1293,662,1609,875,0.9928849339485168,-1,-1,-1
1232,-1,1275,661,1572,868,0.9928948283195496,-1,-1,-1
1233,-1,1246,663,1532,867,0.9903444647789001,-1,-1,-1
1234,-1,1224,668,1503,865,0.9922528862953186,-1,-1,-1
1235,-1,1196,668,1471,864,0.9896356463432312,-1,-1,-1
1236,-1,1179,670,1442,859,0.9803378582000732,-1,-1,-1
1237,-1,1148,673,1413,859,0.9867269396781921,-1,-1,-1
1238,-1,1130,676,1382,858,0.9846181869506836,-1,-1,-1
1239,-1,1120,682,1351,857,0.9765750765800476,-1,-1,-1
1240,-1,1095,680,1335,854,0.9847240447998047,-1,-1,-1
1241,-1,1079,680,1309,853,0.9664181470870972,-1,-1,-1
1242,-1,1068,681,1289,849,0.968407928943634,-1,-1,-1
1243,-1,1059,687,1261,846,0.8011619448661804,-1,-1,-1
1244,-1,1047,691,1242,845,0.7477437853813171,-1,-1,-1
1246,-1,998,695,1198,846,0.8454647064208984,-1,-1,-1
1247,-1,987,695,1179,845,0.8979406952857971,-1,-1,-1
1248,-1,970,695,1164,844,0.7703660726547241,-1,-1,-1
1249,-1,956,695,1145,844,0.8700347542762756,-1,-1,-1
1250,-1,945,698,1127,842,0.7329283356666565,-1,-1,-1
1251,-1,930,699,1110,843,0.8908784985542297,-1,-1,-1
1252,-1,921,707,1096,837,0.9066413044929504,-1,-1,-1
1253,-1,911,707,1081,837,0.8842093348503113,-1,-1,-1
1254,-1,894,704,1066,839,0.8977604508399963,-1,-1,-1
1255,-1,884,709,1052,840,0.724495530128479,-1,-1,-1
1256,-1,871,711,1036,837,0.7490536570549011,-1,-1,-1
1257,-1,858,716,1021,841,0.925004243850708,-1,-1,-1
1258,-1,848,719,1005,838,0.8182625770568848,-1,-1,-1
1259,-1,835,722,987,839,0.8846732378005981,-1,-1,-1
1260,-1,827,722,976,839,0.8650789260864258,-1,-1,-1
1261,-1,696,764,852,892,0.7556573748588562,-1,-1,-1
1261,-1,823,725,961,836,0.6436892151832581,-1,-1,-1
1262,-1,707,770,858,896,0.8370327353477478,-1,-1,-1
1263,-1,715,773,868,897,0.9325892925262451,-1,-1,-1
1264,-1,717,768,875,897,0.9370834231376648,-1,-1,-1
1265,-1,719,773,887,900,0.9716202616691589,-1,-1,-1
1266,-1,726,764,902,905,0.9731079339981079,-1,-1,-1
1267,-1,739,754,913,907,0.9699158072471619,-1,-1,-1
1268,-1,747,753,926,912,0.9823793768882751,-1,-1,-1
1269,-1,755,762,941,911,0.9900370836257935,-1,-1,-1
1270,-1,764,770,954,919,0.9947414398193359,-1,-1,-1
1271,-1,768,765,971,925,0.9938046932220459,-1,-1,-1
1272,-1,777,765,985,929,0.9943073391914368,-1,-1,-1
1273,-1,785,763,994,932,0.9941060543060303,-1,-1,-1
1274,-1,796,764,1018,936,0.9927119016647339,-1,-1,-1
1275,-1,806,764,1028,939,0.9928736686706543,-1,-1,-1
1276,-1,820,763,1046,943,0.9938861727714539,-1,-1,-1
1277,-1,831,763,1065,946,0.9938921928405762,-1,-1,-1
1278,-1,839,765,1079,949,0.9962292313575745,-1,-1,-1
1279,-1,854,763,1095,955,0.9944254159927368,-1,-1,-1
1280,-1,867,762,1117,957,0.9930907487869263,-1,-1,-1
1281,-1,878,764,1142,963,0.9924128651618958,-1,-1,-1
1282,-1,897,767,1164,968,0.9944578409194946,-1,-1,-1
1283,-1,910,769,1185,977,0.9933238625526428,-1,-1,-1
1284,-1,925,768,1215,985,0.9949889779090881,-1,-1,-1
1285,-1,932,768,1242,991,0.9938329458236694,-1,-1,-1
1286,-1,954,768,1272,1003,0.9935299754142761,-1,-1,-1
1287,-1,970,770,1299,1014,0.9935216307640076,-1,-1,-1
1288,-1,982,773,1326,1029,0.9935801029205322,-1,-1,-1
1289,-1,1011,776,1371,1036,0.9928970336914062,-1,-1,-1
1290,-1,1022,778,1404,1056,0.9928702712059021,-1,-1,-1
1291,-1,1051,783,1461,1064,0.9922634363174438,-1,-1,-1
1292,-1,1065,781,1512,1084,0.993017315864563,-1,-1,-1
1293,-1,1097,780,1562,1109,0.993371844291687,-1,-1,-1
1294,-1,1126,778,1631,1126,0.9942055344581604,-1,-1,-1
1295,-1,1159,790,1707,1154,0.9941228032112122,-1,-1,-1
1296,-1,1200,795,1787,1178,0.9952118396759033,-1,-1,-1
1297,-1,1245,795,1886,1210,0.9949386119842529,-1,-1,-1
1298,-1,1285,800,1976,1273,0.9936726093292236,-1,-1,-1
1299,-1,1352,804,2133,1291,0.994125247001648,-1,-1,-1
1300,-1,1394,810,2287,1347,0.9941530823707581,-1,-1,-1
1301,-1,1505,821,2483,1414,0.9941082000732422,-1,-1,-1
1302,-1,1581,817,2560,1496,0.9509398937225342,-1,-1,-1
1467,-1,1685,726,2560,1109,0.987564742565155,-1,-1,-1
1468,-1,1614,729,2429,1107,0.9882704019546509,-1,-1,-1
1469,-1,1502,761,2278,1109,0.9916467070579529,-1,-1,-1
1470,-1,1415,777,2151,1112,0.9914639592170715,-1,-1,-1
1471,-1,1323,801,2024,1117,0.9941437840461731,-1,-1,-1
1472,-1,1073,852,1704,1150,0.9916846752166748,-1,-1,-1
1473,-1,968,866,1598,1176,0.9921654462814331,-1,-1,-1
1474,-1,899,883,1503,1191,0.9911870360374451,-1,-1,-1
1475,-1,821,895,1421,1207,0.9905261993408203,-1,-1,-1
1476,-1,749,927,1317,1222,0.9879776239395142,-1,-1,-1
1477,-1,668,945,1229,1242,0.9875872731208801,-1,-1,-1
1478,-1,590,965,1144,1255,0.9883161187171936,-1,-1,-1
1479,-1,516,981,1070,1274,0.983423113822937,-1,-1,-1
1480,-1,435,1001,986,1293,0.9772322773933411,-1,-1,-1
1481,-1,365,1029,902,1305,0.964948832988739,-1,-1,-1
1482,-1,335,1056,810,1301,0.8177424669265747,-1,-1,-1
1483,-1,241,1074,734,1322,0.8581957817077637,-1,-1,-1
1484,-1,149,1091,664,1359,0.9435866475105286,-1,-1,-1
1485,-1,76,1117,576,1382,0.7260926365852356,-1,-1,-1
1642,-1,711,761,876,885,0.7897962927818298,-1,-1,-1
1643,-1,724,761,882,892,0.6961924433708191,-1,-1,-1
1644,-1,734,764,900,892,0.9255262613296509,-1,-1,-1
1645,-1,744,762,910,893,0.9582058191299438,-1,-1,-1
1646,-1,751,764,923,898,0.9699174165725708,-1,-1,-1
1647,-1,761,761,939,902,0.9695671796798706,-1,-1,-1
1648,-1,774,764,955,904,0.9722837805747986,-1,-1,-1
1649,-1,782,765,966,912,0.9843873977661133,-1,-1,-1
1650,-1,792,767,981,914,0.9780279994010925,-1,-1,-1
1651,-1,808,769,994,921,0.9800993800163269,-1,-1,-1
1652,-1,816,767,1009,931,0.992290198802948,-1,-1,-1
1653,-1,824,767,1032,935,0.9945529103279114,-1,-1,-1
1654,-1,839,770,1049,938,0.9934413433074951,-1,-1,-1
1655,-1,849,774,1068,944,0.9937183856964111,-1,-1,-1
1656,-1,866,774,1084,949,0.9923450350761414,-1,-1,-1
1657,-1,878,776,1113,954,0.9945726990699768,-1,-1,-1
1658,-1,898,780,1135,959,0.9940180778503418,-1,-1,-1
1659,-1,914,780,1168,967,0.9903630614280701,-1,-1,-1
1660,-1,929,785,1188,977,0.9918404817581177,-1,-1,-1
1661,-1,949,786,1226,987,0.9931899905204773,-1,-1,-1
1662,-1,977,788,1268,995,0.9938987493515015,-1,-1,-1
1663,-1,998,788,1308,1009,0.9934183359146118,-1,-1,-1
1664,-1,1027,788,1361,1022,0.9940266609191895,-1,-1,-1
1665,-1,1056,792,1413,1038,0.9936848282814026,-1,-1,-1
1666,-1,1090,795,1476,1056,0.9933694005012512,-1,-1,-1
1667,-1,1115,796,1550,1075,0.9933167695999146,-1,-1,-1
1668,-1,1159,796,1626,1103,0.9935830235481262,-1,-1,-1
1669,-1,1205,791,1723,1129,0.9931198358535767,-1,-1,-1
1670,-1,1277,816,1830,1150,0.9939143061637878,-1,-1,-1
1671,-1,1336,811,1981,1195,0.99379962682724,-1,-1,-1
1672,-1,1405,816,2152,1244,0.995381236076355,-1,-1,-1
1673,-1,1500,818,2363,1305,0.9942777752876282,-1,-1,-1
1674,-1,1623,820,2560,1367,0.9842717051506042,-1,-1,-1
1797,-1,711,765,882,903,0.9534189701080322,-1,-1,-1
1798,-1,719,765,894,908,0.9338156580924988,-1,-1,-1
1799,-1,728,763,909,912,0.9656936526298523,-1,-1,-1
1800,-1,743,762,920,916,0.976104736328125,-1,-1,-1
1801,-1,748,764,935,919,0.9894311428070068,-1,-1,-1
1802,-1,763,764,948,927,0.9865108728408813,-1,-1,-1
1803,-1,773,765,964,933,0.988344669342041,-1,-1,-1
1804,-1,786,767,975,937,0.9900699257850647,-1,-1,-1
1805,-1,798,768,997,940,0.9884632229804993,-1,-1,-1
1806,-1,810,771,1016,945,0.99552321434021,-1,-1,-1
1807,-1,818,771,1042,951,0.9959030747413635,-1,-1,-1
1808,-1,835,772,1058,956,0.9955223798751831,-1,-1,-1
1809,-1,847,774,1074,961,0.9970575571060181,-1,-1,-1
1810,-1,862,778,1098,967,0.9937047362327576,-1,-1,-1
1811,-1,879,778,1127,975,0.9922423362731934,-1,-1,-1
1812,-1,897,783,1146,984,0.9919305443763733,-1,-1,-1
1813,-1,913,780,1180,993,0.9940846562385559,-1,-1,-1
1814,-1,935,781,1219,1004,0.9935223460197449,-1,-1,-1
1815,-1,956,782,1259,1020,0.9928303360939026,-1,-1,-1
1816,-1,971,783,1297,1031,0.992409348487854,-1,-1,-1
1817,-1,996,788,1346,1053,0.9937513470649719,-1,-1,-1
1818,-1,1028,790,1399,1069,0.9920415282249451,-1,-1,-1
1819,-1,1067,794,1461,1087,0.9916279315948486,-1,-1,-1
1820,-1,1098,787,1539,1115,0.9932140111923218,-1,-1,-1
1821,-1,1141,786,1628,1144,0.9937347769737244,-1,-1,-1
1822,-1,1190,804,1733,1176,0.9922863245010376,-1,-1,-1
1823,-1,1224,809,1848,1216,0.9941124320030212,-1,-1,-1
1824,-1,1322,813,2005,1261,0.9950553178787231,-1,-1,-1
1825,-1,1391,812,2192,1331,0.993950366973877,-1,-1,-1
1826,-1,1498,825,2435,1409,0.9923233985900879,-1,-1,-1
1827,-1,1644,828,2560,1505,0.9377872347831726,-1,-1,-1
2129,-1,1929,579,2560,975,0.6309739947319031,-1,-1,-1
2130,-1,1862,588,2560,963,0.9837248921394348,-1,-1,-1
2131,-1,1797,588,2481,953,0.9925053119659424,-1,-1,-1
2132,-1,1756,595,2374,940,0.9927183389663696,-1,-1,-1
2133,-1,1699,603,2274,934,0.9924272894859314,-1,-1,-1
2134,-1,1653,605,2182,921,0.9932188391685486,-1,-1,-1
2135,-1,1602,610,2118,914,0.9931035041809082,-1,-1,-1
2136,-1,1550,624,2038,900,0.9938490986824036,-1,-1,-1
2137,-1,1517,628,1969,893,0.9937043786048889,-1,-1,-1
2138,-1,1482,630,1908,889,0.993177056312561,-1,-1,-1
2139,-1,1459,637,1857,887,0.9931373596191406,-1,-1,-1
2140,-1,1414,641,1802,879,0.9928486347198486,-1,-1,-1
2141,-1,1386,642,1755,876,0.9933745265007019,-1,-1,-1
2142,-1,1360,644,1708,871,0.9933678507804871,-1,-1,-1
2143,-1,1331,647,1668,868,0.9944809675216675,-1,-1,-1
2144,-1,1308,646,1628,862,0.9898221492767334,-1,-1,-1
2145,-1,1283,647,1587,861,0.9917359948158264,-1,-1,-1
2146,-1,1260,646,1555,858,0.9908468127250671,-1,-1,-1
2147,-1,1242,649,1527,856,0.9927412271499634,-1,-1,-1
2148,-1,1216,654,1493,854,0.9906818866729736,-1,-1,-1
2149,-1,1195,658,1468,852,0.9917832612991333,-1,-1,-1
2150,-1,1178,661,1443,851,0.9862998127937317,-1,-1,-1
2151,-1,1157,664,1413,851,0.9839169383049011,-1,-1,-1
2152,-1,1143,665,1394,847,0.9688385128974915,-1,-1,-1
2153,-1,1126,668,1367,847,0.980799674987793,-1,-1,-1
2154,-1,1109,672,1342,846,0.972228467464447,-1,-1,-1
2155,-1,1095,673,1323,845,0.9805232882499695,-1,-1,-1
2156,-1,1078,672,1306,843,0.9425409436225891,-1,-1,-1
2157,-1,1063,672,1283,841,0.9546282887458801,-1,-1,-1
2158,-1,1055,676,1271,838,0.7811154127120972,-1,-1,-1
2159,-1,1037,684,1252,838,0.7517679333686829,-1,-1,-1
2160,-1,1021,686,1226,843,0.8257617950439453,-1,-1,-1
2161,-1,1007,685,1211,838,0.7619709372520447,-1,-1,-1
2162,-1,995,687,1198,835,0.8281939029693604,-1,-1,-1
2163,-1,985,686,1176,836,0.8536145687103271,-1,-1,-1
2164,-1,970,691,1163,835,0.825877845287323,-1,-1,-1
2165,-1,956,691,1145,837,0.9001121520996094,-1,-1,-1
2166,-1,949,694,1128,834,0.6972962021827698,-1,-1,-1
2167,-1,931,696,1117,836,0.8800325989723206,-1,-1,-1
2168,-1,919,695,1104,838,0.9593837857246399,-1,-1,-1
2169,-1,912,700,1087,835,0.9140472412109375,-1,-1,-1
2170,-1,899,699,1075,833,0.9433377981185913,-1,-1,-1
2171,-1,888,701,1064,835,0.8986652493476868,-1,-1,-1
2172,-1,880,704,1049,835,0.826933741569519,-1,-1,-1
2173,-1,871,708,1039,835,0.9144731760025024,-1,-1,-1
2174,-1,862,708,1026,834,0.7127428650856018,-1,-1,-1
2175,-1,846,709,1014,839,0.9266380667686462,-1,-1,-1
2176,-1,840,716,1000,834,0.8371584415435791,-1,-1,-1
2177,-1,833,714,988,834,0.8845174908638,-1,-1,-1
2178,-1,819,713,977,839,0.9518023133277893,-1,-1,-1
2179,-1,811,718,965,838,0.7851463556289673,-1,-1,-1
2180,-1,804,725,950,835,0.6903977990150452,-1,-1,-1
2182,-1,782,724,935,836,0.6251057386398315,-1,-1,-1
2184,-1,762,726,910,839,0.7684177160263062,-1,-1,-1
2185,-1,752,725,900,839,0.8153064250946045,-1,-1,-1
2186,-1,744,724,891,841,0.8779557943344116,-1,-1,-1
2187,-1,740,732,878,837,0.6617343425750732,-1,-1,-1
2275,-1,739,784,911,927,0.8741737604141235,-1,-1,-1
2276,-1,747,784,925,935,0.9569704532623291,-1,-1,-1
2277,-1,759,789,942,938,0.9661397337913513,-1,-1,-1
2278,-1,773,790,952,940,0.9806429147720337,-1,-1,-1
2279,-1,781,792,966,945,0.9859420657157898,-1,-1,-1
2280,-1,793,794,983,951,0.9916120767593384,-1,-1,-1
2281,-1,805,794,1001,957,0.993154764175415,-1,-1,-1
2282,-1,816,797,1019,966,0.9939820170402527,-1,-1,-1
2283,-1,830,796,1040,972,0.990736186504364,-1,-1,-1
2284,-1,841,801,1060,981,0.9938042163848877,-1,-1,-1
2285,-1,858,804,1082,987,0.9936723709106445,-1,-1,-1
2286,-1,873,806,1107,996,0.9941786527633667,-1,-1,-1
2287,-1,890,808,1135,1003,0.9951940178871155,-1,-1,-1
2288,-1,907,810,1163,1016,0.9924864768981934,-1,-1,-1
2289,-1,927,820,1189,1029,0.9922004342079163,-1,-1,-1
2290,-1,946,824,1221,1044,0.9936988353729248,-1,-1,-1
2291,-1,970,829,1261,1060,0.9935981035232544,-1,-1,-1
2292,-1,992,830,1303,1072,0.9924871921539307,-1,-1,-1
2293,-1,1022,838,1364,1103,0.9923717975616455,-1,-1,-1
2294,-1,1059,842,1420,1123,0.9929331541061401,-1,-1,-1
2295,-1,1088,851,1488,1149,0.993303120136261,-1,-1,-1
2296,-1,1136,856,1587,1184,0.9913232326507568,-1,-1,-1
2297,-1,1192,860,1698,1216,0.992550253868103,-1,-1,-1
2298,-1,1259,876,1824,1256,0.9923288226127625,-1,-1,-1
2299,-1,1323,889,1957,1307,0.9928955435752869,-1,-1,-1
2300,-1,1418,899,2123,1407,0.9951972365379333,-1,-1,-1
2301,-1,1529,917,2388,1462,0.9945740103721619,-1,-1,-1
2302,-1,1662,933,2560,1563,0.9731455445289612,-1,-1,-1
2365,-1,1907,647,2560,970,0.928146243095398,-1,-1,-1
2366,-1,1615,667,2164,937,0.9920337796211243,-1,-1,-1
2367,-1,1538,672,2027,923,0.9934090375900269,-1,-1,-1
2368,-1,1492,671,1922,909,0.9926427006721497,-1,-1,-1
2369,-1,1437,675,1830,902,0.9921114444732666,-1,-1,-1
2370,-1,1376,673,1751,897,0.9908609390258789,-1,-1,-1
2371,-1,1339,677,1679,886,0.9915133118629456,-1,-1,-1
2372,-1,1300,673,1618,882,0.9912269711494446,-1,-1,-1
2373,-1,1271,679,1567,876,0.9909403324127197,-1,-1,-1
2374,-1,1236,677,1520,873,0.9914095997810364,-1,-1,-1
2375,-1,1208,684,1481,866,0.9866253137588501,-1,-1,-1
2376,-1,1185,689,1443,861,0.975297749042511,-1,-1,-1
2377,-1,1162,688,1408,858,0.9649319648742676,-1,-1,-1
2378,-1,1139,693,1376,857,0.9672303795814514,-1,-1,-1
2379,-1,1121,693,1348,853,0.9432045817375183,-1,-1,-1
2380,-1,1107,691,1319,853,0.9511609673500061,-1,-1,-1
2381,-1,1080,692,1294,850,0.9304864406585693,-1,-1,-1
2382,-1,1068,696,1267,847,0.8227545022964478,-1,-1,-1
2383,-1,1049,698,1247,843,0.8998613357543945,-1,-1,-1
2384,-1,1032,701,1224,842,0.8712232708930969,-1,-1,-1
2385,-1,1018,702,1206,838,0.7769855260848999,-1,-1,-1
2386,-1,706,766,874,898,0.6436408162117004,-1,-1,-1
2386,-1,1001,702,1182,837,0.6217867136001587,-1,-1,-1
2387,-1,712,768,879,900,0.9152591228485107,-1,-1,-1
2387,-1,991,708,1165,833,0.8235040307044983,-1,-1,-1
2388,-1,718,767,890,901,0.9623990654945374,-1,-1,-1
2388,-1,973,708,1148,834,0.8113917708396912,-1,-1,-1
2389,-1,727,769,904,903,0.9719712138175964,-1,-1,-1
2389,-1,956,707,1132,834,0.6847331523895264,-1,-1,-1
2390,-1,738,769,912,906,0.9822414517402649,-1,-1,-1
2390,-1,945,708,1114,835,0.6948429942131042,-1,-1,-1
2391,-1,748,766,923,907,0.98194420337677,-1,-1,-1
2391,-1,931,711,1098,835,0.661087691783905,-1,-1,-1
2392,-1,755,767,932,913,0.9844022989273071,-1,-1,-1
2392,-1,918,712,1080,833,0.6698068976402283,-1,-1,-1
2393,-1,761,769,948,917,0.988997220993042,-1,-1,-1
2394,-1,775,765,957,923,0.9901358485221863,-1,-1,-1
2395,-1,783,772,971,925,0.9933649301528931,-1,-1,-1
2396,-1,793,771,985,929,0.9927780032157898,-1,-1,-1
2397,-1,805,776,1001,933,0.9923458099365234,-1,-1,-1
2398,-1,816,774,1019,939,0.995108425617218,-1,-1,-1
2399,-1,828,772,1031,939,0.9967368245124817,-1,-1,-1
2400,-1,837,782,1053,948,0.9969353675842285,-1,-1,-1
2401,-1,846,782,1064,951,0.9962626099586487,-1,-1,-1
2402,-1,859,778,1084,956,0.9969520568847656,-1,-1,-1
2403,-1,867,781,1102,960,0.9953963160514832,-1,-1,-1
2404,-1,877,781,1127,968,0.9943893551826477,-1,-1,-1
2405,-1,893,783,1144,975,0.9954452514648438,-1,-1,-1
2406,-1,907,781,1167,984,0.9942784309387207,-1,-1,-1
2407,-1,920,786,1189,988,0.9943954944610596,-1,-1,-1
2408,-1,940,789,1216,998,0.9959514141082764,-1,-1,-1
2409,-1,952,788,1248,1011,0.99250727891922,-1,-1,-1
2410,-1,975,791,1282,1024,0.994584858417511,-1,-1,-1
2411,-1,989,798,1312,1036,0.9944777488708496,-1,-1,-1
2412,-1,1008,798,1350,1053,0.9930017590522766,-1,-1,-1
2413,-1,1035,801,1396,1069,0.9924876689910889,-1,-1,-1
2414,-1,1055,802,1442,1086,0.9932760000228882,-1,-1,-1
2415,-1,1089,808,1509,1104,0.9926856756210327,-1,-1,-1
