1,-1,935,203,1091,342,0.9942120909690857,-1,-1,-1
1,-1,303,538,575,757,0.9867849946022034,-1,-1,-1
2,-1,938,199,1089,339,0.993973433971405,-1,-1,-1
2,-1,296,542,568,765,0.9874354600906372,-1,-1,-1
3,-1,939,196,1089,336,0.99434494972229,-1,-1,-1
3,-1,284,546,566,773,0.9886640906333923,-1,-1,-1
4,-1,938,195,1090,331,0.9947543144226074,-1,-1,-1
4,-1,280,555,562,780,0.9894799590110779,-1,-1,-1
5,-1,940,192,1091,328,0.9963701963424683,-1,-1,-1
5,-1,274,564,557,788,0.9866472482681274,-1,-1,-1
6,-1,939,189,1091,325,0.9963381290435791,-1,-1,-1
6,-1,266,568,552,796,0.984214723110199,-1,-1,-1
7,-1,940,187,1092,321,0.9959373474121094,-1,-1,-1
7,-1,258,571,549,798,0.9885655045509338,-1,-1,-1
8,-1,940,183,1092,319,0.996509850025177,-1,-1,-1
8,-1,257,574,541,808,0.985183596611023,-1,-1,-1
9,-1,941,181,1092,315,0.995846688747406,-1,-1,-1
9,-1,245,581,542,811,0.9868775010108948,-1,-1,-1
10,-1,941,178,1092,313,0.9946710467338562,-1,-1,-1
10,-1,234,590,540,820,0.984789252281189,-1,-1,-1
11,-1,944,176,1092,309,0.99482661485672,-1,-1,-1
11,-1,234,593,527,829,0.9839009642601013,-1,-1,-1
12,-1,946,174,1096,308,0.9957346320152283,-1,-1,-1
12,-1,225,593,531,835,0.9899159073829651,-1,-1,-1
13,-1,947,173,1095,303,0.9955992698669434,-1,-1,-1
13,-1,214,598,529,843,0.9919297695159912,-1,-1,-1
14,-1,950,169,1097,302,0.9951165914535522,-1,-1,-1
14,-1,208,603,525,849,0.9917396306991577,-1,-1,-1
15,-1,954,170,1095,296,0.9968357682228088,-1,-1,-1
15,-1,203,610,512,857,0.9905795454978943,-1,-1,-1
16,-1,955,168,1097,294,0.9974708557128906,-1,-1,-1
16,-1,186,615,512,865,0.989516019821167,-1,-1,-1
17,-1,956,164,1099,290,0.9970287680625916,-1,-1,-1
17,-1,185,624,498,870,0.9883699417114258,-1,-1,-1
18,-1,959,159,1102,290,0.9958775043487549,-1,-1,-1
18,-1,181,627,495,874,0.9842491745948792,-1,-1,-1
19,-1,959,159,1106,288,0.9962853193283081,-1,-1,-1
19,-1,165,629,501,886,0.9856841564178467,-1,-1,-1
20,-1,961,155,1109,285,0.996921181678772,-1,-1,-1
20,-1,161,627,502,885,0.9820969700813293,-1,-1,-1
21,-1,964,153,1113,281,0.9962424039840698,-1,-1,-1
21,-1,145,640,491,897,0.9828082919120789,-1,-1,-1
22,-1,968,150,1115,281,0.9955312609672546,-1,-1,-1
22,-1,143,642,481,903,0.9745854735374451,-1,-1,-1
23,-1,971,151,1119,279,0.9959962368011475,-1,-1,-1
23,-1,133,644,479,908,0.9553162455558777,-1,-1,-1
24,-1,975,150,1124,274,0.9954041242599487,-1,-1,-1
24,-1,122,652,479,913,0.9581559300422668,-1,-1,-1
25,-1,981,149,1127,271,0.9952996969223022,-1,-1,-1
25,-1,113,655,470,912,0.9636005163192749,-1,-1,-1
26,-1,985,147,1133,268,0.9964572787284851,-1,-1,-1
26,-1,102,657,468,917,0.9629148244857788,-1,-1,-1
27,-1,989,144,1140,268,0.9967977404594421,-1,-1,-1
27,-1,98,660,462,924,0.9655142426490784,-1,-1,-1
28,-1,996,143,1142,267,0.9966769218444824,-1,-1,-1
28,-1,92,664,459,924,0.9473363161087036,-1,-1,-1
29,-1,1002,142,1148,264,0.9960507750511169,-1,-1,-1
29,-1,87,667,459,926,0.9463591575622559,-1,-1,-1
30,-1,1007,140,1151,260,0.9972453117370605,-1,-1,-1
30,-1,78,672,455,931,0.9538943767547607,-1,-1,-1
31,-1,1008,138,1161,260,0.9967190623283386,-1,-1,-1
31,-1,63,677,446,939,0.9453004002571106,-1,-1,-1
32,-1,1017,136,1167,258,0.9963003396987915,-1,-1,-1
32,-1,59,681,442,943,0.9265815019607544,-1,-1,-1
33,-1,1024,135,1173,256,0.9961954355239868,-1,-1,-1
33,-1,56,682,428,945,0.9176610708236694,-1,-1,-1
34,-1,1029,134,1183,252,0.9956232905387878,-1,-1,-1
34,-1,42,686,425,947,0.8013986349105835,-1,-1,-1
35,-1,1036,131,1187,251,0.9966760873794556,-1,-1,-1
35,-1,40,687,418,952,0.8142916560173035,-1,-1,-1
36,-1,1041,131,1193,247,0.9957104921340942,-1,-1,-1
36,-1,34,692,414,950,0.7949406504631042,-1,-1,-1
37,-1,1049,127,1202,248,0.9954767823219299,-1,-1,-1
37,-1,29,698,415,954,0.6223816275596619,-1,-1,-1
38,-1,1056,125,1208,247,0.9957442879676819,-1,-1,-1
39,-1,1060,123,1217,244,0.9951366782188416,-1,-1,-1
40,-1,1070,121,1224,243,0.9955846667289734,-1,-1,-1
41,-1,1079,121,1232,239,0.9959908127784729,-1,-1,-1
42,-1,1087,119,1237,239,0.994640052318573,-1,-1,-1
43,-1,1095,119,1244,234,0.9951818585395813,-1,-1,-1
44,-1,1102,116,1253,232,0.9957122802734375,-1,-1,-1
45,-1,1112,116,1260,231,0.9959646463394165,-1,-1,-1
46,-1,1118,115,1269,229,0.9958695769309998,-1,-1,-1
47,-1,1125,113,1277,228,0.9958190321922302,-1,-1,-1
48,-1,1135,114,1285,226,0.9950488209724426,-1,-1,-1
49,-1,1145,111,1289,221,0.9959033131599426,-1,-1,-1
50,-1,1149,110,1299,222,0.9965499639511108,-1,-1,-1
51,-1,1159,109,1306,222,0.9946569204330444,-1,-1,-1
52,-1,1167,107,1313,219,0.9943475127220154,-1,-1,-1
53,-1,1174,109,1320,215,0.9957478642463684,-1,-1,-1
54,-1,1183,106,1329,215,0.9925973415374756,-1,-1,-1
55,-1,1190,103,1338,214,0.9924238920211792,-1,-1,-1
56,-1,1198,104,1343,210,0.9915084838867188,-1,-1,-1
57,-1,1207,103,1348,210,0.9903557300567627,-1,-1,-1
58,-1,1214,100,1354,208,0.9824249148368835,-1,-1,-1
59,-1,1221,99,1364,205,0.9847293496131897,-1,-1,-1
60,-1,1227,100,1365,204,0.9552350044250488,-1,-1,-1
61,-1,1239,98,1372,197,0.8146858215332031,-1,-1,-1
63,-1,1253,91,1405,195,0.7847033143043518,-1,-1,-1
64,-1,1259,91,1406,193,0.9385862350463867,-1,-1,-1
65,-1,1268,92,1408,192,0.9826627969741821,-1,-1,-1
65,-1,1573,705,1920,1010,0.7385908961296082,-1,-1,-1
66,-1,1273,89,1412,191,0.9794436693191528,-1,-1,-1
66,-1,1553,699,1920,995,0.8390543460845947,-1,-1,-1
67,-1,1545,692,1920,984,0.9747619032859802,-1,-1,-1
67,-1,1282,86,1418,190,0.9075585603713989,-1,-1,-1
68,-1,1531,683,1917,969,0.9892609119415283,-1,-1,-1
68,-1,1288,86,1425,187,0.8161633014678955,-1,-1,-1
69,-1,1525,677,1905,960,0.9901949763298035,-1,-1,-1
69,-1,1296,82,1430,184,0.9331684708595276,-1,-1,-1
70,-1,1516,664,1880,941,0.9927541613578796,-1,-1,-1
70,-1,1300,79,1441,184,0.9204928874969482,-1,-1,-1
71,-1,1499,659,1864,931,0.9896224737167358,-1,-1,-1
71,-1,1307,77,1448,183,0.9669615626335144,-1,-1,-1
72,-1,1484,646,1846,917,0.9905921816825867,-1,-1,-1
72,-1,1306,74,1453,180,0.9438122510910034,-1,-1,-1
73,-1,1466,637,1829,900,0.9929209351539612,-1,-1,-1
73,-1,1310,78,1461,180,0.9608058929443359,-1,-1,-1
74,-1,1458,626,1815,886,0.9928775429725647,-1,-1,-1
74,-1,1311,78,1467,180,0.9493914246559143,-1,-1,-1
75,-1,1444,619,1792,874,0.9925440549850464,-1,-1,-1
75,-1,1325,78,1471,181,0.9360390901565552,-1,-1,-1
76,-1,1441,605,1774,867,0.9917295575141907,-1,-1,-1
76,-1,1337,77,1471,178,0.9602964520454407,-1,-1,-1
77,-1,1424,608,1762,853,0.9953551292419434,-1,-1,-1
77,-1,1341,75,1475,176,0.9663569331169128,-1,-1,-1
78,-1,1422,606,1738,841,0.9939000606536865,-1,-1,-1
78,-1,1347,72,1476,174,0.9062067270278931,-1,-1,-1
79,-1,1407,593,1727,829,0.9941743016242981,-1,-1,-1
79,-1,1353,72,1480,175,0.8178787231445312,-1,-1,-1
80,-1,1390,582,1715,819,0.9936999082565308,-1,-1,-1
80,-1,1359,75,1484,174,0.7953754663467407,-1,-1,-1
81,-1,1386,582,1692,810,0.9932150840759277,-1,-1,-1
82,-1,1377,571,1673,804,0.9918392300605774,-1,-1,-1
83,-1,1366,557,1666,788,0.993420422077179,-1,-1,-1
84,-1,1357,548,1649,779,0.9932048320770264,-1,-1,-1
85,-1,1347,544,1632,771,0.9928955435752869,-1,-1,-1
86,-1,1338,539,1622,760,0.9933932423591614,-1,-1,-1
87,-1,1332,535,1610,753,0.9918918609619141,-1,-1,-1
88,-1,1324,522,1595,739,0.9936060905456543,-1,-1,-1
89,-1,1316,515,1580,728,0.9938342571258545,-1,-1,-1
90,-1,1309,511,1570,718,0.9931777715682983,-1,-1,-1
91,-1,1299,505,1559,712,0.9922851324081421,-1,-1,-1
92,-1,1292,498,1548,703,0.9919820427894592,-1,-1,-1
93,-1,1290,493,1535,688,0.99208003282547,-1,-1,-1
94,-1,1281,486,1528,679,0.9934678673744202,-1,-1,-1
95,-1,1277,477,1515,670,0.9929602742195129,-1,-1,-1
96,-1,1270,467,1504,665,0.9929201006889343,-1,-1,-1
97,-1,1258,463,1498,652,0.9940195083618164,-1,-1,-1
98,-1,1260,453,1492,647,0.9920252561569214,-1,-1,-1
99,-1,1251,447,1479,632,0.9935458302497864,-1,-1,-1
99,-1,1334,58,1464,154,0.6502490639686584,-1,-1,-1
100,-1,1244,440,1469,622,0.992169201374054,-1,-1,-1
100,-1,1317,59,1457,155,0.6828675866127014,-1,-1,-1
101,-1,1240,433,1460,613,0.9914268255233765,-1,-1,-1
101,-1,1309,58,1445,156,0.7625786662101746,-1,-1,-1
102,-1,1235,424,1453,606,0.9910159111022949,-1,-1,-1
102,-1,1299,58,1437,154,0.7456128597259521,-1,-1,-1
103,-1,1228,419,1447,594,0.9931550621986389,-1,-1,-1
103,-1,1280,58,1427,156,0.9511203765869141,-1,-1,-1
104,-1,1217,408,1435,586,0.993058443069458,-1,-1,-1
104,-1,1271,59,1416,155,0.9211457371711731,-1,-1,-1
104,-1,1448,640,1920,1068,0.7042683959007263,-1,-1,-1
105,-1,1212,401,1423,576,0.9933536052703857,-1,-1,-1
105,-1,1427,633,1920,1060,0.9537963271141052,-1,-1,-1
105,-1,1256,59,1407,150,0.8048046827316284,-1,-1,-1
106,-1,1196,396,1412,568,0.9938524961471558,-1,-1,-1
106,-1,1419,626,1909,1037,0.9732053875923157,-1,-1,-1
106,-1,1245,57,1398,148,0.6367084980010986,-1,-1,-1
107,-1,1191,387,1406,557,0.9914731979370117,-1,-1,-1
107,-1,1400,616,1894,1025,0.9855024814605713,-1,-1,-1
108,-1,1180,381,1392,551,0.9937735795974731,-1,-1,-1
108,-1,1383,607,1879,1009,0.9796118140220642,-1,-1,-1
109,-1,1170,373,1381,541,0.9946907162666321,-1,-1,-1
109,-1,1372,601,1849,988,0.9829769134521484,-1,-1,-1
109,-1,1202,59,1352,151,0.9096902012825012,-1,-1,-1
110,-1,1153,364,1367,529,0.9933712482452393,-1,-1,-1
110,-1,1362,591,1828,975,0.9873172640800476,-1,-1,-1
111,-1,1147,358,1353,519,0.9938276410102844,-1,-1,-1
111,-1,1351,587,1816,957,0.9890179634094238,-1,-1,-1
112,-1,1129,351,1339,513,0.9951086640357971,-1,-1,-1
112,-1,1344,584,1785,943,0.990294337272644,-1,-1,-1
112,-1,1151,58,1305,150,0.9421907663345337,-1,-1,-1
113,-1,1120,344,1324,505,0.9954018592834473,-1,-1,-1
113,-1,1327,567,1770,932,0.9902308583259583,-1,-1,-1
113,-1,1125,60,1289,147,0.664299726486206,-1,-1,-1
114,-1,1109,339,1313,494,0.9945088028907776,-1,-1,-1
114,-1,1331,564,1748,918,0.990934431552887,-1,-1,-1
115,-1,1097,333,1297,487,0.9950692653656006,-1,-1,-1
115,-1,1314,552,1736,902,0.9932668209075928,-1,-1,-1
116,-1,1092,326,1286,480,0.9944403767585754,-1,-1,-1
116,-1,1316,545,1717,889,0.9912322163581848,-1,-1,-1
117,-1,1075,320,1276,472,0.9951399564743042,-1,-1,-1
117,-1,1301,539,1694,871,0.991174578666687,-1,-1,-1
118,-1,1067,312,1262,467,0.9946873188018799,-1,-1,-1
118,-1,1302,533,1683,857,0.9942207336425781,-1,-1,-1
119,-1,1295,526,1667,841,0.9951569437980652,-1,-1,-1
119,-1,1054,304,1247,457,0.9945427179336548,-1,-1,-1
120,-1,1050,302,1241,452,0.9941658973693848,-1,-1,-1
120,-1,1286,516,1652,830,0.99208003282547,-1,-1,-1
121,-1,1039,294,1230,447,0.9952722191810608,-1,-1,-1
121,-1,1284,513,1637,818,0.9951580166816711,-1,-1,-1
122,-1,1029,290,1216,436,0.9954922199249268,-1,-1,-1
122,-1,1277,508,1624,805,0.9944709539413452,-1,-1,-1
123,-1,1019,288,1204,430,0.9957998394966125,-1,-1,-1
123,-1,1274,502,1617,794,0.9947550296783447,-1,-1,-1
124,-1,1011,281,1196,425,0.9957276582717896,-1,-1,-1
124,-1,1277,494,1608,784,0.9940715432167053,-1,-1,-1
125,-1,1005,276,1185,418,0.9951344132423401,-1,-1,-1
125,-1,1262,484,1594,776,0.9946780204772949,-1,-1,-1
126,-1,996,271,1175,413,0.9951061010360718,-1,-1,-1
126,-1,1261,480,1584,762,0.994042694568634,-1,-1,-1
127,-1,1256,471,1572,752,0.995332658290863,-1,-1,-1
127,-1,992,266,1169,407,0.9947654008865356,-1,-1,-1
128,-1,1251,463,1562,743,0.9955529570579529,-1,-1,-1
128,-1,988,263,1159,404,0.9928515553474426,-1,-1,-1
129,-1,981,258,1151,397,0.9959883093833923,-1,-1,-1
129,-1,1258,468,1548,726,0.9941526055335999,-1,-1,-1
130,-1,978,255,1142,390,0.9947362542152405,-1,-1,-1
130,-1,1255,464,1537,719,0.9936570525169373,-1,-1,-1
131,-1,1243,448,1536,709,0.9947689771652222,-1,-1,-1
131,-1,973,248,1135,385,0.9939097166061401,-1,-1,-1
132,-1,1241,441,1527,697,0.9949295520782471,-1,-1,-1
132,-1,973,243,1131,381,0.9930765628814697,-1,-1,-1
133,-1,1240,436,1519,686,0.9954307079315186,-1,-1,-1
133,-1,971,240,1128,373,0.9928340911865234,-1,-1,-1
134,-1,1234,431,1520,680,0.9936724901199341,-1,-1,-1
134,-1,968,235,1126,368,0.9929560422897339,-1,-1,-1
135,-1,1231,418,1512,667,0.994751513004303,-1,-1,-1
135,-1,971,233,1119,364,0.9938398003578186,-1,-1,-1
136,-1,1231,417,1498,659,0.9948348999023438,-1,-1,-1
136,-1,970,226,1116,360,0.9922107458114624,-1,-1,-1
137,-1,1227,409,1491,650,0.995201826095581,-1,-1,-1
137,-1,969,222,1116,354,0.9936895370483398,-1,-1,-1
138,-1,971,219,1115,351,0.9954321384429932,-1,-1,-1
138,-1,1218,397,1486,640,0.9944413304328918,-1,-1,-1
139,-1,968,215,1115,346,0.9941790103912354,-1,-1,-1
139,-1,1217,394,1477,631,0.9940757751464844,-1,-1,-1
140,-1,1214,389,1468,618,0.9959923624992371,-1,-1,-1
140,-1,968,213,1114,342,0.9953252077102661,-1,-1,-1
141,-1,1207,381,1463,610,0.9953775405883789,-1,-1,-1
141,-1,965,212,1113,338,0.9951539039611816,-1,-1,-1
142,-1,1203,370,1460,602,0.9953323006629944,-1,-1,-1
142,-1,968,207,1112,334,0.9950798749923706,-1,-1,-1
143,-1,1194,366,1452,592,0.9956355690956116,-1,-1,-1
143,-1,966,203,1112,328,0.9949262142181396,-1,-1,-1
144,-1,965,201,1111,324,0.9960548877716064,-1,-1,-1
144,-1,1197,357,1441,581,0.9955934882164001,-1,-1,-1
145,-1,1187,349,1435,572,0.9949896931648254,-1,-1,-1
145,-1,968,196,1111,321,0.9941452741622925,-1,-1,-1
146,-1,1187,346,1426,563,0.9955207109451294,-1,-1,-1
146,-1,967,194,1108,318,0.9950706958770752,-1,-1,-1
147,-1,967,194,1107,313,0.9976000189781189,-1,-1,-1
147,-1,1184,336,1420,554,0.9949811100959778,-1,-1,-1
148,-1,967,192,1107,311,0.9974040389060974,-1,-1,-1
148,-1,1180,331,1414,544,0.99489426612854,-1,-1,-1
149,-1,967,188,1107,306,0.9971655011177063,-1,-1,-1
149,-1,1175,326,1408,533,0.9946059584617615,-1,-1,-1
150,-1,968,184,1107,303,0.9971442818641663,-1,-1,-1
150,-1,1171,317,1400,523,0.9947569370269775,-1,-1,-1
151,-1,967,181,1110,298,0.9976890087127686,-1,-1,-1
151,-1,1172,310,1394,516,0.9930433034896851,-1,-1,-1
152,-1,972,177,1110,296,0.9954848289489746,-1,-1,-1
152,-1,1165,307,1387,507,0.9939822554588318,-1,-1,-1
153,-1,970,176,1116,291,0.9958618879318237,-1,-1,-1
153,-1,1166,302,1382,498,0.9941007494926453,-1,-1,-1
154,-1,977,173,1113,289,0.9975277781486511,-1,-1,-1
154,-1,1160,293,1375,488,0.9927645325660706,-1,-1,-1
155,-1,980,172,1118,287,0.9968710541725159,-1,-1,-1
155,-1,1154,289,1370,481,0.9935787916183472,-1,-1,-1
155,-1,1321,17,1501,142,0.6622944474220276,-1,-1,-1
156,-1,984,170,1121,284,0.9972034692764282,-1,-1,-1
156,-1,1152,285,1366,472,0.9928526282310486,-1,-1,-1
156,-1,1314,15,1495,143,0.9083940982818604,-1,-1,-1
157,-1,985,166,1126,281,0.9952788352966309,-1,-1,-1
157,-1,1150,279,1364,463,0.9924506545066833,-1,-1,-1
157,-1,1304,16,1495,147,0.9563140273094177,-1,-1,-1
158,-1,988,163,1127,278,0.9962060451507568,-1,-1,-1
158,-1,1147,269,1358,457,0.9925494194030762,-1,-1,-1
158,-1,1299,15,1505,146,0.9747914671897888,-1,-1,-1
159,-1,992,160,1134,274,0.9972364902496338,-1,-1,-1
159,-1,1146,263,1350,449,0.9929112792015076,-1,-1,-1
159,-1,1293,13,1504,145,0.9801897406578064,-1,-1,-1
160,-1,998,158,1139,271,0.9947372078895569,-1,-1,-1
160,-1,1138,261,1344,442,0.9932122230529785,-1,-1,-1
160,-1,1287,13,1504,149,0.9827378392219543,-1,-1,-1
161,-1,1002,156,1142,268,0.995843231678009,-1,-1,-1
161,-1,1136,254,1337,436,0.992484986782074,-1,-1,-1
161,-1,1282,11,1490,151,0.9886406660079956,-1,-1,-1
162,-1,1009,154,1146,267,0.9941137433052063,-1,-1,-1
162,-1,1132,248,1331,430,0.9933716058731079,-1,-1,-1
162,-1,1271,14,1481,151,0.9871932864189148,-1,-1,-1
163,-1,1013,153,1151,265,0.9949049949645996,-1,-1,-1
163,-1,1132,242,1327,430,0.9917484521865845,-1,-1,-1
163,-1,1266,8,1472,154,0.9886221289634705,-1,-1,-1
164,-1,1017,152,1158,262,0.994851291179657,-1,-1,-1
164,-1,1126,239,1329,419,0.9933973550796509,-1,-1,-1
164,-1,1262,11,1460,155,0.991671085357666,-1,-1,-1
165,-1,1021,151,1166,259,0.9937224984169006,-1,-1,-1
165,-1,1127,236,1319,411,0.9928531050682068,-1,-1,-1
165,-1,1253,11,1447,156,0.9927719235420227,-1,-1,-1
166,-1,1030,148,1171,258,0.993529736995697,-1,-1,-1
166,-1,1123,231,1315,404,0.9929198622703552,-1,-1,-1
166,-1,1248,10,1439,156,0.9890742897987366,-1,-1,-1
167,-1,1122,224,1310,397,0.9927904605865479,-1,-1,-1
167,-1,1034,147,1182,255,0.9913321733474731,-1,-1,-1
167,-1,1240,12,1435,161,0.990297257900238,-1,-1,-1
168,-1,1119,221,1305,390,0.9920927882194519,-1,-1,-1
168,-1,1045,142,1188,251,0.9896243214607239,-1,-1,-1
168,-1,1224,11,1425,159,0.9848601222038269,-1,-1,-1
169,-1,1116,219,1300,384,0.9921972155570984,-1,-1,-1
169,-1,1052,140,1195,251,0.9849403500556946,-1,-1,-1
169,-1,1217,12,1421,159,0.9728322625160217,-1,-1,-1
170,-1,1114,216,1294,377,0.9906821250915527,-1,-1,-1
170,-1,1058,138,1203,247,0.974528968334198,-1,-1,-1
170,-1,1214,19,1425,158,0.9726113080978394,-1,-1,-1
171,-1,1112,206,1294,374,0.9905300736427307,-1,-1,-1
171,-1,1068,136,1211,244,0.9604373574256897,-1,-1,-1
171,-1,1202,18,1412,169,0.9569205641746521,-1,-1,-1
172,-1,1109,202,1288,368,0.9928683638572693,-1,-1,-1
172,-1,1077,134,1217,243,0.9578527212142944,-1,-1,-1
172,-1,1203,20,1401,167,0.9036149978637695,-1,-1,-1
173,-1,1111,200,1283,362,0.9953173398971558,-1,-1,-1
173,-1,1082,130,1227,244,0.9721857905387878,-1,-1,-1
173,-1,1200,21,1386,170,0.9410127997398376,-1,-1,-1
174,-1,1108,201,1280,357,0.9948921203613281,-1,-1,-1
174,-1,1092,128,1233,238,0.9726833701133728,-1,-1,-1
174,-1,1196,19,1394,173,0.9527662992477417,-1,-1,-1
175,-1,1107,198,1279,350,0.9957035183906555,-1,-1,-1
175,-1,1100,131,1241,231,0.9832600951194763,-1,-1,-1
175,-1,1186,19,1393,170,0.947807788848877,-1,-1,-1
176,-1,1106,196,1274,346,0.9946424961090088,-1,-1,-1
176,-1,1108,127,1247,229,0.9719727635383606,-1,-1,-1
176,-1,1184,19,1374,163,0.9620717763900757,-1,-1,-1
177,-1,1106,192,1274,340,0.9937722086906433,-1,-1,-1
177,-1,1117,124,1256,230,0.9570850133895874,-1,-1,-1
177,-1,1176,18,1364,164,0.9422990679740906,-1,-1,-1
178,-1,1107,186,1271,331,0.9934037327766418,-1,-1,-1
178,-1,1164,20,1377,167,0.957771897315979,-1,-1,-1
178,-1,1125,123,1264,228,0.9574190378189087,-1,-1,-1
179,-1,1104,182,1269,330,0.9931991696357727,-1,-1,-1
179,-1,1130,117,1272,224,0.971775472164154,-1,-1,-1
179,-1,1157,20,1355,168,0.9657588005065918,-1,-1,-1
180,-1,1102,177,1271,328,0.9954192638397217,-1,-1,-1
180,-1,1140,121,1279,219,0.9770633578300476,-1,-1,-1
180,-1,1145,19,1350,168,0.9699694514274597,-1,-1,-1
181,-1,1102,174,1269,321,0.9918204545974731,-1,-1,-1
181,-1,1137,25,1340,177,0.9781243801116943,-1,-1,-1
181,-1,1154,121,1287,218,0.9595789909362793,-1,-1,-1
182,-1,1101,170,1266,321,0.9938602447509766,-1,-1,-1
182,-1,1127,23,1334,170,0.9817481637001038,-1,-1,-1
182,-1,1163,118,1296,218,0.9390435814857483,-1,-1,-1
183,-1,1100,168,1264,313,0.9942713975906372,-1,-1,-1
183,-1,1119,26,1325,167,0.9812743067741394,-1,-1,-1
183,-1,1168,119,1306,215,0.9258350133895874,-1,-1,-1
184,-1,1102,166,1263,308,0.9953534603118896,-1,-1,-1
184,-1,1104,25,1319,173,0.9853267669677734,-1,-1,-1
184,-1,1179,117,1312,212,0.9334062933921814,-1,-1,-1
185,-1,1103,162,1267,303,0.993838369846344,-1,-1,-1
185,-1,1098,22,1318,185,0.9720255732536316,-1,-1,-1
185,-1,1185,116,1323,212,0.9390011429786682,-1,-1,-1
186,-1,1101,162,1267,301,0.9949631690979004,-1,-1,-1
186,-1,1088,21,1296,188,0.9706273674964905,-1,-1,-1
186,-1,1194,111,1330,210,0.9290443658828735,-1,-1,-1
187,-1,1104,159,1271,297,0.9947233200073242,-1,-1,-1
187,-1,1076,19,1297,190,0.9841326475143433,-1,-1,-1
187,-1,1201,110,1343,209,0.9363968372344971,-1,-1,-1
188,-1,1105,154,1270,292,0.9938788414001465,-1,-1,-1
188,-1,1062,25,1286,186,0.9824734926223755,-1,-1,-1
188,-1,1210,108,1347,208,0.9438382387161255,-1,-1,-1
189,-1,1108,155,1271,290,0.994979202747345,-1,-1,-1
189,-1,1050,25,1276,190,0.9872795343399048,-1,-1,-1
189,-1,1220,107,1353,204,0.9438947439193726,-1,-1,-1
190,-1,1114,152,1275,286,0.9945634007453918,-1,-1,-1
190,-1,1037,28,1272,196,0.9914368987083435,-1,-1,-1
190,-1,1225,105,1367,203,0.9091887474060059,-1,-1,-1
190,-1,1532,666,1920,1021,0.6996063590049744,-1,-1,-1
191,-1,1120,146,1278,284,0.9942306280136108,-1,-1,-1
191,-1,1030,26,1262,197,0.9904206991195679,-1,-1,-1
191,-1,1527,653,1920,1017,0.9320929050445557,-1,-1,-1
192,-1,1119,142,1284,284,0.9937373399734497,-1,-1,-1
192,-1,1020,23,1258,198,0.9900542497634888,-1,-1,-1
192,-1,1512,647,1920,1000,0.9787555932998657,-1,-1,-1
192,-1,1246,108,1372,198,0.7431786060333252,-1,-1,-1
193,-1,1127,142,1289,278,0.9943654537200928,-1,-1,-1
193,-1,1002,27,1251,199,0.9894372224807739,-1,-1,-1
193,-1,1505,639,1913,988,0.9800784587860107,-1,-1,-1
194,-1,1132,139,1296,276,0.9937959909439087,-1,-1,-1
194,-1,994,32,1243,200,0.9895362854003906,-1,-1,-1
194,-1,1492,632,1900,972,0.9833609461784363,-1,-1,-1
194,-1,1260,100,1405,194,0.6453638672828674,-1,-1,-1
195,-1,1140,137,1302,270,0.9936214089393616,-1,-1,-1
195,-1,977,34,1224,203,0.9910820722579956,-1,-1,-1
195,-1,1495,625,1886,953,0.9874542951583862,-1,-1,-1
195,-1,1269,99,1408,191,0.6700095534324646,-1,-1,-1
196,-1,1145,135,1311,268,0.993187427520752,-1,-1,-1
196,-1,963,35,1215,206,0.9926969408988953,-1,-1,-1
196,-1,1490,616,1866,948,0.9861947298049927,-1,-1,-1
196,-1,1274,96,1411,192,0.967003345489502,-1,-1,-1
197,-1,1154,135,1318,265,0.9917266368865967,-1,-1,-1
197,-1,954,38,1208,206,0.9907761216163635,-1,-1,-1
197,-1,1474,605,1861,930,0.9900299310684204,-1,-1,-1
197,-1,1284,95,1415,190,0.8209493160247803,-1,-1,-1
198,-1,1163,129,1323,263,0.993878185749054,-1,-1,-1
198,-1,940,37,1192,209,0.9929865002632141,-1,-1,-1
198,-1,1451,600,1841,914,0.9905465841293335,-1,-1,-1
198,-1,1290,93,1421,187,0.789811372756958,-1,-1,-1
199,-1,921,41,1186,211,0.9951647520065308,-1,-1,-1
199,-1,1171,129,1334,259,0.9929574728012085,-1,-1,-1
199,-1,1459,594,1830,900,0.9900059103965759,-1,-1,-1
199,-1,1301,92,1428,185,0.7459426522254944,-1,-1,-1
200,-1,911,41,1175,214,0.9947276711463928,-1,-1,-1
200,-1,1451,582,1815,887,0.9928386807441711,-1,-1,-1
200,-1,1180,126,1345,255,0.9879401922225952,-1,-1,-1
200,-1,1310,93,1435,182,0.6654713153839111,-1,-1,-1
201,-1,900,41,1159,215,0.993738055229187,-1,-1,-1
201,-1,1433,579,1803,871,0.9922349452972412,-1,-1,-1
201,-1,1191,125,1350,253,0.9877542853355408,-1,-1,-1
201,-1,1317,91,1446,181,0.8634555339813232,-1,-1,-1
202,-1,891,41,1147,217,0.9933395981788635,-1,-1,-1
202,-1,1434,572,1791,862,0.9916805624961853,-1,-1,-1
202,-1,1197,123,1358,248,0.9883973002433777,-1,-1,-1
202,-1,1320,89,1452,180,0.9081789255142212,-1,-1,-1
203,-1,878,45,1141,218,0.9944985508918762,-1,-1,-1
203,-1,1421,564,1771,851,0.992026150226593,-1,-1,-1
203,-1,1210,118,1368,243,0.981500506401062,-1,-1,-1
203,-1,1332,88,1456,179,0.8956606388092041,-1,-1,-1
204,-1,858,45,1125,221,0.991852343082428,-1,-1,-1
204,-1,1413,556,1762,841,0.9913923740386963,-1,-1,-1
204,-1,1217,118,1374,239,0.9744039177894592,-1,-1,-1
204,-1,1338,86,1464,178,0.9120116829872131,-1,-1,-1
205,-1,847,48,1115,223,0.9933776259422302,-1,-1,-1
205,-1,1399,550,1749,827,0.9918296933174133,-1,-1,-1
205,-1,1228,116,1389,239,0.9891637563705444,-1,-1,-1
205,-1,1343,87,1468,177,0.9131571650505066,-1,-1,-1
206,-1,835,47,1098,226,0.9939566850662231,-1,-1,-1
206,-1,1400,548,1735,817,0.9933329224586487,-1,-1,-1
206,-1,1237,117,1399,235,0.9912071824073792,-1,-1,-1
206,-1,1348,85,1472,177,0.8569978475570679,-1,-1,-1
207,-1,827,53,1091,226,0.9954022169113159,-1,-1,-1
207,-1,1248,114,1412,233,0.9951044321060181,-1,-1,-1
207,-1,1389,534,1721,810,0.9938212037086487,-1,-1,-1
207,-1,1352,83,1477,174,0.8136931657791138,-1,-1,-1
208,-1,1258,110,1420,229,0.9944624304771423,-1,-1,-1
208,-1,1387,535,1703,795,0.9936000108718872,-1,-1,-1
208,-1,809,52,1075,227,0.9931926131248474,-1,-1,-1
209,-1,799,50,1064,229,0.9943122863769531,-1,-1,-1
209,-1,1372,524,1696,786,0.9929025769233704,-1,-1,-1
209,-1,1270,108,1429,223,0.9896429181098938,-1,-1,-1
210,-1,1369,517,1678,776,0.9932270646095276,-1,-1,-1
210,-1,787,52,1051,232,0.9930752515792847,-1,-1,-1
210,-1,1284,104,1436,219,0.9901376962661743,-1,-1,-1
211,-1,1360,515,1670,762,0.9946447610855103,-1,-1,-1
211,-1,774,55,1037,235,0.9940797090530396,-1,-1,-1
211,-1,1292,105,1447,218,0.9833148717880249,-1,-1,-1
212,-1,761,55,1026,238,0.9938997030258179,-1,-1,-1
212,-1,1354,502,1651,754,0.991592288017273,-1,-1,-1
212,-1,1302,101,1454,218,0.9856334328651428,-1,-1,-1
213,-1,754,57,1014,239,0.9954851865768433,-1,-1,-1
213,-1,1347,505,1638,748,0.9928539395332336,-1,-1,-1
213,-1,1305,99,1468,215,0.9841607213020325,-1,-1,-1
214,-1,743,59,1006,241,0.9943379759788513,-1,-1,-1
214,-1,1331,489,1629,735,0.9922714233398438,-1,-1,-1
214,-1,1319,99,1477,214,0.9809004664421082,-1,-1,-1
215,-1,736,60,998,243,0.9947991371154785,-1,-1,-1
215,-1,1331,488,1619,725,0.9927485585212708,-1,-1,-1
215,-1,1333,97,1487,211,0.9856486320495605,-1,-1,-1
216,-1,723,59,984,245,0.9949722290039062,-1,-1,-1
216,-1,1323,478,1603,712,0.9926122426986694,-1,-1,-1
216,-1,1347,96,1489,211,0.9835806488990784,-1,-1,-1
217,-1,713,60,973,247,0.9939471483230591,-1,-1,-1
217,-1,1313,473,1597,705,0.99308842420578,-1,-1,-1
217,-1,1354,90,1499,206,0.9766982197761536,-1,-1,-1
218,-1,1299,464,1581,697,0.9944736361503601,-1,-1,-1
218,-1,709,68,970,249,0.992146909236908,-1,-1,-1
218,-1,1362,89,1513,202,0.9657473564147949,-1,-1,-1
219,-1,1292,460,1575,687,0.9949446320533752,-1,-1,-1
219,-1,692,66,943,253,0.9929510354995728,-1,-1,-1
219,-1,1373,90,1522,202,0.9758781790733337,-1,-1,-1
220,-1,1289,455,1561,679,0.9946509003639221,-1,-1,-1
220,-1,686,68,935,254,0.9940916895866394,-1,-1,-1
220,-1,1378,90,1526,198,0.9433724880218506,-1,-1,-1
221,-1,1285,450,1553,673,0.9952070116996765,-1,-1,-1
221,-1,682,66,925,257,0.9933760762214661,-1,-1,-1
222,-1,1274,444,1542,662,0.9944872260093689,-1,-1,-1
222,-1,673,67,916,262,0.9929157495498657,-1,-1,-1
223,-1,1268,432,1529,652,0.9944936037063599,-1,-1,-1
223,-1,668,67,908,262,0.9936595559120178,-1,-1,-1
224,-1,1268,424,1523,643,0.995070219039917,-1,-1,-1
224,-1,665,66,898,269,0.9905608296394348,-1,-1,-1
225,-1,1259,420,1511,632,0.995587944984436,-1,-1,-1
225,-1,660,71,894,267,0.9927858114242554,-1,-1,-1
226,-1,1254,415,1504,624,0.996046245098114,-1,-1,-1
226,-1,648,73,885,270,0.9946664571762085,-1,-1,-1
227,-1,1249,407,1494,616,0.994744062423706,-1,-1,-1
227,-1,643,78,874,272,0.9945526719093323,-1,-1,-1
227,-1,1316,63,1456,158,0.934654176235199,-1,-1,-1
228,-1,638,76,868,276,0.9952616691589355,-1,-1,-1
228,-1,1246,403,1483,605,0.9951863884925842,-1,-1,-1
228,-1,1307,63,1444,157,0.9658510088920593,-1,-1,-1
229,-1,1235,395,1476,597,0.9952057003974915,-1,-1,-1
229,-1,633,79,869,280,0.9942541718482971,-1,-1,-1
229,-1,1294,66,1432,155,0.9625576138496399,-1,-1,-1
230,-1,1233,386,1467,588,0.994999885559082,-1,-1,-1
230,-1,627,78,854,284,0.9936569333076477,-1,-1,-1
230,-1,1278,66,1420,155,0.9412292838096619,-1,-1,-1
231,-1,1228,379,1460,577,0.9956544637680054,-1,-1,-1
231,-1,622,76,847,286,0.9896189570426941,-1,-1,-1
231,-1,1263,68,1408,150,0.7361959218978882,-1,-1,-1
232,-1,1228,374,1454,569,0.9939656853675842,-1,-1,-1
232,-1,614,79,843,290,0.9927130341529846,-1,-1,-1
233,-1,1222,367,1445,564,0.9959850311279297,-1,-1,-1
233,-1,607,78,837,293,0.9902516603469849,-1,-1,-1
234,-1,1219,360,1439,554,0.9958244562149048,-1,-1,-1
234,-1,606,84,829,297,0.9902108907699585,-1,-1,-1
235,-1,1213,353,1433,545,0.9957362413406372,-1,-1,-1
235,-1,600,86,825,302,0.9877391457557678,-1,-1,-1
236,-1,1212,347,1425,535,0.995170533657074,-1,-1,-1
236,-1,592,92,819,305,0.9855637550354004,-1,-1,-1
237,-1,1205,340,1418,525,0.9962222576141357,-1,-1,-1
237,-1,590,97,813,308,0.9877882599830627,-1,-1,-1
237,-1,1166,64,1307,149,0.6752792596817017,-1,-1,-1
238,-1,1199,332,1413,517,0.9953632354736328,-1,-1,-1
238,-1,585,100,808,313,0.9876006841659546,-1,-1,-1
239,-1,1197,329,1409,511,0.996298611164093,-1,-1,-1
239,-1,582,102,802,314,0.9864200949668884,-1,-1,-1
240,-1,1193,325,1402,502,0.9956755042076111,-1,-1,-1
240,-1,574,103,799,318,0.9835109710693359,-1,-1,-1
241,-1,1195,316,1400,493,0.99444580078125,-1,-1,-1
241,-1,574,106,796,327,0.9854940176010132,-1,-1,-1
242,-1,1191,312,1390,484,0.9939145445823669,-1,-1,-1
242,-1,576,107,792,329,0.9891001582145691,-1,-1,-1
243,-1,1189,307,1386,478,0.9953294992446899,-1,-1,-1
243,-1,569,111,790,332,0.9927345514297485,-1,-1,-1
244,-1,1185,303,1385,472,0.9950141310691833,-1,-1,-1
244,-1,566,114,785,335,0.9941622614860535,-1,-1,-1
245,-1,566,119,780,337,0.9953835606575012,-1,-1,-1
245,-1,1182,296,1381,465,0.9952913522720337,-1,-1,-1
246,-1,1179,291,1372,460,0.9961245656013489,-1,-1,-1
246,-1,564,120,779,340,0.9959593415260315,-1,-1,-1
247,-1,1177,286,1368,453,0.996070384979248,-1,-1,-1
247,-1,563,122,777,343,0.9959213733673096,-1,-1,-1
248,-1,1175,283,1364,446,0.9954203963279724,-1,-1,-1
248,-1,558,122,775,352,0.9950666427612305,-1,-1,-1
249,-1,1168,279,1360,439,0.9960371851921082,-1,-1,-1
249,-1,553,124,772,356,0.9936197400093079,-1,-1,-1
250,-1,1166,273,1354,432,0.9941200613975525,-1,-1,-1
250,-1,549,124,769,360,0.99333256483078,-1,-1,-1
250,-1,993,796,1477,1079,0.8021782040596008,-1,-1,-1
251,-1,1164,267,1347,427,0.9942941069602966,-1,-1,-1
251,-1,547,125,768,363,0.992830216884613,-1,-1,-1
251,-1,994,784,1473,1080,0.7111822962760925,-1,-1,-1
252,-1,1159,263,1344,420,0.9950773119926453,-1,-1,-1
252,-1,544,128,768,367,0.9935324192047119,-1,-1,-1
252,-1,1011,773,1472,1077,0.8747274875640869,-1,-1,-1
253,-1,1156,259,1338,415,0.9953349232673645,-1,-1,-1
253,-1,542,133,765,371,0.9941184520721436,-1,-1,-1
253,-1,1018,761,1476,1075,0.9364237189292908,-1,-1,-1
254,-1,1157,255,1336,407,0.9952499866485596,-1,-1,-1
254,-1,536,135,766,375,0.993506669998169,-1,-1,-1
254,-1,1026,749,1477,1070,0.9835271239280701,-1,-1,-1
255,-1,1154,249,1329,401,0.9952296018600464,-1,-1,-1
255,-1,534,137,763,379,0.9928725957870483,-1,-1,-1
255,-1,1042,740,1480,1063,0.9880672693252563,-1,-1,-1
256,-1,1150,243,1325,397,0.9957744479179382,-1,-1,-1
256,-1,1046,730,1479,1052,0.9935442209243774,-1,-1,-1
256,-1,528,140,764,383,0.9927615523338318,-1,-1,-1
257,-1,1144,241,1321,389,0.9945437908172607,-1,-1,-1
257,-1,1047,710,1466,1050,0.9926307201385498,-1,-1,-1
257,-1,526,141,763,385,0.9911894798278809,-1,-1,-1
258,-1,1147,237,1318,382,0.9950418472290039,-1,-1,-1
258,-1,1051,707,1472,1020,0.9940474033355713,-1,-1,-1
258,-1,524,140,760,388,0.9912871718406677,-1,-1,-1
259,-1,1055,699,1468,1006,0.9956098198890686,-1,-1,-1
259,-1,1141,232,1315,377,0.9945524334907532,-1,-1,-1
259,-1,523,141,760,392,0.9921180605888367,-1,-1,-1
260,-1,1138,229,1308,373,0.9966799020767212,-1,-1,-1
260,-1,1062,693,1465,996,0.9944485425949097,-1,-1,-1
260,-1,523,148,761,399,0.9926757216453552,-1,-1,-1
261,-1,1137,223,1301,369,0.9944121241569519,-1,-1,-1
261,-1,1061,675,1452,982,0.993458092212677,-1,-1,-1
261,-1,521,154,755,404,0.9928300976753235,-1,-1,-1
262,-1,1133,221,1301,363,0.9939957857131958,-1,-1,-1
262,-1,1069,670,1450,965,0.9933667778968811,-1,-1,-1
262,-1,516,155,755,411,0.9921476244926453,-1,-1,-1
263,-1,1131,216,1297,359,0.9950233697891235,-1,-1,-1
263,-1,1066,670,1449,956,0.9945563077926636,-1,-1,-1
263,-1,504,157,755,415,0.9887450337409973,-1,-1,-1
264,-1,1129,211,1294,357,0.9953658580780029,-1,-1,-1
264,-1,1060,659,1434,940,0.9951083064079285,-1,-1,-1
264,-1,499,158,758,419,0.9884060621261597,-1,-1,-1
265,-1,1125,210,1291,349,0.9958412051200867,-1,-1,-1
265,-1,1068,650,1432,925,0.994629979133606,-1,-1,-1
265,-1,495,157,751,424,0.99100261926651,-1,-1,-1
266,-1,1064,642,1427,913,0.9952054023742676,-1,-1,-1
266,-1,1125,204,1288,344,0.9949153661727905,-1,-1,-1
266,-1,492,160,749,430,0.9880440831184387,-1,-1,-1
266,-1,1344,53,1465,148,0.8536086082458496,-1,-1,-1
267,-1,1054,628,1419,899,0.9943808913230896,-1,-1,-1
267,-1,1121,201,1282,339,0.9938132762908936,-1,-1,-1
267,-1,484,167,752,437,0.9905192852020264,-1,-1,-1
267,-1,1337,53,1457,151,0.8530538082122803,-1,-1,-1
268,-1,1059,625,1418,885,0.9955939650535583,-1,-1,-1
268,-1,1119,200,1277,336,0.994419276714325,-1,-1,-1
268,-1,483,169,752,442,0.9919549822807312,-1,-1,-1
268,-1,1326,53,1451,152,0.9217560887336731,-1,-1,-1
269,-1,1116,192,1273,331,0.9949783682823181,-1,-1,-1
269,-1,1054,616,1402,873,0.9949080348014832,-1,-1,-1
269,-1,475,170,749,446,0.9909470081329346,-1,-1,-1
269,-1,1319,55,1443,152,0.9078279733657837,-1,-1,-1
270,-1,1057,607,1396,862,0.994499921798706,-1,-1,-1
270,-1,1115,192,1272,329,0.9939649701118469,-1,-1,-1
270,-1,470,174,747,451,0.9887216091156006,-1,-1,-1
270,-1,1314,55,1434,157,0.9030565619468689,-1,-1,-1
271,-1,1116,190,1270,325,0.9960275888442993,-1,-1,-1
271,-1,1045,596,1378,852,0.9940329194068909,-1,-1,-1
271,-1,473,177,744,457,0.9902833700180054,-1,-1,-1
271,-1,1304,56,1427,158,0.9328367114067078,-1,-1,-1
272,-1,1044,591,1372,832,0.9945118427276611,-1,-1,-1
272,-1,1109,185,1268,320,0.9936184883117676,-1,-1,-1
272,-1,462,179,742,460,0.992554247379303,-1,-1,-1
272,-1,1303,59,1420,157,0.9039379358291626,-1,-1,-1
273,-1,1049,592,1362,827,0.9936184883117676,-1,-1,-1
273,-1,1109,180,1264,315,0.9930639863014221,-1,-1,-1
273,-1,464,179,737,471,0.9925140738487244,-1,-1,-1
273,-1,1294,61,1415,157,0.9446181654930115,-1,-1,-1
274,-1,461,184,738,473,0.9946710467338562,-1,-1,-1
274,-1,1045,583,1351,820,0.9941885471343994,-1,-1,-1
274,-1,1111,178,1266,313,0.9920910596847534,-1,-1,-1
274,-1,1285,63,1407,156,0.9181949496269226,-1,-1,-1
275,-1,1110,179,1259,308,0.9938649535179138,-1,-1,-1
275,-1,1044,572,1347,807,0.9931077361106873,-1,-1,-1
275,-1,451,185,736,478,0.9917231202125549,-1,-1,-1
275,-1,1275,63,1398,154,0.9109413027763367,-1,-1,-1
276,-1,1041,566,1343,802,0.9937061667442322,-1,-1,-1
276,-1,1109,174,1259,303,0.9936614036560059,-1,-1,-1
276,-1,450,192,731,490,0.9922084808349609,-1,-1,-1
276,-1,1266,64,1387,154,0.8757351040840149,-1,-1,-1
277,-1,1108,171,1261,300,0.9948806762695312,-1,-1,-1
277,-1,1040,560,1329,788,0.9937742948532104,-1,-1,-1
277,-1,438,190,729,495,0.9926847219467163,-1,-1,-1
277,-1,1260,62,1381,157,0.9180975556373596,-1,-1,-1
278,-1,1110,169,1260,298,0.9963577389717102,-1,-1,-1
278,-1,1032,544,1330,778,0.9945787191390991,-1,-1,-1
278,-1,434,193,726,501,0.9922546148300171,-1,-1,-1
278,-1,1252,62,1370,158,0.9371904730796814,-1,-1,-1
279,-1,1112,166,1259,293,0.9957939386367798,-1,-1,-1
279,-1,1032,540,1323,767,0.9941993951797485,-1,-1,-1
279,-1,438,202,727,504,0.9930167198181152,-1,-1,-1
279,-1,1243,65,1360,158,0.9314057230949402,-1,-1,-1
280,-1,1114,164,1263,289,0.9941055774688721,-1,-1,-1
280,-1,1027,535,1325,756,0.9930703043937683,-1,-1,-1
280,-1,428,207,729,508,0.9919376969337463,-1,-1,-1
280,-1,947,50,1079,153,0.9546202421188354,-1,-1,-1
280,-1,1229,66,1355,165,0.8970732092857361,-1,-1,-1
281,-1,1119,160,1263,288,0.9947983026504517,-1,-1,-1
281,-1,415,213,717,522,0.9909229874610901,-1,-1,-1
281,-1,1029,529,1303,747,0.9906250238418579,-1,-1,-1
281,-1,951,51,1087,154,0.9698140025138855,-1,-1,-1
281,-1,1217,64,1348,168,0.8896966576576233,-1,-1,-1
282,-1,1120,157,1269,284,0.9948925971984863,-1,-1,-1
282,-1,419,213,723,524,0.9934995174407959,-1,-1,-1
282,-1,1018,521,1301,740,0.9920365810394287,-1,-1,-1
282,-1,956,49,1096,155,0.9705281853675842,-1,-1,-1
282,-1,1205,62,1341,174,0.8932782411575317,-1,-1,-1
283,-1,1121,155,1272,282,0.9957756400108337,-1,-1,-1
283,-1,1019,515,1298,731,0.9932065010070801,-1,-1,-1
283,-1,415,212,713,534,0.9931333661079407,-1,-1,-1
283,-1,954,49,1109,152,0.9738940596580505,-1,-1,-1
283,-1,1195,67,1329,172,0.9519650936126709,-1,-1,-1
284,-1,410,217,710,541,0.9944762587547302,-1,-1,-1
284,-1,1126,153,1275,277,0.994408905506134,-1,-1,-1
284,-1,1018,511,1291,721,0.9937856197357178,-1,-1,-1
284,-1,1182,76,1317,169,0.9612652659416199,-1,-1,-1
284,-1,966,50,1112,152,0.9325265884399414,-1,-1,-1
285,-1,1132,151,1280,277,0.9965597987174988,-1,-1,-1
285,-1,1017,507,1287,714,0.9937404990196228,-1,-1,-1
285,-1,399,225,713,545,0.9921174645423889,-1,-1,-1
285,-1,1171,75,1307,172,0.9726568460464478,-1,-1,-1
285,-1,978,48,1123,156,0.9605457186698914,-1,-1,-1
286,-1,1132,149,1288,271,0.9954307079315186,-1,-1,-1
286,-1,1019,500,1275,704,0.9933515191078186,-1,-1,-1
286,-1,399,226,704,554,0.9892345666885376,-1,-1,-1
286,-1,1159,75,1296,174,0.9783926010131836,-1,-1,-1
286,-1,989,48,1132,155,0.9701275825500488,-1,-1,-1
287,-1,1143,152,1292,267,0.9957644939422607,-1,-1,-1
287,-1,1017,488,1272,694,0.9918570518493652,-1,-1,-1
287,-1,388,229,707,555,0.9909279942512512,-1,-1,-1
287,-1,995,50,1137,156,0.9861658811569214,-1,-1,-1
287,-1,1149,77,1286,177,0.9725676774978638,-1,-1,-1
288,-1,1149,149,1295,266,0.9959014058113098,-1,-1,-1
288,-1,1017,485,1275,686,0.9920063614845276,-1,-1,-1
288,-1,374,235,702,568,0.9902030229568481,-1,-1,-1
288,-1,1137,77,1272,176,0.9707518219947815,-1,-1,-1
288,-1,1005,51,1142,159,0.9699033498764038,-1,-1,-1
289,-1,1149,144,1305,262,0.9954891800880432,-1,-1,-1
289,-1,375,235,705,576,0.9923698902130127,-1,-1,-1
289,-1,1018,482,1263,677,0.9907852411270142,-1,-1,-1
289,-1,1120,78,1261,178,0.9702937602996826,-1,-1,-1
289,-1,1016,54,1149,159,0.9595827460289001,-1,-1,-1
290,-1,1161,144,1317,262,0.9940598011016846,-1,-1,-1
290,-1,1017,475,1259,668,0.9911800026893616,-1,-1,-1
290,-1,374,244,697,593,0.9911605715751648,-1,-1,-1
290,-1,1022,55,1150,160,0.9521933197975159,-1,-1,-1
290,-1,1107,79,1250,180,0.9498922824859619,-1,-1,-1
291,-1,1168,139,1322,261,0.9938376545906067,-1,-1,-1
291,-1,363,253,692,592,0.9925711750984192,-1,-1,-1
291,-1,1020,467,1257,664,0.9895304441452026,-1,-1,-1
291,-1,1098,83,1232,184,0.886601448059082,-1,-1,-1
291,-1,1027,55,1150,159,0.8177045583724976,-1,-1,-1
292,-1,1177,137,1332,258,0.9924759268760681,-1,-1,-1
292,-1,362,253,697,601,0.991046130657196,-1,-1,-1
292,-1,1020,462,1252,650,0.990341067314148,-1,-1,-1
292,-1,1084,84,1221,185,0.8449780941009521,-1,-1,-1
293,-1,1014,454,1253,643,0.9900431632995605,-1,-1,-1
293,-1,359,256,694,609,0.9896504878997803,-1,-1,-1
293,-1,1185,135,1340,252,0.9867284893989563,-1,-1,-1
293,-1,1065,82,1203,187,0.8696221113204956,-1,-1,-1
294,-1,1019,442,1249,637,0.990317702293396,-1,-1,-1
294,-1,352,261,691,618,0.9886252880096436,-1,-1,-1
294,-1,1196,130,1347,249,0.9844242930412292,-1,-1,-1
294,-1,1043,64,1189,191,0.97945237159729,-1,-1,-1
295,-1,1021,440,1244,621,0.9919506311416626,-1,-1,-1
295,-1,348,270,687,623,0.9893336892127991,-1,-1,-1
295,-1,1035,79,1178,194,0.9815565347671509,-1,-1,-1
295,-1,1205,128,1352,243,0.9632719159126282,-1,-1,-1
296,-1,1022,436,1253,614,0.9922811388969421,-1,-1,-1
296,-1,346,277,689,633,0.9891616106033325,-1,-1,-1
296,-1,1023,82,1165,195,0.9823606014251709,-1,-1,-1
296,-1,1216,127,1360,241,0.9180022478103638,-1,-1,-1
297,-1,1007,95,1148,199,0.9923370480537415,-1,-1,-1
297,-1,340,277,684,637,0.9913229942321777,-1,-1,-1
297,-1,1024,424,1249,606,0.9910872578620911,-1,-1,-1
297,-1,1225,126,1372,239,0.9841808080673218,-1,-1,-1
298,-1,991,97,1135,199,0.9930444359779358,-1,-1,-1
298,-1,1026,422,1250,597,0.990848183631897,-1,-1,-1
298,-1,1232,125,1384,237,0.9905202388763428,-1,-1,-1
298,-1,325,280,687,642,0.9765674471855164,-1,-1,-1
299,-1,1028,416,1258,595,0.9933465719223022,-1,-1,-1
299,-1,973,99,1120,204,0.9929211735725403,-1,-1,-1
299,-1,1241,121,1393,235,0.9864652156829834,-1,-1,-1
299,-1,301,282,685,650,0.9715322852134705,-1,-1,-1
300,-1,1032,410,1262,586,0.9934667944908142,-1,-1,-1
300,-1,960,102,1105,205,0.9927574396133423,-1,-1,-1
300,-1,1252,118,1403,232,0.9900130033493042,-1,-1,-1
300,-1,301,287,679,663,0.9737318158149719,-1,-1,-1
300,-1,1057,62,1175,168,0.8669686317443848,-1,-1,-1
301,-1,1044,401,1267,576,0.9944586753845215,-1,-1,-1
301,-1,945,100,1088,208,0.9943513870239258,-1,-1,-1
301,-1,307,296,669,669,0.9858338236808777,-1,-1,-1
301,-1,1054,63,1176,170,0.9687556028366089,-1,-1,-1
301,-1,1263,113,1413,229,0.9199706315994263,-1,-1,-1
302,-1,1048,395,1272,569,0.995073139667511,-1,-1,-1
302,-1,321,303,673,679,0.9902089834213257,-1,-1,-1
302,-1,930,103,1075,212,0.988606870174408,-1,-1,-1
302,-1,1053,64,1175,171,0.979662299156189,-1,-1,-1
302,-1,1274,108,1421,225,0.9594457745552063,-1,-1,-1
303,-1,914,106,1061,212,0.993339478969574,-1,-1,-1
303,-1,1049,389,1273,562,0.9931535720825195,-1,-1,-1
303,-1,1283,104,1430,223,0.9825370907783508,-1,-1,-1
303,-1,303,307,662,692,0.9820969700813293,-1,-1,-1
303,-1,1053,65,1175,174,0.9789471626281738,-1,-1,-1
304,-1,1053,385,1279,554,0.9954484105110168,-1,-1,-1
304,-1,900,107,1046,215,0.9944000840187073,-1,-1,-1
304,-1,1049,66,1176,175,0.9874224662780762,-1,-1,-1
304,-1,308,311,666,696,0.9865026473999023,-1,-1,-1
304,-1,1296,104,1439,220,0.9851498603820801,-1,-1,-1
305,-1,1067,381,1283,548,0.9954042434692383,-1,-1,-1
305,-1,885,111,1032,218,0.9916574358940125,-1,-1,-1
305,-1,1048,67,1175,178,0.9900083541870117,-1,-1,-1
305,-1,302,310,665,704,0.9882805347442627,-1,-1,-1
305,-1,1307,102,1448,217,0.9844142198562622,-1,-1,-1
306,-1,1070,375,1290,541,0.995805025100708,-1,-1,-1
306,-1,1045,68,1173,180,0.993282675743103,-1,-1,-1
306,-1,870,109,1019,220,0.9922547340393066,-1,-1,-1
306,-1,278,316,668,714,0.9857639670372009,-1,-1,-1
306,-1,1312,103,1460,219,0.9799767732620239,-1,-1,-1
307,-1,1074,369,1299,532,0.9959989786148071,-1,-1,-1
307,-1,1043,68,1170,181,0.9926689863204956,-1,-1,-1
307,-1,855,113,1003,222,0.991929292678833,-1,-1,-1
307,-1,282,313,668,721,0.9879001379013062,-1,-1,-1
307,-1,1317,105,1469,213,0.9811285734176636,-1,-1,-1
308,-1,1090,360,1304,526,0.9949330687522888,-1,-1,-1
308,-1,842,114,990,225,0.9922502040863037,-1,-1,-1
308,-1,1041,67,1171,180,0.9889976382255554,-1,-1,-1
308,-1,1328,103,1473,216,0.9881263971328735,-1,-1,-1
308,-1,258,328,669,726,0.9862361550331116,-1,-1,-1
309,-1,1096,356,1314,517,0.9951751232147217,-1,-1,-1
309,-1,1037,69,1167,182,0.993120551109314,-1,-1,-1
309,-1,1337,104,1484,211,0.9914742708206177,-1,-1,-1
309,-1,829,113,976,228,0.9890729784965515,-1,-1,-1
309,-1,260,331,671,736,0.985398530960083,-1,-1,-1
310,-1,1097,354,1316,512,0.9945293068885803,-1,-1,-1
310,-1,1034,69,1162,184,0.9940599799156189,-1,-1,-1
310,-1,812,120,962,229,0.9918650984764099,-1,-1,-1
310,-1,1349,102,1490,209,0.9906057715415955,-1,-1,-1
310,-1,255,335,663,738,0.9872632622718811,-1,-1,-1
