1,-1,1335,94,1648,289,0.9005688428878784,-1,-1,-1
2,-1,1307,92,1642,291,0.9773968458175659,-1,-1,-1
3,-1,1291,88,1623,291,0.9793514013290405,-1,-1,-1
4,-1,1281,94,1627,288,0.9795200824737549,-1,-1,-1
5,-1,1257,90,1597,293,0.9667574763298035,-1,-1,-1
6,-1,1236,86,1579,285,0.9624778032302856,-1,-1,-1
7,-1,1219,90,1594,285,0.9641572833061218,-1,-1,-1
8,-1,1204,89,1584,281,0.9594342708587646,-1,-1,-1
9,-1,1183,88,1527,284,0.9851917028427124,-1,-1,-1
10,-1,1165,88,1519,278,0.9894025325775146,-1,-1,-1
11,-1,1148,85,1498,279,0.9878562092781067,-1,-1,-1
12,-1,1128,89,1479,273,0.9871883988380432,-1,-1,-1
13,-1,1105,89,1461,273,0.9873268008232117,-1,-1,-1
14,-1,1085,87,1443,272,0.9875447750091553,-1,-1,-1
15,-1,1064,88,1426,269,0.990571916103363,-1,-1,-1
16,-1,1040,83,1404,272,0.9882329106330872,-1,-1,-1
17,-1,1022,83,1385,270,0.9909148216247559,-1,-1,-1
18,-1,1000,82,1361,269,0.9922014474868774,-1,-1,-1
19,-1,974,82,1343,267,0.990254819393158,-1,-1,-1
20,-1,952,83,1318,262,0.9902688264846802,-1,-1,-1
21,-1,925,79,1301,262,0.9878879189491272,-1,-1,-1
22,-1,892,78,1279,262,0.9886815547943115,-1,-1,-1
23,-1,886,81,1254,260,0.985500156879425,-1,-1,-1
24,-1,868,79,1231,260,0.9881775975227356,-1,-1,-1
25,-1,832,77,1210,263,0.9871368408203125,-1,-1,-1
25,-1,1428,312,1718,523,0.6701462268829346,-1,-1,-1
26,-1,810,78,1190,257,0.988734781742096,-1,-1,-1
26,-1,1428,312,1717,524,0.7982516884803772,-1,-1,-1
27,-1,787,78,1162,260,0.9768625497817993,-1,-1,-1
28,-1,771,77,1138,259,0.9655771851539612,-1,-1,-1
29,-1,770,79,1113,255,0.9485208988189697,-1,-1,-1
29,-1,1478,390,1920,744,0.9374182224273682,-1,-1,-1
30,-1,1449,374,1908,723,0.9880357384681702,-1,-1,-1
30,-1,773,80,1088,253,0.9343687891960144,-1,-1,-1
31,-1,1409,378,1874,710,0.9882832765579224,-1,-1,-1
31,-1,764,80,1066,253,0.9341244101524353,-1,-1,-1
32,-1,1383,366,1822,690,0.9868025183677673,-1,-1,-1
32,-1,764,84,1041,252,0.9263379573822021,-1,-1,-1
33,-1,1351,349,1779,676,0.9816284775733948,-1,-1,-1
33,-1,766,85,1012,249,0.6863545775413513,-1,-1,-1
34,-1,1321,350,1737,663,0.9875290393829346,-1,-1,-1
35,-1,1300,348,1701,646,0.9932503700256348,-1,-1,-1
36,-1,1270,339,1659,634,0.9877094030380249,-1,-1,-1
37,-1,1241,338,1629,623,0.9907038807868958,-1,-1,-1
38,-1,1220,333,1590,610,0.9912795424461365,-1,-1,-1
39,-1,1187,322,1561,600,0.9931406378746033,-1,-1,-1
40,-1,1179,319,1526,590,0.9941349625587463,-1,-1,-1
41,-1,1156,316,1499,581,0.9938737154006958,-1,-1,-1
42,-1,1133,313,1481,569,0.9943278431892395,-1,-1,-1
43,-1,1116,307,1446,562,0.9942670464515686,-1,-1,-1
44,-1,1098,299,1426,551,0.994478702545166,-1,-1,-1
45,-1,1086,298,1402,542,0.9934160709381104,-1,-1,-1
46,-1,1072,295,1379,537,0.9928227066993713,-1,-1,-1
47,-1,1061,286,1358,524,0.993606448173523,-1,-1,-1
48,-1,1056,284,1338,516,0.9957554340362549,-1,-1,-1
49,-1,1050,279,1326,508,0.9943256974220276,-1,-1,-1
50,-1,1045,279,1311,499,0.9958978295326233,-1,-1,-1
51,-1,1037,272,1303,497,0.9938212037086487,-1,-1,-1
52,-1,1034,271,1293,488,0.9931377172470093,-1,-1,-1
53,-1,1037,266,1283,475,0.9946919083595276,-1,-1,-1
54,-1,1040,261,1276,470,0.9944456815719604,-1,-1,-1
55,-1,1042,259,1271,461,0.9942293167114258,-1,-1,-1
56,-1,1038,252,1273,455,0.9937421679496765,-1,-1,-1
57,-1,1042,251,1276,453,0.9940654039382935,-1,-1,-1
58,-1,1047,250,1282,444,0.9938305020332336,-1,-1,-1
59,-1,1053,244,1288,438,0.993485152721405,-1,-1,-1
60,-1,1062,243,1299,434,0.9936208128929138,-1,-1,-1
61,-1,1071,240,1307,431,0.9931723475456238,-1,-1,-1
62,-1,1084,238,1325,426,0.9925957322120667,-1,-1,-1
63,-1,1097,239,1332,420,0.992007851600647,-1,-1,-1
64,-1,1114,236,1340,420,0.9936738014221191,-1,-1,-1
65,-1,1126,228,1365,412,0.9922916293144226,-1,-1,-1
66,-1,1138,229,1372,414,0.9925457835197449,-1,-1,-1
67,-1,1153,225,1391,405,0.9924319982528687,-1,-1,-1
68,-1,1174,224,1411,400,0.9915516376495361,-1,-1,-1
69,-1,1189,222,1424,396,0.9904828071594238,-1,-1,-1
70,-1,1209,222,1443,390,0.9895679354667664,-1,-1,-1
71,-1,1230,220,1454,393,0.9879470467567444,-1,-1,-1
72,-1,1248,218,1477,387,0.9876652956008911,-1,-1,-1
73,-1,1265,218,1488,390,0.983831524848938,-1,-1,-1
74,-1,1281,218,1501,387,0.9828090071678162,-1,-1,-1
75,-1,1302,216,1518,378,0.9748824238777161,-1,-1,-1
76,-1,1320,215,1532,378,0.9083884954452515,-1,-1,-1
77,-1,1336,213,1540,372,0.6226295232772827,-1,-1,-1
85,-1,789,157,994,253,0.8692312240600586,-1,-1,-1
86,-1,800,157,1039,260,0.9805193543434143,-1,-1,-1
87,-1,839,154,1072,258,0.9899234175682068,-1,-1,-1
88,-1,866,153,1113,259,0.991963267326355,-1,-1,-1
89,-1,913,152,1145,259,0.9896861910820007,-1,-1,-1
90,-1,939,154,1187,258,0.9913181066513062,-1,-1,-1
91,-1,985,153,1228,258,0.9900155663490295,-1,-1,-1
92,-1,1024,152,1272,256,0.9898598790168762,-1,-1,-1
93,-1,1064,151,1315,256,0.9883390665054321,-1,-1,-1
94,-1,1103,154,1353,253,0.9892445802688599,-1,-1,-1
95,-1,1147,154,1397,251,0.9893043041229248,-1,-1,-1
96,-1,1199,151,1450,254,0.9845402836799622,-1,-1,-1
97,-1,1239,152,1492,253,0.9889646768569946,-1,-1,-1
98,-1,1281,150,1538,253,0.9729774594306946,-1,-1,-1
99,-1,1335,150,1573,253,0.9209464192390442,-1,-1,-1
105,-1,1629,147,1871,251,0.8030011057853699,-1,-1,-1
113,-1,1355,168,1528,286,0.838433027267456,-1,-1,-1
114,-1,1338,166,1513,288,0.8945940136909485,-1,-1,-1
115,-1,1316,165,1495,286,0.9611995816230774,-1,-1,-1
115,-1,853,165,1079,289,0.73521488904953,-1,-1,-1
116,-1,1298,164,1475,282,0.985160231590271,-1,-1,-1
116,-1,886,163,1098,292,0.8983590006828308,-1,-1,-1
117,-1,1269,163,1452,281,0.9688755869865417,-1,-1,-1
117,-1,914,163,1123,295,0.9213321805000305,-1,-1,-1
118,-1,925,166,1142,295,0.9722701907157898,-1,-1,-1
118,-1,1246,163,1431,278,0.9401564598083496,-1,-1,-1
119,-1,952,166,1172,297,0.980748176574707,-1,-1,-1
119,-1,1225,159,1411,275,0.9478049874305725,-1,-1,-1
120,-1,959,169,1190,301,0.9894251823425293,-1,-1,-1
120,-1,1198,159,1383,276,0.9826740622520447,-1,-1,-1
121,-1,982,168,1206,301,0.9886468052864075,-1,-1,-1
121,-1,1176,157,1361,273,0.9824862480163574,-1,-1,-1
122,-1,1008,168,1229,303,0.9881500005722046,-1,-1,-1
122,-1,1169,155,1337,269,0.8826934099197388,-1,-1,-1
123,-1,1028,168,1248,302,0.970267653465271,-1,-1,-1
124,-1,1048,168,1266,305,0.9925200939178467,-1,-1,-1
125,-1,1058,162,1282,306,0.9933385252952576,-1,-1,-1
126,-1,1067,158,1292,308,0.9884372353553772,-1,-1,-1
127,-1,1097,169,1313,309,0.9919651746749878,-1,-1,-1
128,-1,1111,169,1317,310,0.993552565574646,-1,-1,-1
128,-1,986,147,1163,256,0.8725004196166992,-1,-1,-1
129,-1,1124,166,1326,315,0.9925991296768188,-1,-1,-1
129,-1,963,148,1150,261,0.9893776774406433,-1,-1,-1
130,-1,1137,169,1337,312,0.9952965378761292,-1,-1,-1
130,-1,940,146,1119,259,0.9923433661460876,-1,-1,-1
131,-1,1148,168,1343,317,0.9927554726600647,-1,-1,-1
131,-1,920,146,1092,256,0.9895192384719849,-1,-1,-1
132,-1,1165,168,1351,317,0.9933022260665894,-1,-1,-1
132,-1,906,146,1067,256,0.9890931844711304,-1,-1,-1
132,-1,1646,101,1891,230,0.7285349369049072,-1,-1,-1
133,-1,1169,170,1363,315,0.9948075413703918,-1,-1,-1
133,-1,864,148,1045,257,0.9926649928092957,-1,-1,-1
134,-1,1176,170,1365,319,0.9938067197799683,-1,-1,-1
134,-1,836,147,1020,256,0.9881129860877991,-1,-1,-1
134,-1,1561,108,1846,236,0.7172855138778687,-1,-1,-1
135,-1,1181,171,1369,319,0.9959073066711426,-1,-1,-1
135,-1,811,145,981,253,0.9899075031280518,-1,-1,-1
136,-1,1188,169,1370,322,0.9956610798835754,-1,-1,-1
136,-1,792,149,962,251,0.9850817918777466,-1,-1,-1
136,-1,1494,104,1770,229,0.7243298888206482,-1,-1,-1
137,-1,1190,169,1369,325,0.9942247271537781,-1,-1,-1
137,-1,790,144,943,249,0.9117535948753357,-1,-1,-1
137,-1,1461,105,1738,229,0.7378880381584167,-1,-1,-1
138,-1,1195,169,1371,325,0.9928033947944641,-1,-1,-1
138,-1,787,144,909,246,0.6683591604232788,-1,-1,-1
139,-1,1195,171,1370,329,0.9931166172027588,-1,-1,-1
140,-1,1193,173,1370,330,0.992133378982544,-1,-1,-1
140,-1,1337,104,1603,237,0.9337350130081177,-1,-1,-1
141,-1,1188,174,1369,334,0.9885876178741455,-1,-1,-1
141,-1,1307,102,1601,241,0.937620222568512,-1,-1,-1
142,-1,1183,174,1367,337,0.9907989501953125,-1,-1,-1
142,-1,1284,102,1567,233,0.8815345764160156,-1,-1,-1
143,-1,1179,174,1365,338,0.9934062957763672,-1,-1,-1
143,-1,1250,104,1510,225,0.9515802264213562,-1,-1,-1
144,-1,1170,175,1362,340,0.992946207523346,-1,-1,-1
144,-1,1220,105,1477,225,0.9603597521781921,-1,-1,-1
145,-1,1162,174,1359,343,0.9924086332321167,-1,-1,-1
145,-1,1180,104,1437,225,0.9616554379463196,-1,-1,-1
146,-1,1154,177,1355,345,0.9891352653503418,-1,-1,-1
146,-1,1152,104,1405,226,0.950868546962738,-1,-1,-1
147,-1,1144,175,1345,349,0.9921405911445618,-1,-1,-1
147,-1,1112,105,1361,227,0.9431495666503906,-1,-1,-1
148,-1,1133,175,1343,351,0.9927790760993958,-1,-1,-1
148,-1,1083,105,1332,226,0.8917279839515686,-1,-1,-1
149,-1,1122,181,1335,354,0.9901756644248962,-1,-1,-1
149,-1,1047,108,1304,232,0.9360079169273376,-1,-1,-1
150,-1,1112,182,1331,358,0.9886007905006409,-1,-1,-1
150,-1,1019,108,1273,231,0.9458408951759338,-1,-1,-1
151,-1,1097,187,1320,359,0.9908040761947632,-1,-1,-1
151,-1,984,111,1234,234,0.9663041234016418,-1,-1,-1
152,-1,1092,189,1319,359,0.9921119213104248,-1,-1,-1
152,-1,956,112,1197,239,0.981629490852356,-1,-1,-1
153,-1,1075,187,1303,362,0.9906054139137268,-1,-1,-1
153,-1,932,112,1175,239,0.9872661828994751,-1,-1,-1
154,-1,1066,190,1289,367,0.9933435916900635,-1,-1,-1
154,-1,921,113,1143,237,0.9822200536727905,-1,-1,-1
155,-1,1050,189,1282,367,0.9927351474761963,-1,-1,-1
155,-1,881,111,1119,236,0.9880145192146301,-1,-1,-1
156,-1,1036,191,1275,372,0.9941818118095398,-1,-1,-1
156,-1,850,112,1095,238,0.99052494764328,-1,-1,-1
157,-1,1022,190,1263,373,0.9923967719078064,-1,-1,-1
157,-1,820,115,1061,237,0.9900654554367065,-1,-1,-1
158,-1,1009,189,1255,377,0.9942440390586853,-1,-1,-1
158,-1,800,113,1033,237,0.9687469005584717,-1,-1,-1
159,-1,992,192,1243,380,0.9939682483673096,-1,-1,-1
159,-1,781,110,999,231,0.9714171886444092,-1,-1,-1
160,-1,979,192,1231,383,0.99346524477005,-1,-1,-1
160,-1,778,120,967,228,0.7995580434799194,-1,-1,-1
161,-1,964,196,1217,384,0.9954355359077454,-1,-1,-1
161,-1,776,122,942,231,0.606005072593689,-1,-1,-1
162,-1,950,196,1207,392,0.9918573498725891,-1,-1,-1
163,-1,938,196,1196,397,0.9915453791618347,-1,-1,-1
164,-1,920,199,1178,395,0.9949439167976379,-1,-1,-1
165,-1,908,199,1171,402,0.9943675398826599,-1,-1,-1
166,-1,893,202,1158,409,0.993822455406189,-1,-1,-1
167,-1,882,204,1147,412,0.9938993453979492,-1,-1,-1
168,-1,872,206,1136,412,0.9940862655639648,-1,-1,-1
169,-1,856,209,1120,415,0.9946070313453674,-1,-1,-1
170,-1,844,210,1111,420,0.9941487312316895,-1,-1,-1
171,-1,836,212,1102,424,0.9953116774559021,-1,-1,-1
172,-1,820,215,1097,432,0.9953598380088806,-1,-1,-1
173,-1,816,216,1084,433,0.9938940405845642,-1,-1,-1
174,-1,810,217,1076,437,0.9943163990974426,-1,-1,-1
175,-1,792,217,1074,449,0.9922624826431274,-1,-1,-1
176,-1,783,218,1067,453,0.993809163570404,-1,-1,-1
177,-1,783,223,1057,456,0.9946593642234802,-1,-1,-1
178,-1,770,221,1055,464,0.993158757686615,-1,-1,-1
179,-1,764,224,1047,470,0.9933416247367859,-1,-1,-1
179,-1,1303,127,1512,230,0.7545858025550842,-1,-1,-1
180,-1,766,234,1039,477,0.9935560822486877,-1,-1,-1
180,-1,1262,129,1473,230,0.9422933459281921,-1,-1,-1
181,-1,762,238,1034,485,0.993694007396698,-1,-1,-1
181,-1,1222,130,1434,233,0.9450979232788086,-1,-1,-1
182,-1,758,241,1033,493,0.9922105073928833,-1,-1,-1
182,-1,1179,132,1386,233,0.9464111328125,-1,-1,-1
183,-1,749,244,1030,501,0.9920297861099243,-1,-1,-1
183,-1,1137,133,1343,235,0.9298285245895386,-1,-1,-1
184,-1,755,249,1032,508,0.9894418716430664,-1,-1,-1
184,-1,1095,134,1301,236,0.9534879922866821,-1,-1,-1
185,-1,743,255,1043,512,0.9904640913009644,-1,-1,-1
185,-1,1060,135,1263,234,0.9443946480751038,-1,-1,-1
186,-1,741,256,1047,519,0.9912201762199402,-1,-1,-1
186,-1,1012,141,1220,236,0.9168298244476318,-1,-1,-1
187,-1,742,259,1051,527,0.9906268119812012,-1,-1,-1
187,-1,982,140,1181,240,0.950251042842865,-1,-1,-1
188,-1,742,267,1054,541,0.9885424375534058,-1,-1,-1
188,-1,954,146,1146,237,0.9622970223426819,-1,-1,-1
188,-1,1496,374,1920,717,0.9190799593925476,-1,-1,-1
189,-1,739,272,1065,549,0.989281415939331,-1,-1,-1
189,-1,1474,369,1915,700,0.9805995225906372,-1,-1,-1
189,-1,932,144,1110,238,0.9310598373413086,-1,-1,-1
190,-1,747,275,1071,553,0.9913233518600464,-1,-1,-1
190,-1,1438,364,1873,686,0.9805752038955688,-1,-1,-1
190,-1,912,145,1071,238,0.8821765780448914,-1,-1,-1
191,-1,745,276,1078,567,0.9862996935844421,-1,-1,-1
191,-1,1410,355,1838,675,0.9860716462135315,-1,-1,-1
191,-1,856,148,1037,239,0.8120627403259277,-1,-1,-1
192,-1,745,280,1089,566,0.9833873510360718,-1,-1,-1
192,-1,1385,341,1799,665,0.9666404128074646,-1,-1,-1
193,-1,1354,346,1766,649,0.9916319251060486,-1,-1,-1
193,-1,759,285,1100,582,0.9836440682411194,-1,-1,-1
194,-1,1329,340,1728,638,0.9809682965278625,-1,-1,-1
194,-1,760,285,1117,595,0.972080409526825,-1,-1,-1
195,-1,759,292,1124,604,0.9829273819923401,-1,-1,-1
195,-1,1303,332,1698,625,0.9800087213516235,-1,-1,-1
196,-1,1275,331,1665,615,0.982992947101593,-1,-1,-1
196,-1,765,293,1132,614,0.982128381729126,-1,-1,-1
197,-1,767,299,1154,625,0.9858231544494629,-1,-1,-1
197,-1,1255,327,1634,603,0.9849851131439209,-1,-1,-1
198,-1,1236,322,1602,593,0.9914053678512573,-1,-1,-1
198,-1,777,303,1182,640,0.9847787022590637,-1,-1,-1
199,-1,1217,318,1572,584,0.9872437119483948,-1,-1,-1
199,-1,785,308,1205,651,0.9774467349052429,-1,-1,-1
200,-1,1193,313,1543,575,0.9876670837402344,-1,-1,-1
200,-1,804,309,1225,664,0.9831221699714661,-1,-1,-1
201,-1,811,310,1243,683,0.9795202016830444,-1,-1,-1
201,-1,1191,308,1520,568,0.9490626454353333,-1,-1,-1
202,-1,818,320,1283,691,0.9704732894897461,-1,-1,-1
202,-1,1165,306,1489,555,0.8688492178916931,-1,-1,-1
203,-1,836,326,1312,713,0.9832723140716553,-1,-1,-1
203,-1,1191,300,1466,546,0.6407390236854553,-1,-1,-1
204,-1,849,326,1347,723,0.9833961129188538,-1,-1,-1
205,-1,866,336,1385,745,0.9758718609809875,-1,-1,-1
206,-1,895,340,1418,766,0.9722654223442078,-1,-1,-1
207,-1,915,345,1458,784,0.9859258532524109,-1,-1,-1
208,-1,939,344,1503,809,0.9925783276557922,-1,-1,-1
209,-1,969,347,1546,827,0.9910604357719421,-1,-1,-1
210,-1,985,370,1598,854,0.9915527701377869,-1,-1,-1
211,-1,1004,383,1655,882,0.9902287721633911,-1,-1,-1
211,-1,1071,268,1321,467,0.6535465121269226,-1,-1,-1
212,-1,1036,382,1709,917,0.9894746541976929,-1,-1,-1
212,-1,868,172,1058,289,0.871187686920166,-1,-1,-1
212,-1,1067,263,1320,471,0.8367925882339478,-1,-1,-1
213,-1,1060,401,1762,937,0.9926978945732117,-1,-1,-1
213,-1,1065,261,1315,466,0.9715828895568848,-1,-1,-1
214,-1,1094,407,1841,975,0.9933678507804871,-1,-1,-1
214,-1,1065,255,1313,466,0.9893010258674622,-1,-1,-1
214,-1,909,174,1101,295,0.904927670955658,-1,-1,-1
215,-1,1136,415,1910,1009,0.9953696131706238,-1,-1,-1
215,-1,1071,255,1309,460,0.9920933842658997,-1,-1,-1
215,-1,927,175,1123,298,0.9731630682945251,-1,-1,-1
216,-1,1073,252,1305,454,0.9918816685676575,-1,-1,-1
216,-1,1178,425,1920,1050,0.9892815351486206,-1,-1,-1
216,-1,945,178,1141,298,0.975284218788147,-1,-1,-1
217,-1,1074,251,1312,450,0.9928436875343323,-1,-1,-1
217,-1,1197,433,1920,1069,0.9591671228408813,-1,-1,-1
217,-1,968,177,1160,299,0.9477919340133667,-1,-1,-1
218,-1,1079,245,1312,444,0.9921460747718811,-1,-1,-1
218,-1,987,175,1176,298,0.8955302238464355,-1,-1,-1
219,-1,1084,241,1319,436,0.9934919476509094,-1,-1,-1
219,-1,1428,313,1717,522,0.8010275363922119,-1,-1,-1
219,-1,1007,177,1193,297,0.7814784646034241,-1,-1,-1
219,-1,1318,484,1920,1080,0.7679785490036011,-1,-1,-1
220,-1,1090,241,1325,434,0.9917954802513123,-1,-1,-1
220,-1,1027,175,1211,297,0.7151678800582886,-1,-1,-1
221,-1,1099,237,1333,429,0.9937334656715393,-1,-1,-1
221,-1,1044,176,1227,298,0.7932892441749573,-1,-1,-1
222,-1,1111,238,1341,428,0.9907392263412476,-1,-1,-1
222,-1,1057,178,1241,299,0.7531623840332031,-1,-1,-1
223,-1,1123,235,1357,421,0.9904239773750305,-1,-1,-1
223,-1,1076,176,1256,295,0.6584721803665161,-1,-1,-1
224,-1,1134,236,1361,418,0.991472065448761,-1,-1,-1
225,-1,1145,235,1377,415,0.9902371764183044,-1,-1,-1
226,-1,1159,232,1393,413,0.9924444556236267,-1,-1,-1
227,-1,1176,226,1407,411,0.9909084439277649,-1,-1,-1
228,-1,1192,225,1425,406,0.9876843690872192,-1,-1,-1
229,-1,1209,223,1440,401,0.9835742712020874,-1,-1,-1
230,-1,1228,221,1454,397,0.9841850996017456,-1,-1,-1
231,-1,1242,222,1477,391,0.9847132563591003,-1,-1,-1
232,-1,1259,219,1488,393,0.9757369756698608,-1,-1,-1
233,-1,1279,214,1499,388,0.9505094289779663,-1,-1,-1
234,-1,1296,213,1522,385,0.9576892256736755,-1,-1,-1
234,-1,1196,181,1359,317,0.6966578364372253,-1,-1,-1
235,-1,1205,180,1367,321,0.9674329161643982,-1,-1,-1
235,-1,1312,212,1533,380,0.7951144576072693,-1,-1,-1
236,-1,1208,179,1375,326,0.9847431182861328,-1,-1,-1
236,-1,1326,212,1554,377,0.6089545488357544,-1,-1,-1
237,-1,1208,180,1380,328,0.9894415140151978,-1,-1,-1
238,-1,1211,182,1376,328,0.9816164970397949,-1,-1,-1
239,-1,1208,183,1376,332,0.9906789660453796,-1,-1,-1
240,-1,1202,186,1374,336,0.9909868836402893,-1,-1,-1
241,-1,1196,188,1374,339,0.9935211539268494,-1,-1,-1
242,-1,1191,191,1370,340,0.9922499656677246,-1,-1,-1
243,-1,1184,193,1368,342,0.9923958778381348,-1,-1,-1
244,-1,1176,189,1357,345,0.9873320460319519,-1,-1,-1
245,-1,1163,193,1354,347,0.9916292428970337,-1,-1,-1
246,-1,1155,192,1349,352,0.9873592257499695,-1,-1,-1
247,-1,1139,194,1340,354,0.9913725852966309,-1,-1,-1
248,-1,1125,194,1331,359,0.9896674156188965,-1,-1,-1
249,-1,1116,196,1323,360,0.989694356918335,-1,-1,-1
250,-1,1102,196,1309,363,0.9833211898803711,-1,-1,-1
251,-1,1086,198,1301,365,0.9863995313644409,-1,-1,-1
252,-1,1069,201,1288,365,0.9900506138801575,-1,-1,-1
253,-1,1053,202,1278,370,0.9931049942970276,-1,-1,-1
254,-1,1039,203,1265,373,0.9916216135025024,-1,-1,-1
255,-1,1023,202,1252,374,0.9941586256027222,-1,-1,-1
256,-1,1006,205,1241,376,0.993362545967102,-1,-1,-1
257,-1,993,209,1225,382,0.9887050986289978,-1,-1,-1
258,-1,976,210,1211,383,0.985740602016449,-1,-1,-1
259,-1,965,211,1198,386,0.9855234622955322,-1,-1,-1
260,-1,945,212,1189,389,0.9720758199691772,-1,-1,-1
261,-1,934,215,1175,393,0.9805986881256104,-1,-1,-1
262,-1,917,214,1152,407,0.9894443154335022,-1,-1,-1
263,-1,897,218,1144,403,0.9898207187652588,-1,-1,-1
264,-1,881,218,1131,407,0.9913002848625183,-1,-1,-1
265,-1,866,219,1117,412,0.9914998412132263,-1,-1,-1
266,-1,851,221,1102,414,0.9915165901184082,-1,-1,-1
267,-1,837,221,1089,418,0.9909442663192749,-1,-1,-1
268,-1,823,222,1076,421,0.9903745651245117,-1,-1,-1
269,-1,809,222,1067,426,0.992254376411438,-1,-1,-1
270,-1,796,229,1053,430,0.9873042702674866,-1,-1,-1
271,-1,785,231,1045,439,0.9915368556976318,-1,-1,-1
272,-1,776,235,1032,441,0.988369345664978,-1,-1,-1
272,-1,1416,167,1598,291,0.6372207999229431,-1,-1,-1
273,-1,765,238,1022,448,0.9904921650886536,-1,-1,-1
274,-1,749,242,1014,453,0.9910535216331482,-1,-1,-1
275,-1,740,238,1006,460,0.9904911518096924,-1,-1,-1
275,-1,1361,164,1538,285,0.7637510895729065,-1,-1,-1
276,-1,731,238,1001,470,0.9854624271392822,-1,-1,-1
276,-1,1343,162,1519,285,0.9432819485664368,-1,-1,-1
277,-1,726,249,989,475,0.9860748648643494,-1,-1,-1
277,-1,1327,159,1501,285,0.8503116965293884,-1,-1,-1
278,-1,713,256,984,480,0.986179769039154,-1,-1,-1
278,-1,1308,160,1479,282,0.9555384516716003,-1,-1,-1
279,-1,712,260,979,490,0.9865716695785522,-1,-1,-1
279,-1,1289,159,1461,280,0.9657559990882874,-1,-1,-1
280,-1,1264,159,1443,278,0.9789593815803528,-1,-1,-1
280,-1,701,260,978,496,0.9770508408546448,-1,-1,-1
281,-1,695,264,975,501,0.9841130375862122,-1,-1,-1
281,-1,1245,156,1424,278,0.9560849666595459,-1,-1,-1
