84,-1,2349,1336,2509,1449,0.6001681089401245,-1,-1,-1
85,-1,2329,1330,2503,1446,0.8953791856765747,-1,-1,-1
86,-1,2316,1328,2490,1446,0.9393408894538879,-1,-1,-1
87,-1,2297,1325,2484,1447,0.9639414548873901,-1,-1,-1
88,-1,2282,1322,2472,1443,0.9721482396125793,-1,-1,-1
89,-1,2264,1318,2457,1441,0.9632592797279358,-1,-1,-1
90,-1,2243,1313,2434,1438,0.9605638384819031,-1,-1,-1
91,-1,2218,1306,2427,1434,0.9514197707176208,-1,-1,-1
92,-1,2209,1296,2411,1436,0.9819619059562683,-1,-1,-1
93,-1,2205,1293,2388,1430,0.8952606916427612,-1,-1,-1
94,-1,2164,1286,2373,1432,0.9634513258934021,-1,-1,-1
95,-1,2142,1285,2358,1420,0.9700214862823486,-1,-1,-1
96,-1,2104,1276,2333,1420,0.9655088186264038,-1,-1,-1
97,-1,2076,1264,2321,1411,0.9066967964172363,-1,-1,-1
98,-1,2063,1260,2275,1409,0.9305505752563477,-1,-1,-1
99,-1,2033,1249,2267,1407,0.9770052433013916,-1,-1,-1
100,-1,2004,1245,2249,1401,0.9864978790283203,-1,-1,-1
101,-1,1976,1241,2236,1403,0.9838930368423462,-1,-1,-1
102,-1,1941,1237,2213,1405,0.9784573912620544,-1,-1,-1
103,-1,1910,1228,2189,1400,0.9786658883094788,-1,-1,-1
104,-1,1877,1219,2158,1393,0.9653751254081726,-1,-1,-1
105,-1,1837,1210,2140,1393,0.985471248626709,-1,-1,-1
106,-1,1794,1198,2111,1389,0.9830584526062012,-1,-1,-1
107,-1,1762,1188,2083,1376,0.9684603810310364,-1,-1,-1
108,-1,1703,1166,2055,1375,0.9787705540657043,-1,-1,-1
109,-1,1684,1156,2027,1369,0.984155535697937,-1,-1,-1
110,-1,1645,1153,1992,1366,0.9888678789138794,-1,-1,-1
110,-1,38,1253,1195,1850,0.9879657626152039,-1,-1,-1
111,-1,319,1252,1312,1770,0.9918498992919922,-1,-1,-1
111,-1,1598,1145,1963,1360,0.9882972836494446,-1,-1,-1
112,-1,534,1247,1385,1723,0.9930549263954163,-1,-1,-1
112,-1,1549,1135,1958,1363,0.9872335195541382,-1,-1,-1
113,-1,700,1253,1484,1682,0.9941979646682739,-1,-1,-1
113,-1,1492,1123,1937,1356,0.9729565978050232,-1,-1,-1
114,-1,864,1255,1554,1642,0.993261992931366,-1,-1,-1
114,-1,1441,1116,1892,1355,0.9407732486724854,-1,-1,-1
115,-1,1012,1264,1608,1606,0.9938364624977112,-1,-1,-1
115,-1,1403,1112,1826,1348,0.8704999089241028,-1,-1,-1
116,-1,1104,1253,1666,1597,0.9928448796272278,-1,-1,-1
116,-1,1345,1102,1780,1346,0.8661363124847412,-1,-1,-1
117,-1,1193,1263,1712,1574,0.9926756024360657,-1,-1,-1
117,-1,1281,1090,1740,1339,0.9256250262260437,-1,-1,-1
118,-1,1283,1267,1748,1553,0.9776104092597961,-1,-1,-1
118,-1,1210,1080,1678,1334,0.8890348076820374,-1,-1,-1
119,-1,1362,1250,1762,1536,0.9654477834701538,-1,-1,-1
119,-1,1133,1069,1648,1341,0.964678168296814,-1,-1,-1
120,-1,1069,1057,1611,1355,0.983037531375885,-1,-1,-1
120,-1,1429,1268,1829,1514,0.8663628697395325,-1,-1,-1
121,-1,999,1053,1560,1359,0.9869630932807922,-1,-1,-1
121,-1,1480,1265,1869,1494,0.8660653829574585,-1,-1,-1
122,-1,888,1045,1506,1363,0.9871320724487305,-1,-1,-1
122,-1,1541,1261,1916,1467,0.7575973868370056,-1,-1,-1
123,-1,812,1027,1447,1372,0.9902488589286804,-1,-1,-1
123,-1,1604,1271,1947,1459,0.9398952126502991,-1,-1,-1
124,-1,677,1014,1398,1387,0.9899835586547852,-1,-1,-1
124,-1,1654,1278,1982,1464,0.9277986288070679,-1,-1,-1
124,-1,1693,1152,1959,1325,0.7354512810707092,-1,-1,-1
125,-1,542,1002,1333,1407,0.9900996088981628,-1,-1,-1
125,-1,1694,1279,2017,1471,0.9515882134437561,-1,-1,-1
125,-1,1685,1153,1956,1326,0.6393178105354309,-1,-1,-1
126,-1,365,977,1261,1424,0.9901965856552124,-1,-1,-1
126,-1,1744,1285,2041,1476,0.9638372659683228,-1,-1,-1
127,-1,187,965,1141,1449,0.9898160696029663,-1,-1,-1
127,-1,1789,1287,2070,1477,0.9682565927505493,-1,-1,-1
128,-1,1816,1289,2104,1479,0.9831010699272156,-1,-1,-1
128,-1,0,943,1073,1477,0.9807635545730591,-1,-1,-1
129,-1,1847,1290,2128,1481,0.9884394407272339,-1,-1,-1
130,-1,1888,1297,2149,1476,0.9912691116333008,-1,-1,-1
131,-1,1913,1294,2188,1476,0.9864761829376221,-1,-1,-1
132,-1,1954,1301,2210,1473,0.9880656003952026,-1,-1,-1
133,-1,1977,1307,2213,1473,0.9812853336334229,-1,-1,-1
134,-1,2001,1311,2237,1471,0.9702802300453186,-1,-1,-1
135,-1,2036,1317,2280,1478,0.9879230856895447,-1,-1,-1
136,-1,2056,1320,2300,1482,0.992045521736145,-1,-1,-1
137,-1,2080,1322,2330,1490,0.9912943243980408,-1,-1,-1
138,-1,2129,1333,2345,1488,0.9907065033912659,-1,-1,-1
139,-1,2176,1341,2368,1490,0.9950646758079529,-1,-1,-1
140,-1,2186,1341,2384,1490,0.9946134686470032,-1,-1,-1
141,-1,2194,1342,2402,1490,0.9910100698471069,-1,-1,-1
142,-1,2208,1347,2416,1493,0.988679826259613,-1,-1,-1
143,-1,2235,1357,2443,1487,0.9949753284454346,-1,-1,-1
144,-1,2260,1360,2461,1496,0.9927997589111328,-1,-1,-1
145,-1,2279,1365,2476,1497,0.9895082712173462,-1,-1,-1
146,-1,2302,1369,2487,1504,0.9761292934417725,-1,-1,-1
147,-1,2322,1375,2505,1500,0.9757000207901001,-1,-1,-1
148,-1,2343,1378,2514,1501,0.96470046043396,-1,-1,-1
149,-1,2357,1384,2526,1499,0.963668942451477,-1,-1,-1
150,-1,2387,1385,2538,1503,0.8129841685295105,-1,-1,-1
151,-1,2400,1384,2552,1501,0.6717269420623779,-1,-1,-1
183,-1,2363,1342,2513,1452,0.6347489953041077,-1,-1,-1
184,-1,2346,1336,2502,1449,0.8431733846664429,-1,-1,-1
185,-1,2332,1332,2490,1448,0.919685423374176,-1,-1,-1
186,-1,2316,1332,2485,1444,0.9424126148223877,-1,-1,-1
187,-1,2297,1325,2473,1444,0.9729486703872681,-1,-1,-1
188,-1,2285,1321,2459,1441,0.9780390858650208,-1,-1,-1
189,-1,2275,1323,2451,1439,0.9374688267707825,-1,-1,-1
190,-1,2259,1321,2428,1436,0.9183925986289978,-1,-1,-1
191,-1,2238,1317,2411,1436,0.9721469283103943,-1,-1,-1
192,-1,2215,1310,2395,1431,0.9326424598693848,-1,-1,-1
193,-1,2205,1303,2388,1433,0.9842851758003235,-1,-1,-1
194,-1,2203,1299,2371,1429,0.9663249850273132,-1,-1,-1
195,-1,2190,1297,2359,1428,0.9627618193626404,-1,-1,-1
196,-1,2146,1289,2341,1426,0.9622147083282471,-1,-1,-1
197,-1,2121,1286,2335,1423,0.9783891439437866,-1,-1,-1
198,-1,2099,1278,2293,1412,0.9248334169387817,-1,-1,-1
199,-1,2076,1268,2274,1411,0.9655043482780457,-1,-1,-1
200,-1,2057,1267,2256,1407,0.9809346795082092,-1,-1,-1
201,-1,2029,1259,2251,1405,0.9581941962242126,-1,-1,-1
202,-1,2006,1253,2247,1401,0.9637109041213989,-1,-1,-1
203,-1,1977,1248,2220,1399,0.9559535384178162,-1,-1,-1
204,-1,1957,1245,2202,1400,0.9713903069496155,-1,-1,-1
205,-1,1926,1238,2169,1395,0.9657934904098511,-1,-1,-1
206,-1,1892,1229,2145,1394,0.9592581391334534,-1,-1,-1
207,-1,1866,1223,2115,1394,0.9695725440979004,-1,-1,-1
208,-1,1834,1221,2092,1384,0.9601463675498962,-1,-1,-1
209,-1,1792,1207,2068,1384,0.9761659502983093,-1,-1,-1
210,-1,1758,1206,2026,1376,0.971713125705719,-1,-1,-1
211,-1,1719,1196,1999,1373,0.9770435690879822,-1,-1,-1
212,-1,1669,1165,1969,1370,0.9653170704841614,-1,-1,-1
213,-1,1629,1159,1948,1364,0.9573955535888672,-1,-1,-1
214,-1,1589,1159,1949,1360,0.975888729095459,-1,-1,-1
215,-1,1566,1156,1881,1356,0.9462999105453491,-1,-1,-1
216,-1,1505,1144,1872,1355,0.8810325860977173,-1,-1,-1
217,-1,1452,1136,1809,1356,0.9576804041862488,-1,-1,-1
218,-1,1403,1128,1770,1355,0.9715704321861267,-1,-1,-1
219,-1,1338,1120,1731,1351,0.9817704558372498,-1,-1,-1
220,-1,1292,1109,1685,1349,0.9895337224006653,-1,-1,-1
221,-1,1227,1098,1641,1349,0.9908672571182251,-1,-1,-1
222,-1,1142,1088,1584,1346,0.9921654462814331,-1,-1,-1
223,-1,1067,1080,1535,1350,0.9902659058570862,-1,-1,-1
224,-1,973,1070,1489,1355,0.9918179512023926,-1,-1,-1
225,-1,878,1051,1431,1359,0.9913312196731567,-1,-1,-1
226,-1,770,1052,1369,1365,0.9923098087310791,-1,-1,-1
227,-1,647,1036,1309,1372,0.9924976229667664,-1,-1,-1
228,-1,514,1026,1223,1377,0.9938296675682068,-1,-1,-1
229,-1,378,1009,1122,1392,0.9946787357330322,-1,-1,-1
230,-1,190,992,1031,1407,0.9926869869232178,-1,-1,-1
231,-1,0,974,918,1421,0.989060640335083,-1,-1,-1
274,-1,2345,1344,2490,1448,0.7279443740844727,-1,-1,-1
275,-1,2322,1340,2482,1447,0.9266328811645508,-1,-1,-1
276,-1,2301,1332,2478,1445,0.9491952657699585,-1,-1,-1
277,-1,2292,1330,2459,1445,0.9817232489585876,-1,-1,-1
278,-1,2282,1331,2447,1440,0.965661883354187,-1,-1,-1
279,-1,2266,1327,2432,1439,0.9590752124786377,-1,-1,-1
280,-1,2248,1326,2422,1439,0.984325647354126,-1,-1,-1
281,-1,2221,1322,2410,1437,0.9727376103401184,-1,-1,-1
282,-1,2211,1317,2396,1438,0.9864507913589478,-1,-1,-1
283,-1,2203,1312,2380,1439,0.9852054715156555,-1,-1,-1
284,-1,2197,1314,2367,1432,0.9807711243629456,-1,-1,-1
285,-1,2167,1307,2347,1426,0.9558593034744263,-1,-1,-1
286,-1,2136,1303,2338,1427,0.9754503965377808,-1,-1,-1
287,-1,2099,1297,2314,1414,0.9528805017471313,-1,-1,-1
288,-1,2083,1288,2288,1409,0.9603265523910522,-1,-1,-1
289,-1,2056,1279,2244,1407,0.9767864942550659,-1,-1,-1
290,-1,2042,1278,2243,1403,0.977775514125824,-1,-1,-1
291,-1,2013,1272,2221,1401,0.9764927625656128,-1,-1,-1
292,-1,1994,1269,2213,1400,0.9448802471160889,-1,-1,-1
293,-1,1965,1259,2191,1401,0.9817540049552917,-1,-1,-1
294,-1,1932,1256,2168,1393,0.9797869920730591,-1,-1,-1
295,-1,1906,1249,2141,1391,0.9689992666244507,-1,-1,-1
296,-1,1875,1242,2119,1388,0.9596187472343445,-1,-1,-1
296,-1,0,1225,1130,1901,0.9316308498382568,-1,-1,-1
297,-1,161,1229,1262,1827,0.989823043346405,-1,-1,-1
297,-1,1851,1235,2095,1384,0.9663873910903931,-1,-1,-1
298,-1,386,1224,1337,1758,0.9904892444610596,-1,-1,-1
298,-1,1808,1230,2061,1379,0.9071857929229736,-1,-1,-1
299,-1,591,1233,1429,1707,0.9933409094810486,-1,-1,-1
299,-1,1774,1215,2037,1372,0.936697244644165,-1,-1,-1
300,-1,747,1227,1496,1668,0.9928445219993591,-1,-1,-1
300,-1,1741,1213,2002,1367,0.9655874967575073,-1,-1,-1
301,-1,875,1232,1574,1641,0.9941950440406799,-1,-1,-1
301,-1,1685,1161,1981,1365,0.965968668460846,-1,-1,-1
302,-1,984,1240,1638,1616,0.9922465085983276,-1,-1,-1
302,-1,1651,1178,1948,1362,0.966119647026062,-1,-1,-1
303,-1,1102,1245,1672,1591,0.9913798570632935,-1,-1,-1
303,-1,1615,1177,1929,1359,0.9409990906715393,-1,-1,-1
304,-1,1193,1241,1701,1581,0.9827089309692383,-1,-1,-1
304,-1,1580,1172,1897,1350,0.7384889125823975,-1,-1,-1
305,-1,1265,1240,1752,1558,0.9513976573944092,-1,-1,-1
305,-1,1538,1166,1856,1350,0.7559125423431396,-1,-1,-1
306,-1,1348,1239,1766,1545,0.9072039127349854,-1,-1,-1
306,-1,1492,1158,1804,1340,0.6048080921173096,-1,-1,-1
307,-1,1396,1261,1842,1515,0.8353525400161743,-1,-1,-1
307,-1,1439,1150,1779,1322,0.7531572580337524,-1,-1,-1
308,-1,1395,1144,1745,1322,0.8280268907546997,-1,-1,-1
308,-1,1470,1258,1876,1497,0.8036419749259949,-1,-1,-1
309,-1,1340,1136,1709,1328,0.9406053423881531,-1,-1,-1
309,-1,2332,1338,2478,1444,0.7393385767936707,-1,-1,-1
309,-1,1526,1254,1926,1482,0.7230529189109802,-1,-1,-1
310,-1,1292,1129,1669,1334,0.9874109625816345,-1,-1,-1
310,-1,2313,1334,2466,1440,0.8795170783996582,-1,-1,-1
310,-1,1582,1261,1960,1473,0.7375391721725464,-1,-1,-1
310,-1,1685,1152,1954,1326,0.6410250067710876,-1,-1,-1
311,-1,1217,1123,1625,1336,0.9932892918586731,-1,-1,-1
311,-1,2293,1326,2453,1439,0.9548379182815552,-1,-1,-1
311,-1,1684,1153,1958,1328,0.8401223421096802,-1,-1,-1
311,-1,1628,1276,1987,1467,0.7018803954124451,-1,-1,-1
312,-1,1148,1111,1577,1335,0.9914514422416687,-1,-1,-1
312,-1,2281,1327,2442,1438,0.9567323327064514,-1,-1,-1
312,-1,1675,1275,2023,1474,0.850864827632904,-1,-1,-1
312,-1,1683,1154,1962,1327,0.8204089999198914,-1,-1,-1
313,-1,1075,1103,1532,1340,0.9912468791007996,-1,-1,-1
313,-1,2266,1328,2416,1434,0.9584217071533203,-1,-1,-1
313,-1,1679,1149,1963,1323,0.6723203063011169,-1,-1,-1
314,-1,1005,1096,1488,1339,0.9927778840065002,-1,-1,-1
314,-1,2245,1321,2412,1435,0.9794967174530029,-1,-1,-1
314,-1,1769,1280,2077,1496,0.8226383924484253,-1,-1,-1
315,-1,926,1086,1432,1343,0.9923961758613586,-1,-1,-1
315,-1,2216,1315,2396,1436,0.9731095433235168,-1,-1,-1
315,-1,1808,1283,2107,1495,0.9528351426124573,-1,-1,-1
316,-1,828,1082,1385,1349,0.993691086769104,-1,-1,-1
316,-1,2205,1311,2377,1432,0.9845188856124878,-1,-1,-1
316,-1,1844,1290,2135,1494,0.977922797203064,-1,-1,-1
317,-1,718,1057,1327,1354,0.994171679019928,-1,-1,-1
317,-1,1866,1295,2160,1497,0.984527587890625,-1,-1,-1
317,-1,2195,1312,2362,1431,0.9745296239852905,-1,-1,-1
318,-1,609,1050,1275,1359,0.9929859042167664,-1,-1,-1
318,-1,1901,1297,2192,1495,0.9759534597396851,-1,-1,-1
318,-1,2178,1312,2336,1423,0.8411926031112671,-1,-1,-1
319,-1,474,1051,1188,1375,0.9942989349365234,-1,-1,-1
319,-1,1934,1299,2220,1494,0.9737188220024109,-1,-1,-1
320,-1,328,1044,1097,1379,0.9938464760780334,-1,-1,-1
320,-1,1960,1305,2211,1495,0.9864960312843323,-1,-1,-1
321,-1,123,1030,1008,1391,0.9930580854415894,-1,-1,-1
321,-1,1995,1302,2271,1488,0.9767359495162964,-1,-1,-1
322,-1,0,1014,907,1414,0.9865100979804993,-1,-1,-1
322,-1,2016,1302,2265,1493,0.974543571472168,-1,-1,-1
323,-1,2034,1316,2296,1493,0.9895881414413452,-1,-1,-1
324,-1,2066,1324,2313,1501,0.9912031888961792,-1,-1,-1
325,-1,2103,1333,2336,1508,0.9745097160339355,-1,-1,-1
326,-1,2115,1333,2359,1507,0.9848708510398865,-1,-1,-1
326,-1,1934,1254,2161,1393,0.8466528058052063,-1,-1,-1
327,-1,2178,1347,2374,1505,0.9929261803627014,-1,-1,-1
327,-1,1904,1245,2133,1394,0.954412043094635,-1,-1,-1
328,-1,2184,1349,2384,1505,0.9904345273971558,-1,-1,-1
328,-1,1882,1233,2110,1390,0.9708987474441528,-1,-1,-1
329,-1,2181,1346,2401,1507,0.9931603670120239,-1,-1,-1
329,-1,1843,1229,2076,1387,0.9647882580757141,-1,-1,-1
330,-1,2190,1343,2408,1508,0.989316463470459,-1,-1,-1
330,-1,1802,1221,2044,1385,0.9536908864974976,-1,-1,-1
331,-1,2207,1349,2415,1503,0.986140251159668,-1,-1,-1
331,-1,1764,1214,2014,1374,0.9706012010574341,-1,-1,-1
332,-1,2225,1350,2429,1505,0.9909656047821045,-1,-1,-1
332,-1,1715,1206,1977,1371,0.9855578541755676,-1,-1,-1
333,-1,2243,1357,2448,1500,0.9899784326553345,-1,-1,-1
333,-1,1682,1193,1951,1364,0.976161777973175,-1,-1,-1
334,-1,2259,1360,2462,1502,0.992419421672821,-1,-1,-1
334,-1,1635,1186,1921,1359,0.9660882353782654,-1,-1,-1
335,-1,2274,1364,2474,1509,0.9900504350662231,-1,-1,-1
335,-1,1586,1176,1879,1356,0.8818683624267578,-1,-1,-1
336,-1,2286,1368,2491,1510,0.9895976185798645,-1,-1,-1
336,-1,1539,1172,1838,1353,0.96722811460495,-1,-1,-1
337,-1,2300,1368,2501,1513,0.9898118376731873,-1,-1,-1
337,-1,1480,1158,1803,1350,0.9591076970100403,-1,-1,-1
338,-1,2321,1371,2507,1508,0.9842115044593811,-1,-1,-1
338,-1,1434,1153,1749,1350,0.9750314354896545,-1,-1,-1
339,-1,1359,1148,1714,1351,0.9796797633171082,-1,-1,-1
339,-1,2338,1372,2512,1510,0.9759764075279236,-1,-1,-1
340,-1,1300,1139,1672,1352,0.9881843328475952,-1,-1,-1
340,-1,2348,1378,2520,1509,0.973517656326294,-1,-1,-1
341,-1,1224,1132,1609,1352,0.9911114573478699,-1,-1,-1
341,-1,2366,1381,2528,1509,0.985744059085846,-1,-1,-1
342,-1,1160,1129,1570,1356,0.9920338988304138,-1,-1,-1
342,-1,2382,1381,2536,1508,0.9622368812561035,-1,-1,-1
343,-1,1074,1117,1507,1363,0.991643488407135,-1,-1,-1
344,-1,966,1102,1446,1366,0.9902434945106506,-1,-1,-1
345,-1,846,1091,1381,1373,0.9936237335205078,-1,-1,-1
346,-1,715,1082,1312,1381,0.9939730763435364,-1,-1,-1
347,-1,599,1080,1219,1387,0.9945599436759949,-1,-1,-1
348,-1,366,1073,1116,1407,0.9918096661567688,-1,-1,-1
349,-1,197,1041,994,1432,0.9918196201324463,-1,-1,-1
350,-1,0,1039,884,1443,0.9593586325645447,-1,-1,-1
386,-1,0,861,904,1369,0.8644749522209167,-1,-1,-1
387,-1,22,876,978,1360,0.9742591381072998,-1,-1,-1
388,-1,77,894,1051,1370,0.9904518127441406,-1,-1,-1
389,-1,189,920,1120,1369,0.9934281706809998,-1,-1,-1
390,-1,271,932,1190,1373,0.9875681400299072,-1,-1,-1
391,-1,366,951,1252,1373,0.9893855452537537,-1,-1,-1
392,-1,448,976,1314,1376,0.9905734658241272,-1,-1,-1
393,-1,552,992,1362,1381,0.9894557595252991,-1,-1,-1
394,-1,633,1006,1422,1385,0.9918394088745117,-1,-1,-1
395,-1,724,1021,1463,1383,0.9928788542747498,-1,-1,-1
396,-1,808,1036,1509,1387,0.9899407029151917,-1,-1,-1
397,-1,889,1048,1547,1393,0.9909089207649231,-1,-1,-1
398,-1,950,1065,1605,1393,0.9928250312805176,-1,-1,-1
399,-1,1037,1077,1641,1399,0.9913269877433777,-1,-1,-1
400,-1,1091,1086,1683,1404,0.9903059005737305,-1,-1,-1
401,-1,1153,1094,1720,1409,0.9916937947273254,-1,-1,-1
402,-1,1223,1111,1755,1414,0.989364743232727,-1,-1,-1
403,-1,1289,1125,1807,1414,0.9874617457389832,-1,-1,-1
404,-1,1345,1132,1846,1413,0.9886196851730347,-1,-1,-1
405,-1,1395,1139,1871,1415,0.9867106080055237,-1,-1,-1
406,-1,1446,1152,1921,1418,0.9874997735023499,-1,-1,-1
407,-1,1507,1164,1951,1417,0.9891202449798584,-1,-1,-1
408,-1,1550,1173,1974,1424,0.9902130961418152,-1,-1,-1
409,-1,1598,1183,2005,1424,0.987423837184906,-1,-1,-1
410,-1,1636,1186,2037,1431,0.9849997758865356,-1,-1,-1
411,-1,1683,1192,2062,1442,0.9756861329078674,-1,-1,-1
412,-1,1742,1214,2090,1440,0.9897657036781311,-1,-1,-1
413,-1,1773,1222,2113,1441,0.9901248216629028,-1,-1,-1
414,-1,1810,1229,2141,1445,0.9929712414741516,-1,-1,-1
415,-1,1844,1232,2164,1446,0.9926572442054749,-1,-1,-1
416,-1,1868,1239,2194,1454,0.99326092004776,-1,-1,-1
417,-1,1900,1245,2226,1454,0.9911376237869263,-1,-1,-1
418,-1,1934,1251,2245,1452,0.9884783625602722,-1,-1,-1
