54,-1,2072,406,2378,549,0.9513761401176453,-1,-1,-1
55,-1,2040,400,2361,543,0.9160271883010864,-1,-1,-1
56,-1,2013,395,2336,543,0.9411560893058777,-1,-1,-1
57,-1,1993,391,2313,542,0.9848611354827881,-1,-1,-1
58,-1,1975,389,2297,540,0.9816865921020508,-1,-1,-1
59,-1,1932,385,2273,538,0.9847138524055481,-1,-1,-1
60,-1,1901,381,2250,536,0.9884762763977051,-1,-1,-1
61,-1,1885,381,2233,533,0.9924681782722473,-1,-1,-1
62,-1,1866,381,2214,532,0.9931463003158569,-1,-1,-1
63,-1,1861,384,2193,529,0.9915608763694763,-1,-1,-1
64,-1,1846,380,2171,527,0.9907955527305603,-1,-1,-1
65,-1,1817,378,2147,525,0.9922916293144226,-1,-1,-1
66,-1,1795,378,2125,520,0.9792735576629639,-1,-1,-1
67,-1,1778,376,2101,519,0.9905589818954468,-1,-1,-1
68,-1,1780,372,2087,515,0.991176962852478,-1,-1,-1
69,-1,1773,373,2084,514,0.964983344078064,-1,-1,-1
70,-1,1768,373,2088,514,0.9250237941741943,-1,-1,-1
71,-1,1720,374,2087,510,0.9024972319602966,-1,-1,-1
72,-1,1712,371,2091,511,0.9414112567901611,-1,-1,-1
73,-1,1706,370,2081,508,0.8056341409683228,-1,-1,-1
74,-1,1667,370,1978,500,0.6801260709762573,-1,-1,-1
75,-1,1657,367,1974,499,0.753897488117218,-1,-1,-1
76,-1,1645,356,1945,497,0.7250312566757202,-1,-1,-1
77,-1,1620,356,1925,499,0.908227801322937,-1,-1,-1
78,-1,1608,357,1920,498,0.9769101142883301,-1,-1,-1
79,-1,1601,357,1912,498,0.9926764965057373,-1,-1,-1
80,-1,1580,358,1898,496,0.990183413028717,-1,-1,-1
81,-1,1584,357,1890,491,0.9883537292480469,-1,-1,-1
82,-1,1575,358,1880,489,0.9863691329956055,-1,-1,-1
83,-1,1565,358,1873,489,0.9867267608642578,-1,-1,-1
84,-1,1557,358,1868,488,0.9879847764968872,-1,-1,-1
85,-1,1540,357,1870,492,0.987753689289093,-1,-1,-1
86,-1,1543,353,1844,490,0.988090991973877,-1,-1,-1
87,-1,1532,353,1836,489,0.9875622987747192,-1,-1,-1
88,-1,1521,353,1822,489,0.986045777797699,-1,-1,-1
89,-1,1515,352,1825,489,0.9897170066833496,-1,-1,-1
90,-1,1508,351,1821,492,0.9915605187416077,-1,-1,-1
91,-1,1495,349,1810,495,0.9915828108787537,-1,-1,-1
92,-1,1485,346,1800,495,0.9928809404373169,-1,-1,-1
93,-1,1487,349,1796,493,0.9905322790145874,-1,-1,-1
94,-1,1470,352,1792,490,0.9938526153564453,-1,-1,-1
95,-1,1464,354,1791,494,0.9927697777748108,-1,-1,-1
96,-1,1465,353,1782,492,0.9926921725273132,-1,-1,-1
97,-1,1446,352,1775,494,0.9915555119514465,-1,-1,-1
98,-1,1443,353,1767,494,0.9920995235443115,-1,-1,-1
99,-1,1431,354,1753,494,0.9896295666694641,-1,-1,-1
100,-1,1427,357,1749,495,0.9923580288887024,-1,-1,-1
101,-1,1424,355,1730,493,0.9900310039520264,-1,-1,-1
102,-1,1406,354,1722,496,0.9920821189880371,-1,-1,-1
103,-1,1407,355,1708,495,0.9892427325248718,-1,-1,-1
104,-1,1400,356,1701,494,0.9893219470977783,-1,-1,-1
105,-1,1389,356,1692,497,0.987987220287323,-1,-1,-1
106,-1,1379,357,1683,501,0.989812433719635,-1,-1,-1
107,-1,1371,356,1674,497,0.9814668297767639,-1,-1,-1
108,-1,1365,356,1665,503,0.989762008190155,-1,-1,-1
109,-1,1361,356,1651,501,0.9876478910446167,-1,-1,-1
110,-1,1352,354,1641,506,0.9898566007614136,-1,-1,-1
111,-1,1344,354,1628,508,0.9881775975227356,-1,-1,-1
112,-1,1340,356,1621,510,0.9883022904396057,-1,-1,-1
113,-1,1341,357,1611,509,0.9897469282150269,-1,-1,-1
114,-1,1341,357,1603,512,0.9807104468345642,-1,-1,-1
115,-1,1342,359,1595,510,0.9846854209899902,-1,-1,-1
116,-1,1339,362,1587,513,0.9732566475868225,-1,-1,-1
117,-1,1333,361,1578,516,0.9763451218605042,-1,-1,-1
118,-1,1337,361,1572,516,0.9589411616325378,-1,-1,-1
119,-1,1335,359,1563,520,0.9677739143371582,-1,-1,-1
120,-1,1334,362,1557,524,0.9485912919044495,-1,-1,-1
121,-1,1335,362,1549,528,0.956121027469635,-1,-1,-1
122,-1,1331,363,1544,530,0.9760042428970337,-1,-1,-1
123,-1,1332,364,1539,534,0.9822103977203369,-1,-1,-1
124,-1,1333,367,1536,535,0.9741743206977844,-1,-1,-1
125,-1,1336,368,1534,539,0.978341817855835,-1,-1,-1
126,-1,1339,367,1529,543,0.9822613000869751,-1,-1,-1
127,-1,1339,372,1531,544,0.9891155362129211,-1,-1,-1
128,-1,1341,374,1532,548,0.9906777143478394,-1,-1,-1
129,-1,1337,379,1534,549,0.989072322845459,-1,-1,-1
130,-1,1343,381,1532,556,0.9896558523178101,-1,-1,-1
131,-1,1344,386,1538,556,0.9910358190536499,-1,-1,-1
132,-1,1345,386,1540,560,0.9927937984466553,-1,-1,-1
132,-1,0,1020,1265,1886,0.8253069519996643,-1,-1,-1
133,-1,1351,385,1543,566,0.9942175149917603,-1,-1,-1
133,-1,0,1072,1750,1909,0.9729084968566895,-1,-1,-1
134,-1,1352,388,1548,571,0.9927350282669067,-1,-1,-1
134,-1,123,1120,2219,1920,0.9911376237869263,-1,-1,-1
135,-1,1354,387,1550,574,0.9929059743881226,-1,-1,-1
135,-1,642,1170,2554,1918,0.9772600531578064,-1,-1,-1
136,-1,1355,389,1553,577,0.992339015007019,-1,-1,-1
136,-1,1131,1192,2520,1913,0.8855662941932678,-1,-1,-1
137,-1,1355,390,1558,582,0.9902583360671997,-1,-1,-1
137,-1,1542,1234,2560,1914,0.8281568884849548,-1,-1,-1
138,-1,1355,394,1564,585,0.9929032921791077,-1,-1,-1
139,-1,1359,395,1566,590,0.9954727292060852,-1,-1,-1
140,-1,1359,396,1571,594,0.9946902990341187,-1,-1,-1
141,-1,1358,398,1575,599,0.9957275390625,-1,-1,-1
142,-1,1359,401,1578,606,0.9956421852111816,-1,-1,-1
143,-1,1362,402,1578,613,0.9942428469657898,-1,-1,-1
144,-1,1360,405,1583,617,0.9927911758422852,-1,-1,-1
145,-1,1363,406,1583,623,0.9933136105537415,-1,-1,-1
146,-1,1364,409,1587,627,0.991500973701477,-1,-1,-1
147,-1,1362,413,1591,631,0.9902452230453491,-1,-1,-1
148,-1,1363,416,1597,636,0.9912934899330139,-1,-1,-1
149,-1,1367,418,1597,641,0.9936175346374512,-1,-1,-1
150,-1,1367,422,1604,651,0.9927030801773071,-1,-1,-1
151,-1,1369,424,1606,656,0.9903554916381836,-1,-1,-1
152,-1,1370,427,1609,661,0.9898751378059387,-1,-1,-1
153,-1,1372,438,1611,660,0.987324595451355,-1,-1,-1
154,-1,1373,439,1617,668,0.9870872497558594,-1,-1,-1
155,-1,1372,439,1623,678,0.9891049265861511,-1,-1,-1
156,-1,1372,442,1630,683,0.9903664588928223,-1,-1,-1
157,-1,1376,443,1634,690,0.991287887096405,-1,-1,-1
158,-1,1378,443,1639,694,0.9903596639633179,-1,-1,-1
159,-1,1371,444,1646,709,0.9923811554908752,-1,-1,-1
160,-1,1372,446,1650,715,0.9918138980865479,-1,-1,-1
161,-1,1373,450,1656,721,0.9920873045921326,-1,-1,-1
161,-1,1518,857,2560,1495,0.7050125002861023,-1,-1,-1
162,-1,1374,453,1663,727,0.990126371383667,-1,-1,-1
162,-1,1163,826,2560,1463,0.9273201823234558,-1,-1,-1
163,-1,1377,458,1667,731,0.9898167848587036,-1,-1,-1
163,-1,804,769,2498,1495,0.9756651520729065,-1,-1,-1
164,-1,1379,460,1670,736,0.9841448664665222,-1,-1,-1
164,-1,451,740,2331,1477,0.9742863178253174,-1,-1,-1
165,-1,1388,466,1689,746,0.9891784191131592,-1,-1,-1
165,-1,44,729,1963,1448,0.9807917475700378,-1,-1,-1
166,-1,1390,469,1689,751,0.9874686002731323,-1,-1,-1
166,-1,0,697,1580,1411,0.6665758490562439,-1,-1,-1
167,-1,1389,470,1693,759,0.9897724986076355,-1,-1,-1
168,-1,1390,473,1699,766,0.9897838234901428,-1,-1,-1
169,-1,1394,477,1703,770,0.989632248878479,-1,-1,-1
170,-1,1393,478,1709,776,0.9881789684295654,-1,-1,-1
171,-1,1394,480,1717,781,0.9899975657463074,-1,-1,-1
172,-1,1393,482,1722,785,0.9917580485343933,-1,-1,-1
173,-1,1395,486,1732,790,0.9912956953048706,-1,-1,-1
174,-1,1402,492,1739,798,0.9920749664306641,-1,-1,-1
175,-1,1399,492,1752,809,0.9913056492805481,-1,-1,-1
176,-1,1401,497,1754,814,0.9905120730400085,-1,-1,-1
177,-1,1406,501,1757,823,0.9913812279701233,-1,-1,-1
178,-1,1408,502,1762,828,0.9908474683761597,-1,-1,-1
179,-1,1410,508,1770,834,0.9909898042678833,-1,-1,-1
180,-1,1411,509,1779,841,0.9899398684501648,-1,-1,-1
181,-1,1415,512,1786,845,0.9911625385284424,-1,-1,-1
182,-1,1418,515,1792,853,0.9921090006828308,-1,-1,-1
183,-1,1419,522,1797,858,0.9910982251167297,-1,-1,-1
184,-1,1416,527,1804,865,0.9922616481781006,-1,-1,-1
185,-1,1419,529,1813,871,0.9912687540054321,-1,-1,-1
186,-1,1422,531,1821,879,0.9915692210197449,-1,-1,-1
187,-1,1424,534,1829,885,0.9930248260498047,-1,-1,-1
188,-1,1425,535,1836,891,0.9926989674568176,-1,-1,-1
189,-1,1427,538,1842,899,0.9924836754798889,-1,-1,-1
189,-1,979,1149,2560,1916,0.774494469165802,-1,-1,-1
190,-1,1429,539,1851,905,0.9911045432090759,-1,-1,-1
190,-1,865,1113,2544,1906,0.9465684294700623,-1,-1,-1
191,-1,1433,539,1862,909,0.9910051822662354,-1,-1,-1
191,-1,728,1078,2314,1897,0.9735600352287292,-1,-1,-1
192,-1,1437,545,1869,915,0.9903892874717712,-1,-1,-1
192,-1,598,1034,2118,1878,0.9890449047088623,-1,-1,-1
193,-1,1444,546,1875,922,0.9907724857330322,-1,-1,-1
193,-1,434,1000,1927,1817,0.9895302653312683,-1,-1,-1
194,-1,1443,546,1884,928,0.9925028085708618,-1,-1,-1
194,-1,303,990,1764,1751,0.9871776103973389,-1,-1,-1
195,-1,1442,548,1891,934,0.9925051927566528,-1,-1,-1
195,-1,155,947,1570,1686,0.9895017743110657,-1,-1,-1
196,-1,1435,546,1901,939,0.9922078251838684,-1,-1,-1
196,-1,28,948,1396,1621,0.9855997562408447,-1,-1,-1
197,-1,1440,555,1903,943,0.9920299053192139,-1,-1,-1
197,-1,0,901,1226,1571,0.9603727459907532,-1,-1,-1
198,-1,1440,551,1914,948,0.9918781518936157,-1,-1,-1
198,-1,0,892,1063,1528,0.7831525802612305,-1,-1,-1
199,-1,1442,552,1918,953,0.9917961359024048,-1,-1,-1
199,-1,0,846,871,1479,0.6779513359069824,-1,-1,-1
200,-1,1444,560,1926,961,0.99222332239151,-1,-1,-1
200,-1,0,843,730,1439,0.6335205435752869,-1,-1,-1
201,-1,1443,563,1930,965,0.9921618103981018,-1,-1,-1
202,-1,1444,565,1932,964,0.9937742948532104,-1,-1,-1
203,-1,1456,567,1940,967,0.9930379986763,-1,-1,-1
204,-1,1454,567,1943,968,0.9926869869232178,-1,-1,-1
205,-1,1447,568,1942,971,0.9929816722869873,-1,-1,-1
206,-1,1454,568,1946,971,0.9927414655685425,-1,-1,-1
207,-1,1455,569,1947,972,0.9930062294006348,-1,-1,-1
208,-1,1455,570,1949,972,0.9931476712226868,-1,-1,-1
209,-1,1455,570,1949,972,0.9928401708602905,-1,-1,-1
210,-1,1455,570,1949,973,0.9925967454910278,-1,-1,-1
211,-1,1447,570,1947,972,0.9922364354133606,-1,-1,-1
212,-1,1455,572,1949,971,0.9922577738761902,-1,-1,-1
213,-1,1448,569,1947,972,0.9923580288887024,-1,-1,-1
214,-1,1448,570,1947,972,0.9923141598701477,-1,-1,-1
215,-1,1455,572,1949,971,0.9924412965774536,-1,-1,-1
216,-1,1448,569,1947,973,0.9923802614212036,-1,-1,-1
217,-1,1455,571,1950,972,0.9924677014350891,-1,-1,-1
218,-1,1448,569,1947,973,0.9924381375312805,-1,-1,-1
219,-1,1448,569,1947,973,0.9924087524414062,-1,-1,-1
220,-1,1448,569,1947,973,0.9923803806304932,-1,-1,-1
221,-1,1448,569,1948,972,0.9922932386398315,-1,-1,-1
222,-1,1449,568,1947,972,0.9922990202903748,-1,-1,-1
223,-1,1449,569,1948,972,0.992320716381073,-1,-1,-1
224,-1,1448,569,1947,972,0.9923166036605835,-1,-1,-1
225,-1,1448,568,1948,973,0.9923058152198792,-1,-1,-1
226,-1,1448,569,1947,973,0.9923417568206787,-1,-1,-1
227,-1,1449,568,1947,973,0.9924334287643433,-1,-1,-1
228,-1,1449,568,1947,973,0.9924687743186951,-1,-1,-1
229,-1,1450,568,1947,973,0.9926286935806274,-1,-1,-1
230,-1,1450,568,1947,973,0.9926252961158752,-1,-1,-1
231,-1,1448,569,1948,973,0.9926357865333557,-1,-1,-1
232,-1,1448,569,1948,973,0.9925296902656555,-1,-1,-1
233,-1,1448,569,1948,973,0.9925495386123657,-1,-1,-1
234,-1,1448,569,1948,973,0.9925194978713989,-1,-1,-1
235,-1,1455,571,1949,972,0.9926413893699646,-1,-1,-1
236,-1,1455,571,1949,972,0.9926944971084595,-1,-1,-1
237,-1,1455,571,1949,972,0.9926444292068481,-1,-1,-1
238,-1,1455,571,1949,972,0.9926915764808655,-1,-1,-1
239,-1,1449,569,1948,973,0.9925217032432556,-1,-1,-1
240,-1,1449,569,1948,973,0.9925256967544556,-1,-1,-1
241,-1,1447,569,1947,972,0.9927394986152649,-1,-1,-1
242,-1,1447,569,1947,972,0.992775559425354,-1,-1,-1
243,-1,1447,569,1947,973,0.9928024411201477,-1,-1,-1
244,-1,1447,569,1947,973,0.992804229259491,-1,-1,-1
245,-1,1447,569,1947,973,0.9927762746810913,-1,-1,-1
246,-1,1447,569,1947,972,0.9927353858947754,-1,-1,-1
247,-1,1447,569,1947,973,0.9927854537963867,-1,-1,-1
248,-1,1447,569,1947,972,0.9927346706390381,-1,-1,-1
249,-1,1447,569,1947,972,0.9927451014518738,-1,-1,-1
250,-1,1448,569,1947,972,0.9927612543106079,-1,-1,-1
251,-1,1448,569,1947,972,0.9927263259887695,-1,-1,-1
252,-1,1448,569,1947,972,0.9926726222038269,-1,-1,-1
253,-1,1447,569,1947,973,0.9926860332489014,-1,-1,-1
254,-1,1447,569,1947,973,0.9926980137825012,-1,-1,-1
255,-1,1447,569,1947,973,0.9926984906196594,-1,-1,-1
256,-1,1447,569,1947,973,0.9927050471305847,-1,-1,-1
257,-1,1448,569,1947,973,0.9927474856376648,-1,-1,-1
258,-1,1448,569,1947,973,0.9928092956542969,-1,-1,-1
259,-1,1448,569,1947,973,0.9927697777748108,-1,-1,-1
260,-1,1448,569,1947,973,0.9927495718002319,-1,-1,-1
261,-1,1448,569,1947,973,0.9926872253417969,-1,-1,-1
262,-1,1448,569,1947,973,0.9926485419273376,-1,-1,-1
263,-1,1447,570,1947,972,0.9920077323913574,-1,-1,-1
264,-1,1455,573,1948,970,0.9884706735610962,-1,-1,-1
265,-1,1454,572,1948,966,0.9822430610656738,-1,-1,-1
265,-1,1366,845,2560,1421,0.9152438640594482,-1,-1,-1
266,-1,1033,826,2435,1419,0.9900990128517151,-1,-1,-1
266,-1,1456,568,1945,913,0.9103555679321289,-1,-1,-1
267,-1,743,797,2121,1399,0.9926602244377136,-1,-1,-1
268,-1,427,769,1811,1372,0.9920567870140076,-1,-1,-1
268,-1,1456,570,1943,973,0.9101253151893616,-1,-1,-1
269,-1,1449,570,1946,973,0.9917117357254028,-1,-1,-1
269,-1,103,753,1486,1334,0.9878029227256775,-1,-1,-1
270,-1,1449,570,1946,973,0.9924972057342529,-1,-1,-1
270,-1,0,710,1165,1309,0.7464863657951355,-1,-1,-1
271,-1,1449,570,1946,973,0.9925366640090942,-1,-1,-1
271,-1,0,695,852,1293,0.6718505620956421,-1,-1,-1
272,-1,1449,570,1946,973,0.9925345182418823,-1,-1,-1
273,-1,1449,570,1947,972,0.99257892370224,-1,-1,-1
274,-1,1449,569,1947,972,0.9925612807273865,-1,-1,-1
275,-1,1449,570,1947,972,0.9924963712692261,-1,-1,-1
276,-1,1449,570,1947,972,0.9924399852752686,-1,-1,-1
277,-1,1449,570,1947,972,0.9925491809844971,-1,-1,-1
278,-1,1449,570,1947,972,0.9924922585487366,-1,-1,-1
279,-1,1449,570,1947,972,0.9925051927566528,-1,-1,-1
280,-1,1449,570,1947,972,0.9925605058670044,-1,-1,-1
281,-1,1449,570,1947,972,0.9925693869590759,-1,-1,-1
282,-1,1449,570,1947,972,0.9925380349159241,-1,-1,-1
283,-1,1449,569,1947,972,0.9925214648246765,-1,-1,-1
284,-1,1449,569,1947,972,0.9924840331077576,-1,-1,-1
285,-1,1449,569,1946,972,0.9924848675727844,-1,-1,-1
286,-1,1449,569,1946,972,0.9924922585487366,-1,-1,-1
287,-1,1449,569,1946,972,0.9924667477607727,-1,-1,-1
288,-1,1449,569,1947,972,0.9924253225326538,-1,-1,-1
289,-1,1449,569,1947,972,0.9924744963645935,-1,-1,-1
290,-1,1449,569,1947,972,0.9924720525741577,-1,-1,-1
291,-1,1449,569,1947,972,0.9924330711364746,-1,-1,-1
292,-1,1449,569,1947,972,0.9923824667930603,-1,-1,-1
293,-1,1450,569,1947,972,0.9924290776252747,-1,-1,-1
294,-1,1450,569,1947,972,0.9924188852310181,-1,-1,-1
295,-1,1450,569,1947,972,0.9924334287643433,-1,-1,-1
296,-1,1450,569,1947,972,0.9924964904785156,-1,-1,-1
297,-1,1450,569,1947,972,0.9924758076667786,-1,-1,-1
298,-1,1450,569,1947,972,0.9924852252006531,-1,-1,-1
299,-1,1450,569,1947,972,0.9924282431602478,-1,-1,-1
300,-1,1450,569,1947,972,0.9924065470695496,-1,-1,-1
301,-1,1449,570,1947,972,0.9923615455627441,-1,-1,-1
302,-1,1449,570,1947,972,0.9923449158668518,-1,-1,-1
303,-1,1449,570,1947,972,0.9923519492149353,-1,-1,-1
304,-1,1449,570,1947,972,0.9923052191734314,-1,-1,-1
305,-1,1449,570,1947,972,0.9923306703567505,-1,-1,-1
306,-1,1449,570,1947,972,0.9923473596572876,-1,-1,-1
307,-1,1449,570,1947,972,0.9923198819160461,-1,-1,-1
308,-1,1449,570,1947,972,0.9923403263092041,-1,-1,-1
309,-1,1449,569,1947,972,0.9923599362373352,-1,-1,-1
310,-1,1449,569,1947,972,0.9923574328422546,-1,-1,-1
311,-1,1449,570,1947,972,0.9923801422119141,-1,-1,-1
312,-1,1449,569,1947,972,0.9924243688583374,-1,-1,-1
313,-1,1450,569,1946,972,0.9924887418746948,-1,-1,-1
314,-1,1450,569,1946,972,0.9924639463424683,-1,-1,-1
315,-1,1450,569,1947,972,0.9924538731575012,-1,-1,-1
316,-1,1450,569,1947,972,0.9924607872962952,-1,-1,-1
317,-1,1452,569,1946,972,0.9928529858589172,-1,-1,-1
318,-1,1451,568,1946,972,0.9928507804870605,-1,-1,-1
318,-1,0,1031,1219,1903,0.6475318670272827,-1,-1,-1
319,-1,1452,568,1946,972,0.9928510189056396,-1,-1,-1
319,-1,0,1082,1725,1920,0.840622067451477,-1,-1,-1
320,-1,1451,568,1947,972,0.9927352666854858,-1,-1,-1
320,-1,0,1104,2185,1920,0.9464141130447388,-1,-1,-1
321,-1,1451,568,1946,972,0.9923905730247498,-1,-1,-1
321,-1,435,1149,2536,1920,0.958962082862854,-1,-1,-1
322,-1,1452,569,1946,973,0.992606520652771,-1,-1,-1
322,-1,901,1167,2525,1920,0.8722422122955322,-1,-1,-1
323,-1,1456,571,1950,971,0.992767333984375,-1,-1,-1
323,-1,1360,1198,2505,1920,0.8653573393821716,-1,-1,-1
324,-1,1451,568,1946,973,0.9928762912750244,-1,-1,-1
325,-1,1450,567,1946,973,0.993235170841217,-1,-1,-1
326,-1,1455,570,1950,972,0.993408203125,-1,-1,-1
327,-1,1451,568,1946,972,0.9926211833953857,-1,-1,-1
328,-1,1451,568,1946,972,0.9926281571388245,-1,-1,-1
329,-1,1450,568,1946,973,0.9927496910095215,-1,-1,-1
330,-1,1449,568,1946,972,0.9926445484161377,-1,-1,-1
331,-1,1450,568,1946,973,0.9926068782806396,-1,-1,-1
332,-1,1451,568,1946,972,0.9925026893615723,-1,-1,-1
333,-1,1453,568,1946,972,0.9923948049545288,-1,-1,-1
334,-1,1451,569,1947,972,0.9924460053443909,-1,-1,-1
335,-1,1456,571,1951,971,0.9923604130744934,-1,-1,-1
336,-1,1448,572,1945,979,0.9918953776359558,-1,-1,-1
337,-1,1450,568,1947,972,0.9928193688392639,-1,-1,-1
338,-1,1450,568,1947,972,0.9927916526794434,-1,-1,-1
339,-1,1450,568,1947,972,0.9927186965942383,-1,-1,-1
340,-1,1450,568,1947,972,0.9926826357841492,-1,-1,-1
341,-1,1450,568,1947,972,0.9927353858947754,-1,-1,-1
342,-1,1450,568,1947,972,0.9926907420158386,-1,-1,-1
343,-1,1450,568,1947,972,0.9926846027374268,-1,-1,-1
344,-1,1450,568,1947,972,0.992644190788269,-1,-1,-1
345,-1,1450,568,1947,972,0.9926315546035767,-1,-1,-1
346,-1,1450,568,1947,972,0.9926361441612244,-1,-1,-1
347,-1,1449,568,1947,972,0.9925280809402466,-1,-1,-1
348,-1,1449,568,1947,972,0.992495059967041,-1,-1,-1
349,-1,1449,568,1946,972,0.9926806092262268,-1,-1,-1
350,-1,1449,568,1946,972,0.9926746487617493,-1,-1,-1
351,-1,1449,568,1946,972,0.9925987720489502,-1,-1,-1
352,-1,1449,568,1947,972,0.9925409555435181,-1,-1,-1
353,-1,1448,568,1946,972,0.992404043674469,-1,-1,-1
354,-1,1448,568,1946,972,0.9918449521064758,-1,-1,-1
354,-1,1925,978,2560,1439,0.6241790652275085,-1,-1,-1
355,-1,1448,569,1947,971,0.9890540838241577,-1,-1,-1
355,-1,1646,952,2560,1421,0.7013805508613586,-1,-1,-1
356,-1,1454,572,1945,969,0.9872087836265564,-1,-1,-1
356,-1,1375,919,2560,1420,0.9720386266708374,-1,-1,-1
357,-1,1095,893,2528,1438,0.9873977303504944,-1,-1,-1
357,-1,1454,567,1947,968,0.9854199290275574,-1,-1,-1
358,-1,813,883,2245,1410,0.9905039668083191,-1,-1,-1
358,-1,1447,563,1946,962,0.9753653407096863,-1,-1,-1
359,-1,492,844,1928,1377,0.9915346503257751,-1,-1,-1
359,-1,1449,566,1944,959,0.9814961552619934,-1,-1,-1
360,-1,1451,568,1946,971,0.990949809551239,-1,-1,-1
360,-1,193,819,1591,1348,0.9888078570365906,-1,-1,-1
361,-1,1450,568,1947,972,0.9925872683525085,-1,-1,-1
361,-1,6,800,1321,1322,0.9688878655433655,-1,-1,-1
362,-1,1450,568,1947,972,0.9928682446479797,-1,-1,-1
362,-1,0,775,1039,1295,0.7364890575408936,-1,-1,-1
363,-1,1450,568,1947,972,0.9928097724914551,-1,-1,-1
364,-1,1450,568,1947,972,0.9927968382835388,-1,-1,-1
365,-1,1450,568,1947,972,0.9928066730499268,-1,-1,-1
366,-1,1450,568,1947,972,0.9928111433982849,-1,-1,-1
367,-1,1456,570,1950,971,0.9931740164756775,-1,-1,-1
368,-1,1456,570,1950,971,0.9931934475898743,-1,-1,-1
369,-1,1456,570,1950,971,0.9931085109710693,-1,-1,-1
370,-1,1456,570,1950,971,0.9932041168212891,-1,-1,-1
371,-1,1456,570,1950,971,0.9930577278137207,-1,-1,-1
372,-1,1456,570,1950,972,0.993255615234375,-1,-1,-1
373,-1,1456,570,1950,972,0.9936047196388245,-1,-1,-1
374,-1,1456,570,1950,972,0.993565022945404,-1,-1,-1
375,-1,1456,570,1950,972,0.9935764670372009,-1,-1,-1
376,-1,1456,570,1949,972,0.9936122298240662,-1,-1,-1
377,-1,1450,568,1946,972,0.9930176734924316,-1,-1,-1
378,-1,1450,568,1946,972,0.9930058121681213,-1,-1,-1
379,-1,1450,568,1946,972,0.9930171966552734,-1,-1,-1
380,-1,1450,569,1946,972,0.9930310845375061,-1,-1,-1
381,-1,1450,568,1945,972,0.992867112159729,-1,-1,-1
382,-1,1450,569,1946,972,0.9918448328971863,-1,-1,-1
383,-1,1455,573,1950,971,0.989663302898407,-1,-1,-1
383,-1,1450,949,2560,1450,0.937096118927002,-1,-1,-1
384,-1,1084,915,2452,1464,0.9911617040634155,-1,-1,-1
384,-1,1457,575,1949,975,0.9875805377960205,-1,-1,-1
385,-1,720,911,2115,1428,0.9912183880805969,-1,-1,-1
385,-1,1469,581,1936,979,0.9729827642440796,-1,-1,-1
386,-1,410,853,1731,1393,0.9909012317657471,-1,-1,-1
386,-1,1466,583,1940,976,0.9868266582489014,-1,-1,-1
387,-1,1468,582,1946,975,0.990678071975708,-1,-1,-1
387,-1,53,828,1350,1374,0.9851037859916687,-1,-1,-1
388,-1,1449,575,1972,976,0.9911545515060425,-1,-1,-1
388,-1,0,794,1007,1329,0.6124165058135986,-1,-1,-1
389,-1,1445,573,1970,988,0.9913144707679749,-1,-1,-1
390,-1,1462,577,1990,992,0.9918797612190247,-1,-1,-1
391,-1,1477,592,1988,993,0.9921730756759644,-1,-1,-1
392,-1,1456,581,2017,997,0.991292417049408,-1,-1,-1
393,-1,1483,594,2028,1007,0.9919624924659729,-1,-1,-1
394,-1,1462,590,2054,1018,0.9910173416137695,-1,-1,-1
395,-1,1474,592,2077,1026,0.9960373640060425,-1,-1,-1
396,-1,1474,592,2102,1040,0.9927923679351807,-1,-1,-1
397,-1,1501,601,2141,1049,0.9919861555099487,-1,-1,-1
398,-1,1501,611,2177,1063,0.9938945174217224,-1,-1,-1
399,-1,1521,618,2228,1080,0.9943939447402954,-1,-1,-1
400,-1,1512,624,2268,1099,0.9921165108680725,-1,-1,-1
401,-1,1543,631,2311,1115,0.9914076924324036,-1,-1,-1
402,-1,1576,646,2391,1130,0.9869100451469421,-1,-1,-1
403,-1,1580,656,2449,1151,0.989339292049408,-1,-1,-1
404,-1,1608,662,2504,1181,0.9845123291015625,-1,-1,-1
405,-1,1630,673,2560,1192,0.9842717051506042,-1,-1,-1
406,-1,1669,684,2560,1214,0.9351736903190613,-1,-1,-1
