99,-1,358,758,495,859,0.7657415866851807,-1,-1,-1
100,-1,364,760,503,861,0.829344630241394,-1,-1,-1
101,-1,368,759,508,863,0.9113728404045105,-1,-1,-1
102,-1,373,758,517,870,0.9305621385574341,-1,-1,-1
103,-1,375,760,520,870,0.938612699508667,-1,-1,-1
104,-1,377,761,530,878,0.9647921323776245,-1,-1,-1
105,-1,380,761,539,880,0.9712414145469666,-1,-1,-1
106,-1,385,758,548,884,0.9727973937988281,-1,-1,-1
107,-1,393,759,556,891,0.9806770086288452,-1,-1,-1
108,-1,401,759,561,893,0.9830071926116943,-1,-1,-1
109,-1,406,764,570,892,0.9854110479354858,-1,-1,-1
110,-1,411,767,584,893,0.9915988445281982,-1,-1,-1
111,-1,421,768,594,900,0.9920740127563477,-1,-1,-1
112,-1,425,773,605,902,0.9938071370124817,-1,-1,-1
113,-1,433,773,618,909,0.9954290390014648,-1,-1,-1
114,-1,442,775,633,915,0.996299684047699,-1,-1,-1
115,-1,453,776,646,919,0.9957016110420227,-1,-1,-1
116,-1,461,779,663,923,0.9956218600273132,-1,-1,-1
117,-1,469,778,679,931,0.9950796365737915,-1,-1,-1
118,-1,482,779,692,936,0.9943591952323914,-1,-1,-1
119,-1,491,784,713,940,0.9936657547950745,-1,-1,-1
120,-1,505,787,732,948,0.994078516960144,-1,-1,-1
121,-1,515,788,757,956,0.9941898584365845,-1,-1,-1
122,-1,525,784,775,966,0.993475615978241,-1,-1,-1
123,-1,544,791,801,973,0.9924715757369995,-1,-1,-1
124,-1,561,792,836,980,0.9937441945075989,-1,-1,-1
125,-1,578,795,861,993,0.9919943809509277,-1,-1,-1
126,-1,599,794,898,1007,0.9862767457962036,-1,-1,-1
127,-1,611,794,933,1020,0.9943413734436035,-1,-1,-1
128,-1,636,802,987,1038,0.9950073957443237,-1,-1,-1
129,-1,662,808,1033,1056,0.9931182861328125,-1,-1,-1
130,-1,708,818,1100,1067,0.9928836822509766,-1,-1,-1
131,-1,725,818,1167,1097,0.993444561958313,-1,-1,-1
132,-1,760,819,1237,1118,0.991541862487793,-1,-1,-1
133,-1,787,829,1319,1152,0.9931706190109253,-1,-1,-1
134,-1,849,845,1405,1183,0.9923945665359497,-1,-1,-1
135,-1,899,847,1536,1223,0.9955086708068848,-1,-1,-1
136,-1,958,853,1668,1271,0.993919849395752,-1,-1,-1
137,-1,1043,873,1848,1341,0.9923378825187683,-1,-1,-1
138,-1,1134,888,2053,1402,0.9939331412315369,-1,-1,-1
139,-1,1247,903,2314,1492,0.9927050471305847,-1,-1,-1
140,-1,1343,926,2560,1605,0.986089825630188,-1,-1,-1
181,-1,1414,659,2560,1227,0.8746242523193359,-1,-1,-1
182,-1,1285,663,2404,1178,0.9676876068115234,-1,-1,-1
183,-1,1216,667,2210,1134,0.9880115389823914,-1,-1,-1
184,-1,1122,670,1982,1104,0.9836779832839966,-1,-1,-1
185,-1,1040,674,1807,1071,0.9884681105613708,-1,-1,-1
186,-1,1002,672,1685,1040,0.9918438792228699,-1,-1,-1
187,-1,963,692,1558,1021,0.9830524921417236,-1,-1,-1
188,-1,893,697,1456,999,0.9899019002914429,-1,-1,-1
189,-1,856,690,1369,988,0.990939736366272,-1,-1,-1
190,-1,835,697,1294,976,0.9875044226646423,-1,-1,-1
191,-1,807,693,1227,957,0.9885619878768921,-1,-1,-1
192,-1,763,692,1169,949,0.9893103837966919,-1,-1,-1
193,-1,740,689,1110,947,0.9858340620994568,-1,-1,-1
194,-1,712,698,1068,929,0.9905553460121155,-1,-1,-1
195,-1,692,698,1026,924,0.9816479682922363,-1,-1,-1
196,-1,687,697,987,913,0.9454726576805115,-1,-1,-1
197,-1,662,697,949,905,0.9686294198036194,-1,-1,-1
198,-1,657,696,921,897,0.8726922869682312,-1,-1,-1
199,-1,640,702,895,888,0.9721415042877197,-1,-1,-1
200,-1,628,711,869,889,0.986019492149353,-1,-1,-1
201,-1,604,707,847,877,0.9897281527519226,-1,-1,-1
202,-1,600,711,821,870,0.9905778169631958,-1,-1,-1
203,-1,583,707,803,873,0.9883130192756653,-1,-1,-1
204,-1,575,713,782,866,0.9859437942504883,-1,-1,-1
205,-1,558,705,770,865,0.9904860854148865,-1,-1,-1
206,-1,549,708,748,860,0.987967312335968,-1,-1,-1
207,-1,535,708,737,854,0.9869308471679688,-1,-1,-1
208,-1,527,715,715,850,0.9853611588478088,-1,-1,-1
209,-1,524,716,699,852,0.9911676645278931,-1,-1,-1
210,-1,512,715,687,851,0.9863444566726685,-1,-1,-1
211,-1,511,715,672,846,0.9708967208862305,-1,-1,-1
212,-1,502,717,657,841,0.9797959327697754,-1,-1,-1
213,-1,494,718,650,841,0.9794893264770508,-1,-1,-1
214,-1,483,721,641,836,0.9593556523323059,-1,-1,-1
214,-1,1747,796,2560,1266,0.6959670782089233,-1,-1,-1
215,-1,1716,763,2560,1231,0.9846565127372742,-1,-1,-1
215,-1,478,720,631,837,0.9691615700721741,-1,-1,-1
216,-1,1602,762,2503,1199,0.9922860860824585,-1,-1,-1
216,-1,470,722,616,833,0.9439833760261536,-1,-1,-1
217,-1,1561,750,2349,1180,0.9937565326690674,-1,-1,-1
217,-1,461,719,607,831,0.9768656492233276,-1,-1,-1
218,-1,1480,764,2251,1134,0.9945429563522339,-1,-1,-1
218,-1,454,718,602,831,0.974314272403717,-1,-1,-1
219,-1,1443,761,2136,1106,0.9941452741622925,-1,-1,-1
219,-1,448,717,591,832,0.9644985198974609,-1,-1,-1
220,-1,1372,753,2041,1090,0.9953296184539795,-1,-1,-1
220,-1,449,720,583,826,0.956119179725647,-1,-1,-1
221,-1,1345,761,1951,1071,0.9941017031669617,-1,-1,-1
221,-1,441,719,575,826,0.9408952593803406,-1,-1,-1
222,-1,1274,737,1878,1053,0.9945598244667053,-1,-1,-1
222,-1,435,717,570,828,0.9312629699707031,-1,-1,-1
223,-1,1230,736,1802,1040,0.9923080205917358,-1,-1,-1
223,-1,431,715,563,823,0.9119015336036682,-1,-1,-1
224,-1,1188,735,1728,1022,0.9930046200752258,-1,-1,-1
224,-1,425,714,559,824,0.9144541621208191,-1,-1,-1
225,-1,1166,729,1668,1017,0.9894625544548035,-1,-1,-1
225,-1,423,716,549,820,0.8970621228218079,-1,-1,-1
226,-1,1133,734,1603,999,0.9878621101379395,-1,-1,-1
226,-1,420,717,545,820,0.8448317050933838,-1,-1,-1
227,-1,1103,737,1542,988,0.9872134327888489,-1,-1,-1
227,-1,419,722,533,817,0.6956694722175598,-1,-1,-1
228,-1,1070,742,1487,979,0.986049473285675,-1,-1,-1
228,-1,414,721,524,815,0.6086048483848572,-1,-1,-1
229,-1,1040,736,1436,971,0.9879826307296753,-1,-1,-1
230,-1,997,731,1386,960,0.9914984107017517,-1,-1,-1
231,-1,969,733,1344,952,0.9900465607643127,-1,-1,-1
232,-1,944,729,1300,945,0.9896334409713745,-1,-1,-1
233,-1,918,730,1258,936,0.9898011088371277,-1,-1,-1
234,-1,891,728,1222,931,0.989794135093689,-1,-1,-1
235,-1,874,727,1185,921,0.9912176728248596,-1,-1,-1
236,-1,851,723,1152,920,0.9871887564659119,-1,-1,-1
237,-1,838,728,1118,912,0.9849575757980347,-1,-1,-1
238,-1,814,725,1093,911,0.9881331324577332,-1,-1,-1
239,-1,803,728,1059,907,0.9837559461593628,-1,-1,-1
240,-1,782,722,1033,902,0.986697256565094,-1,-1,-1
241,-1,768,725,1012,897,0.9705800414085388,-1,-1,-1
242,-1,757,723,981,892,0.9261913895606995,-1,-1,-1
243,-1,734,720,967,885,0.9500144720077515,-1,-1,-1
244,-1,718,711,942,882,0.942722499370575,-1,-1,-1
245,-1,704,712,926,878,0.9382336139678955,-1,-1,-1
246,-1,691,720,904,879,0.9841108322143555,-1,-1,-1
247,-1,682,727,887,872,0.9853705167770386,-1,-1,-1
248,-1,670,728,867,872,0.9892833232879639,-1,-1,-1
249,-1,659,730,851,868,0.9912557601928711,-1,-1,-1
250,-1,657,723,839,865,0.9842744469642639,-1,-1,-1
251,-1,641,725,828,860,0.9828311204910278,-1,-1,-1
252,-1,629,727,809,860,0.9798398613929749,-1,-1,-1
253,-1,618,723,795,857,0.9613543748855591,-1,-1,-1
254,-1,609,719,777,855,0.956762433052063,-1,-1,-1
255,-1,600,717,765,853,0.9717087149620056,-1,-1,-1
256,-1,593,717,754,849,0.9318162798881531,-1,-1,-1
257,-1,588,719,744,846,0.876070499420166,-1,-1,-1
258,-1,582,722,732,841,0.7811784148216248,-1,-1,-1
259,-1,573,724,717,840,0.7283996343612671,-1,-1,-1
260,-1,561,722,703,840,0.8615150451660156,-1,-1,-1
261,-1,553,723,691,834,0.9041441679000854,-1,-1,-1
262,-1,548,723,684,835,0.8657965064048767,-1,-1,-1
263,-1,537,722,672,831,0.914162278175354,-1,-1,-1
264,-1,534,723,661,830,0.8803997039794922,-1,-1,-1
265,-1,529,724,657,828,0.8606077432632446,-1,-1,-1
266,-1,525,725,647,826,0.7795595526695251,-1,-1,-1
267,-1,520,727,641,826,0.6432525515556335,-1,-1,-1
279,-1,330,757,460,866,0.6476637125015259,-1,-1,-1
280,-1,337,758,468,868,0.6830680966377258,-1,-1,-1
281,-1,338,756,467,865,0.7854111194610596,-1,-1,-1
282,-1,339,754,474,871,0.823720395565033,-1,-1,-1
283,-1,337,751,479,872,0.9075674414634705,-1,-1,-1
284,-1,337,755,483,872,0.9552125930786133,-1,-1,-1
285,-1,1582,666,2484,1143,0.9811305403709412,-1,-1,-1
285,-1,346,753,488,878,0.956521213054657,-1,-1,-1
286,-1,1433,682,2291,1110,0.989404559135437,-1,-1,-1
286,-1,344,758,496,878,0.9648610353469849,-1,-1,-1
287,-1,1311,686,2115,1080,0.9879536628723145,-1,-1,-1
287,-1,352,761,502,880,0.9626937508583069,-1,-1,-1
288,-1,1265,680,1924,1053,0.9894484281539917,-1,-1,-1
288,-1,356,763,512,887,0.9634066224098206,-1,-1,-1
289,-1,1170,684,1805,1028,0.9911376237869263,-1,-1,-1
289,-1,358,761,517,886,0.9740179777145386,-1,-1,-1
290,-1,1118,688,1675,1011,0.9923381209373474,-1,-1,-1
290,-1,366,760,528,891,0.9839093089103699,-1,-1,-1
291,-1,1063,688,1574,990,0.9934677481651306,-1,-1,-1
291,-1,369,762,535,891,0.9848810434341431,-1,-1,-1
292,-1,1016,686,1478,991,0.988979697227478,-1,-1,-1
292,-1,375,760,540,897,0.9840685725212097,-1,-1,-1
293,-1,976,705,1395,966,0.9905774593353271,-1,-1,-1
293,-1,381,766,545,897,0.9854364991188049,-1,-1,-1
294,-1,929,707,1335,949,0.9923020601272583,-1,-1,-1
294,-1,387,770,557,898,0.9879873991012573,-1,-1,-1
295,-1,878,707,1261,947,0.9909608960151672,-1,-1,-1
295,-1,394,772,562,903,0.9902728199958801,-1,-1,-1
296,-1,394,774,573,907,0.9929367899894714,-1,-1,-1
296,-1,851,700,1210,934,0.9925159811973572,-1,-1,-1
297,-1,401,775,585,914,0.9937851428985596,-1,-1,-1
297,-1,822,707,1156,923,0.9911433458328247,-1,-1,-1
298,-1,407,773,596,919,0.995431661605835,-1,-1,-1
298,-1,802,710,1109,915,0.9943095445632935,-1,-1,-1
299,-1,410,772,604,922,0.9945304989814758,-1,-1,-1
299,-1,776,707,1069,912,0.9927706122398376,-1,-1,-1
300,-1,418,776,617,929,0.9943010807037354,-1,-1,-1
300,-1,739,702,1026,903,0.9919902682304382,-1,-1,-1
301,-1,427,777,630,934,0.9942295551300049,-1,-1,-1
301,-1,731,702,985,895,0.9651627540588379,-1,-1,-1
302,-1,434,779,645,941,0.9946823716163635,-1,-1,-1
302,-1,710,695,963,889,0.973992645740509,-1,-1,-1
303,-1,441,780,659,949,0.9950559139251709,-1,-1,-1
303,-1,690,702,930,888,0.9595918655395508,-1,-1,-1
304,-1,452,784,674,954,0.9946687817573547,-1,-1,-1
304,-1,674,706,909,881,0.9840397238731384,-1,-1,-1
305,-1,460,787,695,962,0.9944372177124023,-1,-1,-1
305,-1,660,709,879,881,0.9849764108657837,-1,-1,-1
306,-1,469,789,713,970,0.9951240420341492,-1,-1,-1
306,-1,649,709,857,875,0.9032415151596069,-1,-1,-1
307,-1,482,786,731,978,0.9948417544364929,-1,-1,-1
307,-1,628,710,835,868,0.9550595283508301,-1,-1,-1
308,-1,494,787,754,982,0.9955347776412964,-1,-1,-1
308,-1,616,710,814,862,0.8790338039398193,-1,-1,-1
309,-1,505,797,773,995,0.9934651255607605,-1,-1,-1
309,-1,608,709,797,855,0.7327219843864441,-1,-1,-1
310,-1,520,800,808,1007,0.9960612654685974,-1,-1,-1
310,-1,591,706,778,851,0.8200730085372925,-1,-1,-1
311,-1,539,806,836,1016,0.9943627119064331,-1,-1,-1
311,-1,578,706,768,852,0.9217071533203125,-1,-1,-1
312,-1,552,807,871,1033,0.9936726093292236,-1,-1,-1
312,-1,567,710,750,855,0.9526351690292358,-1,-1,-1
313,-1,565,809,906,1047,0.9937840700149536,-1,-1,-1
313,-1,560,713,731,856,0.9547592997550964,-1,-1,-1
314,-1,590,810,938,1062,0.9937726855278015,-1,-1,-1
314,-1,551,714,718,852,0.9304854273796082,-1,-1,-1
315,-1,612,815,987,1081,0.994383692741394,-1,-1,-1
315,-1,539,716,697,844,0.9341383576393127,-1,-1,-1
316,-1,636,821,1057,1101,0.99349445104599,-1,-1,-1
316,-1,532,718,687,840,0.9498357176780701,-1,-1,-1
317,-1,665,821,1103,1122,0.9930015802383423,-1,-1,-1
317,-1,524,723,671,836,0.9349312782287598,-1,-1,-1
318,-1,694,830,1187,1151,0.9942049384117126,-1,-1,-1
318,-1,522,724,657,831,0.9731684327125549,-1,-1,-1
319,-1,723,836,1268,1181,0.9933527708053589,-1,-1,-1
319,-1,515,721,651,832,0.9561231732368469,-1,-1,-1
320,-1,784,851,1348,1208,0.9941621422767639,-1,-1,-1
320,-1,508,721,641,828,0.904554545879364,-1,-1,-1
321,-1,806,850,1460,1251,0.9962890148162842,-1,-1,-1
321,-1,501,724,632,828,0.8044724464416504,-1,-1,-1
322,-1,872,855,1591,1300,0.9950531125068665,-1,-1,-1
322,-1,495,723,620,827,0.8815858960151672,-1,-1,-1
323,-1,943,874,1757,1360,0.9933405518531799,-1,-1,-1
323,-1,486,721,614,824,0.8947255611419678,-1,-1,-1
324,-1,1005,881,1953,1432,0.9932978749275208,-1,-1,-1
324,-1,482,724,605,823,0.8628801703453064,-1,-1,-1
325,-1,1113,902,2219,1520,0.99118572473526,-1,-1,-1
325,-1,469,722,599,823,0.9006487131118774,-1,-1,-1
326,-1,1207,923,2518,1638,0.9879595041275024,-1,-1,-1
326,-1,465,722,589,819,0.8275784254074097,-1,-1,-1
327,-1,462,722,583,817,0.7760449051856995,-1,-1,-1
327,-1,1364,942,2560,1795,0.641635000705719,-1,-1,-1
328,-1,458,722,576,817,0.7404716610908508,-1,-1,-1
329,-1,452,722,569,817,0.7385739088058472,-1,-1,-1
330,-1,445,719,567,815,0.6656149625778198,-1,-1,-1
376,-1,1613,730,2560,1186,0.9759315848350525,-1,-1,-1
377,-1,1507,734,2436,1144,0.9908046722412109,-1,-1,-1
378,-1,1389,733,2211,1112,0.9940233826637268,-1,-1,-1
379,-1,1295,732,2043,1077,0.992427408695221,-1,-1,-1
380,-1,1223,745,1886,1047,0.9939947724342346,-1,-1,-1
381,-1,1138,723,1762,1027,0.9939011335372925,-1,-1,-1
382,-1,1081,726,1644,1012,0.9920579791069031,-1,-1,-1
383,-1,1035,739,1557,990,0.9909576177597046,-1,-1,-1
384,-1,979,736,1452,983,0.9876703023910522,-1,-1,-1
385,-1,937,737,1376,968,0.9800904393196106,-1,-1,-1
386,-1,907,732,1307,959,0.9875269532203674,-1,-1,-1
387,-1,870,734,1250,945,0.98618084192276,-1,-1,-1
388,-1,841,729,1185,938,0.9868863224983215,-1,-1,-1
389,-1,812,729,1138,926,0.9838134050369263,-1,-1,-1
390,-1,791,735,1095,920,0.9894599914550781,-1,-1,-1
391,-1,769,730,1052,915,0.989021897315979,-1,-1,-1
392,-1,756,731,1017,910,0.9873462319374084,-1,-1,-1
393,-1,727,730,984,902,0.9774125218391418,-1,-1,-1
394,-1,709,733,962,896,0.9204760193824768,-1,-1,-1
395,-1,689,726,927,894,0.9317108392715454,-1,-1,-1
396,-1,674,734,907,885,0.9908214807510376,-1,-1,-1
397,-1,658,735,888,880,0.9918277263641357,-1,-1,-1
398,-1,646,731,860,879,0.993289053440094,-1,-1,-1
399,-1,633,735,843,869,0.9926642179489136,-1,-1,-1
400,-1,616,730,821,868,0.993044912815094,-1,-1,-1
401,-1,607,726,805,865,0.9904431700706482,-1,-1,-1
402,-1,593,723,784,860,0.9888655543327332,-1,-1,-1
402,-1,1622,743,2508,1176,0.9885039925575256,-1,-1,-1
403,-1,1454,757,2278,1125,0.9926060438156128,-1,-1,-1
403,-1,583,720,769,859,0.9863883852958679,-1,-1,-1
404,-1,1358,752,2057,1083,0.9922724962234497,-1,-1,-1
404,-1,576,723,754,855,0.9728550314903259,-1,-1,-1
405,-1,1277,752,1870,1055,0.9934241771697998,-1,-1,-1
405,-1,568,724,736,851,0.9522830247879028,-1,-1,-1
406,-1,1167,742,1738,1031,0.9934754967689514,-1,-1,-1
406,-1,558,721,723,850,0.9511339664459229,-1,-1,-1
407,-1,1106,733,1614,1010,0.9866820573806763,-1,-1,-1
407,-1,547,723,707,847,0.962078332901001,-1,-1,-1
408,-1,1043,734,1500,994,0.9873085618019104,-1,-1,-1
408,-1,539,723,697,842,0.9614086747169495,-1,-1,-1
409,-1,988,737,1413,979,0.9882451295852661,-1,-1,-1
409,-1,528,722,684,844,0.9588907361030579,-1,-1,-1
410,-1,946,734,1331,965,0.9855812191963196,-1,-1,-1
410,-1,522,723,670,841,0.9490081071853638,-1,-1,-1
411,-1,904,732,1269,950,0.9901830554008484,-1,-1,-1
411,-1,519,725,661,837,0.9425805807113647,-1,-1,-1
412,-1,867,732,1199,935,0.9872281551361084,-1,-1,-1
412,-1,511,726,650,835,0.8757107257843018,-1,-1,-1
413,-1,837,729,1144,927,0.9888876080513,-1,-1,-1
413,-1,503,724,642,834,0.8605954051017761,-1,-1,-1
414,-1,801,730,1092,922,0.9904341697692871,-1,-1,-1
414,-1,500,726,634,828,0.7923040390014648,-1,-1,-1
415,-1,778,736,1045,912,0.9904954433441162,-1,-1,-1
415,-1,494,730,621,827,0.8550807237625122,-1,-1,-1
416,-1,750,734,1011,907,0.988751232624054,-1,-1,-1
416,-1,489,731,610,824,0.7822383046150208,-1,-1,-1
417,-1,729,736,977,902,0.9844399690628052,-1,-1,-1
417,-1,482,729,602,824,0.8286474943161011,-1,-1,-1
418,-1,707,732,941,890,0.9701110124588013,-1,-1,-1
418,-1,471,723,597,825,0.6767349243164062,-1,-1,-1
419,-1,685,728,908,885,0.9789135456085205,-1,-1,-1
419,-1,466,721,588,821,0.6539771556854248,-1,-1,-1
420,-1,668,737,879,876,0.9941503405570984,-1,-1,-1
420,-1,464,721,583,820,0.6911922693252563,-1,-1,-1
421,-1,652,732,859,879,0.9928261041641235,-1,-1,-1
422,-1,639,733,838,868,0.9931514263153076,-1,-1,-1
423,-1,622,731,812,868,0.9913997650146484,-1,-1,-1
424,-1,605,726,792,862,0.9933924078941345,-1,-1,-1
425,-1,593,719,775,861,0.9918895363807678,-1,-1,-1
426,-1,583,727,756,859,0.9787600636482239,-1,-1,-1
427,-1,577,735,734,852,0.956867516040802,-1,-1,-1
428,-1,564,734,714,849,0.9430725574493408,-1,-1,-1
429,-1,552,728,701,848,0.9559707641601562,-1,-1,-1
430,-1,539,726,688,846,0.9512779712677002,-1,-1,-1
431,-1,532,728,678,842,0.9428840279579163,-1,-1,-1
432,-1,524,725,657,837,0.9391876459121704,-1,-1,-1
433,-1,514,729,649,838,0.9113515019416809,-1,-1,-1
434,-1,510,736,642,832,0.7828991413116455,-1,-1,-1
436,-1,496,741,617,828,0.7757495641708374,-1,-1,-1
437,-1,489,739,610,825,0.733331561088562,-1,-1,-1
438,-1,485,737,601,825,0.6117182970046997,-1,-1,-1
439,-1,479,734,590,825,0.6106987595558167,-1,-1,-1
