30,-1,938,54,1159,175,0.7085246443748474,-1,-1,-1
31,-1,922,54,1157,174,0.7844262719154358,-1,-1,-1
32,-1,915,54,1156,175,0.8341989517211914,-1,-1,-1
33,-1,899,53,1151,176,0.9288250207901001,-1,-1,-1
34,-1,885,55,1135,173,0.960317075252533,-1,-1,-1
35,-1,869,53,1120,172,0.9750311970710754,-1,-1,-1
36,-1,857,51,1101,173,0.973530113697052,-1,-1,-1
37,-1,840,46,1078,175,0.9629529714584351,-1,-1,-1
38,-1,832,48,1065,175,0.9621859192848206,-1,-1,-1
39,-1,818,49,1049,176,0.954379677772522,-1,-1,-1
40,-1,807,51,1040,177,0.9353036880493164,-1,-1,-1
41,-1,805,55,1024,176,0.9775476455688477,-1,-1,-1
42,-1,794,55,1007,179,0.9802507162094116,-1,-1,-1
43,-1,789,56,998,178,0.9864614605903625,-1,-1,-1
44,-1,781,57,988,179,0.9799480438232422,-1,-1,-1
45,-1,767,59,976,181,0.974798858165741,-1,-1,-1
46,-1,764,60,967,182,0.9846998453140259,-1,-1,-1
47,-1,758,58,955,182,0.9830448627471924,-1,-1,-1
48,-1,755,59,945,182,0.989158034324646,-1,-1,-1
49,-1,748,59,937,182,0.9910593628883362,-1,-1,-1
50,-1,740,58,930,185,0.9877556562423706,-1,-1,-1
51,-1,735,58,921,185,0.9909261465072632,-1,-1,-1
52,-1,730,59,915,187,0.9873709678649902,-1,-1,-1
53,-1,727,58,909,189,0.9909630417823792,-1,-1,-1
54,-1,719,59,901,188,0.9878227710723877,-1,-1,-1
55,-1,714,59,895,188,0.9863885045051575,-1,-1,-1
56,-1,709,61,890,188,0.9806110858917236,-1,-1,-1
57,-1,704,59,883,191,0.978995144367218,-1,-1,-1
58,-1,699,60,877,191,0.9859888553619385,-1,-1,-1
59,-1,694,60,871,189,0.9848907589912415,-1,-1,-1
60,-1,688,60,869,191,0.977846086025238,-1,-1,-1
61,-1,681,62,861,192,0.9839125275611877,-1,-1,-1
61,-1,1406,331,1920,825,0.835839569568634,-1,-1,-1
62,-1,678,61,855,193,0.9808031320571899,-1,-1,-1
62,-1,1389,328,1920,796,0.9613862037658691,-1,-1,-1
63,-1,1347,299,1920,762,0.9844179153442383,-1,-1,-1
63,-1,673,62,852,192,0.969499945640564,-1,-1,-1
64,-1,1305,302,1879,737,0.9910203814506531,-1,-1,-1
64,-1,667,63,846,193,0.9724844694137573,-1,-1,-1
65,-1,1282,290,1835,711,0.9887399077415466,-1,-1,-1
65,-1,662,62,839,194,0.9761754870414734,-1,-1,-1
66,-1,1252,281,1785,689,0.9923074245452881,-1,-1,-1
66,-1,659,63,835,195,0.9843379855155945,-1,-1,-1
67,-1,1234,253,1745,669,0.9896755814552307,-1,-1,-1
67,-1,652,62,828,195,0.984029233455658,-1,-1,-1
68,-1,1203,255,1705,641,0.9923474788665771,-1,-1,-1
68,-1,646,62,824,196,0.9757946729660034,-1,-1,-1
69,-1,1178,233,1678,621,0.9944203495979309,-1,-1,-1
69,-1,639,63,822,198,0.9821025133132935,-1,-1,-1
70,-1,1156,237,1620,597,0.9923380017280579,-1,-1,-1
70,-1,636,65,817,198,0.9821566939353943,-1,-1,-1
71,-1,1135,230,1591,578,0.9942077398300171,-1,-1,-1
71,-1,634,62,813,199,0.9825516939163208,-1,-1,-1
72,-1,1125,209,1557,561,0.993821382522583,-1,-1,-1
72,-1,627,63,806,199,0.9863408803939819,-1,-1,-1
73,-1,1100,208,1534,547,0.9938769936561584,-1,-1,-1
73,-1,624,64,801,199,0.9804983735084534,-1,-1,-1
74,-1,1077,193,1510,527,0.9909422993659973,-1,-1,-1
74,-1,617,64,797,201,0.9757299423217773,-1,-1,-1
75,-1,1062,188,1472,512,0.9942418336868286,-1,-1,-1
75,-1,614,65,794,202,0.9835057854652405,-1,-1,-1
76,-1,1051,172,1441,493,0.9924784898757935,-1,-1,-1
76,-1,606,64,789,205,0.9828197956085205,-1,-1,-1
77,-1,1033,180,1419,481,0.9922049641609192,-1,-1,-1
77,-1,602,66,785,204,0.9871871471405029,-1,-1,-1
78,-1,1018,175,1397,469,0.9927427768707275,-1,-1,-1
78,-1,598,67,780,204,0.9903817772865295,-1,-1,-1
79,-1,1001,156,1364,455,0.9932851791381836,-1,-1,-1
79,-1,593,67,776,205,0.9853379726409912,-1,-1,-1
80,-1,987,155,1335,440,0.9940405488014221,-1,-1,-1
80,-1,588,66,773,207,0.987745463848114,-1,-1,-1
81,-1,974,154,1331,432,0.9935325384140015,-1,-1,-1
81,-1,587,68,770,207,0.9872798919677734,-1,-1,-1
82,-1,964,145,1307,422,0.9939969778060913,-1,-1,-1
82,-1,584,70,767,207,0.985501229763031,-1,-1,-1
83,-1,952,141,1289,413,0.994228720664978,-1,-1,-1
83,-1,575,69,763,210,0.9830280542373657,-1,-1,-1
84,-1,938,130,1267,399,0.9928021430969238,-1,-1,-1
84,-1,573,70,758,211,0.9837708473205566,-1,-1,-1
85,-1,933,133,1250,389,0.9934403300285339,-1,-1,-1
85,-1,567,69,754,216,0.9762093424797058,-1,-1,-1
85,-1,1022,45,1148,146,0.641004204750061,-1,-1,-1
86,-1,914,125,1235,383,0.9934433698654175,-1,-1,-1
86,-1,564,70,751,218,0.975361704826355,-1,-1,-1
86,-1,1018,46,1146,148,0.6460017561912537,-1,-1,-1
87,-1,910,116,1219,373,0.9957938194274902,-1,-1,-1
87,-1,560,73,749,221,0.9720273613929749,-1,-1,-1
88,-1,900,115,1204,364,0.9954858422279358,-1,-1,-1
88,-1,557,74,747,224,0.964579701423645,-1,-1,-1
88,-1,1011,45,1140,150,0.6413443088531494,-1,-1,-1
89,-1,894,116,1191,362,0.9933288097381592,-1,-1,-1
89,-1,557,76,742,226,0.9564629793167114,-1,-1,-1
89,-1,1009,48,1137,152,0.6234914660453796,-1,-1,-1
90,-1,884,110,1174,349,0.9942278861999512,-1,-1,-1
90,-1,554,78,742,228,0.9661172032356262,-1,-1,-1
90,-1,1008,49,1135,152,0.627991795539856,-1,-1,-1
91,-1,876,102,1157,340,0.9928489923477173,-1,-1,-1
91,-1,548,80,738,231,0.9694730639457703,-1,-1,-1
92,-1,870,99,1146,335,0.9923737645149231,-1,-1,-1
92,-1,548,80,735,235,0.9584987759590149,-1,-1,-1
93,-1,865,95,1134,326,0.9925258159637451,-1,-1,-1
93,-1,544,85,735,236,0.9700589179992676,-1,-1,-1
94,-1,856,94,1125,318,0.993962824344635,-1,-1,-1
94,-1,541,86,732,241,0.9698659181594849,-1,-1,-1
95,-1,852,87,1119,314,0.9931899905204773,-1,-1,-1
95,-1,543,87,736,241,0.9751547574996948,-1,-1,-1
96,-1,844,85,1110,306,0.9933274984359741,-1,-1,-1
96,-1,539,91,734,246,0.9672992825508118,-1,-1,-1
97,-1,839,83,1097,299,0.9939156174659729,-1,-1,-1
97,-1,538,93,734,250,0.974862277507782,-1,-1,-1
98,-1,836,78,1088,293,0.9936782717704773,-1,-1,-1
98,-1,538,98,733,253,0.9840611815452576,-1,-1,-1
99,-1,836,73,1078,286,0.9938724040985107,-1,-1,-1
99,-1,535,101,734,256,0.9785422086715698,-1,-1,-1
100,-1,830,73,1068,280,0.9942640662193298,-1,-1,-1
100,-1,535,102,735,261,0.9825587272644043,-1,-1,-1
101,-1,827,67,1061,277,0.9926844239234924,-1,-1,-1
101,-1,533,104,737,265,0.985498309135437,-1,-1,-1
102,-1,832,62,1054,267,0.993474543094635,-1,-1,-1
102,-1,539,108,738,265,0.9879782199859619,-1,-1,-1
103,-1,829,59,1050,263,0.9942777752876282,-1,-1,-1
103,-1,538,110,739,267,0.9871373176574707,-1,-1,-1
104,-1,828,60,1045,257,0.9944751858711243,-1,-1,-1
104,-1,538,109,741,274,0.9863412976264954,-1,-1,-1
105,-1,821,59,1040,252,0.9928890466690063,-1,-1,-1
105,-1,538,112,744,280,0.985767662525177,-1,-1,-1
106,-1,820,57,1034,247,0.9930824041366577,-1,-1,-1
106,-1,539,117,752,280,0.9832046627998352,-1,-1,-1
107,-1,823,54,1034,243,0.9932422041893005,-1,-1,-1
107,-1,540,119,752,286,0.97919100522995,-1,-1,-1
108,-1,824,52,1030,239,0.9931898713111877,-1,-1,-1
108,-1,543,123,762,290,0.9873819947242737,-1,-1,-1
109,-1,826,50,1029,233,0.9920361638069153,-1,-1,-1
109,-1,542,125,765,294,0.9849454164505005,-1,-1,-1
110,-1,830,47,1030,230,0.9915586709976196,-1,-1,-1
110,-1,540,126,764,300,0.9854180812835693,-1,-1,-1
111,-1,829,48,1027,225,0.9901906251907349,-1,-1,-1
111,-1,544,129,770,305,0.9826065897941589,-1,-1,-1
112,-1,837,43,1034,220,0.9904868006706238,-1,-1,-1
112,-1,547,133,773,310,0.984867513179779,-1,-1,-1
112,-1,1519,419,1920,746,0.8812397718429565,-1,-1,-1
113,-1,838,42,1036,218,0.9905624985694885,-1,-1,-1
113,-1,550,133,777,314,0.9818282723426819,-1,-1,-1
113,-1,1497,402,1920,731,0.9806612730026245,-1,-1,-1
114,-1,1470,394,1912,705,0.9938344955444336,-1,-1,-1
114,-1,843,41,1040,215,0.9880139827728271,-1,-1,-1
114,-1,551,137,785,320,0.9854545593261719,-1,-1,-1
115,-1,1436,369,1874,690,0.9876603484153748,-1,-1,-1
115,-1,845,42,1044,213,0.9876256585121155,-1,-1,-1
115,-1,551,141,785,327,0.9853640198707581,-1,-1,-1
116,-1,1409,366,1833,683,0.9924742579460144,-1,-1,-1
116,-1,852,41,1049,209,0.9887650012969971,-1,-1,-1
116,-1,553,144,790,333,0.9843401908874512,-1,-1,-1
117,-1,1387,351,1807,660,0.9939736723899841,-1,-1,-1
117,-1,857,39,1053,206,0.9908479452133179,-1,-1,-1
117,-1,558,147,795,337,0.9849317073822021,-1,-1,-1
118,-1,1363,332,1769,640,0.992188572883606,-1,-1,-1
118,-1,864,38,1055,204,0.9920952916145325,-1,-1,-1
118,-1,559,151,800,340,0.9878520965576172,-1,-1,-1
119,-1,1341,335,1750,634,0.9917872548103333,-1,-1,-1
119,-1,870,38,1056,201,0.9916307330131531,-1,-1,-1
119,-1,561,154,807,346,0.98764568567276,-1,-1,-1
120,-1,875,37,1064,199,0.9926257729530334,-1,-1,-1
120,-1,1321,333,1712,611,0.9917707443237305,-1,-1,-1
120,-1,563,159,812,355,0.9903227686882019,-1,-1,-1
121,-1,1300,317,1675,602,0.9920539855957031,-1,-1,-1
121,-1,880,38,1068,197,0.9907228350639343,-1,-1,-1
121,-1,566,164,821,359,0.9886167645454407,-1,-1,-1
122,-1,1271,305,1655,574,0.9930567741394043,-1,-1,-1
122,-1,888,33,1072,194,0.9876205325126648,-1,-1,-1
122,-1,567,169,829,368,0.9864924550056458,-1,-1,-1
123,-1,1256,300,1625,562,0.9934505224227905,-1,-1,-1
123,-1,569,172,837,375,0.9878334999084473,-1,-1,-1
123,-1,892,36,1075,196,0.9854754209518433,-1,-1,-1
124,-1,1239,296,1605,549,0.994346559047699,-1,-1,-1
124,-1,575,176,842,381,0.9914275407791138,-1,-1,-1
124,-1,903,35,1083,191,0.9823712110519409,-1,-1,-1
125,-1,1223,286,1579,537,0.9952524900436401,-1,-1,-1
125,-1,579,181,852,386,0.9894019961357117,-1,-1,-1
125,-1,907,32,1089,192,0.9867454171180725,-1,-1,-1
126,-1,1204,272,1549,520,0.9927041530609131,-1,-1,-1
126,-1,585,184,860,398,0.9879792928695679,-1,-1,-1
126,-1,912,32,1095,189,0.9878854751586914,-1,-1,-1
127,-1,1186,267,1537,504,0.9928979873657227,-1,-1,-1
127,-1,588,185,870,404,0.9892684817314148,-1,-1,-1
127,-1,924,31,1102,185,0.9836708307266235,-1,-1,-1
128,-1,1168,257,1508,498,0.9915474057197571,-1,-1,-1
128,-1,593,185,882,410,0.9891216158866882,-1,-1,-1
128,-1,930,32,1111,184,0.9860605001449585,-1,-1,-1
129,-1,1156,253,1485,492,0.9922164678573608,-1,-1,-1
129,-1,600,196,891,418,0.9878752827644348,-1,-1,-1
129,-1,939,32,1118,182,0.9496652483940125,-1,-1,-1
130,-1,1144,248,1459,478,0.9915012121200562,-1,-1,-1
130,-1,606,202,901,429,0.9878138303756714,-1,-1,-1
130,-1,951,33,1121,180,0.9648087620735168,-1,-1,-1
131,-1,1128,236,1441,465,0.9899969100952148,-1,-1,-1
131,-1,616,208,912,436,0.9891890287399292,-1,-1,-1
131,-1,959,31,1132,181,0.9802030324935913,-1,-1,-1
132,-1,1119,233,1416,456,0.9906821250915527,-1,-1,-1
132,-1,622,212,923,445,0.986491322517395,-1,-1,-1
132,-1,966,34,1141,176,0.9733276963233948,-1,-1,-1
133,-1,637,224,932,456,0.9904340505599976,-1,-1,-1
133,-1,1105,227,1392,447,0.9875147342681885,-1,-1,-1
133,-1,973,30,1143,176,0.9621419906616211,-1,-1,-1
134,-1,642,231,941,462,0.9906925559043884,-1,-1,-1
134,-1,1084,221,1378,439,0.9867544770240784,-1,-1,-1
134,-1,986,32,1152,175,0.9259589314460754,-1,-1,-1
135,-1,658,237,960,477,0.9912009239196777,-1,-1,-1
135,-1,1070,213,1359,427,0.9852707386016846,-1,-1,-1
135,-1,982,30,1156,173,0.8463181257247925,-1,-1,-1
136,-1,654,237,988,487,0.9929957985877991,-1,-1,-1
136,-1,1052,201,1337,420,0.9805226922035217,-1,-1,-1
136,-1,999,30,1158,172,0.8556727766990662,-1,-1,-1
137,-1,670,247,998,495,0.9943919777870178,-1,-1,-1
137,-1,1041,196,1321,412,0.9854395985603333,-1,-1,-1
137,-1,1007,31,1162,170,0.8607820868492126,-1,-1,-1
138,-1,678,257,1014,509,0.9925805330276489,-1,-1,-1
138,-1,1026,193,1303,401,0.9793696999549866,-1,-1,-1
138,-1,1013,31,1158,168,0.7442408204078674,-1,-1,-1
138,-1,876,52,1016,167,0.6392797231674194,-1,-1,-1
139,-1,681,259,1035,519,0.9942588806152344,-1,-1,-1
139,-1,1015,189,1287,396,0.9823684096336365,-1,-1,-1
139,-1,876,52,1014,168,0.7427006959915161,-1,-1,-1
139,-1,1025,34,1163,167,0.6830032467842102,-1,-1,-1
140,-1,694,265,1039,535,0.9929331541061401,-1,-1,-1
140,-1,1000,187,1273,383,0.9820064902305603,-1,-1,-1
140,-1,876,52,1013,168,0.7581434845924377,-1,-1,-1
141,-1,707,278,1064,550,0.9932096600532532,-1,-1,-1
141,-1,991,181,1258,376,0.9707292318344116,-1,-1,-1
141,-1,877,52,1012,168,0.8384373188018799,-1,-1,-1
142,-1,707,289,1076,565,0.9928357005119324,-1,-1,-1
142,-1,980,177,1244,368,0.9595878720283508,-1,-1,-1
142,-1,879,51,1011,169,0.6911171078681946,-1,-1,-1
143,-1,719,293,1098,578,0.9933878183364868,-1,-1,-1
143,-1,967,165,1222,367,0.9690557718276978,-1,-1,-1
143,-1,880,52,1011,167,0.8435038924217224,-1,-1,-1
144,-1,733,307,1115,598,0.9933632612228394,-1,-1,-1
144,-1,959,165,1211,352,0.9747942090034485,-1,-1,-1
144,-1,882,53,1015,167,0.8089011907577515,-1,-1,-1
145,-1,745,312,1131,614,0.9936342239379883,-1,-1,-1
145,-1,948,163,1197,347,0.9799721837043762,-1,-1,-1
145,-1,882,51,1019,168,0.6622872352600098,-1,-1,-1
146,-1,761,322,1145,630,0.9920613765716553,-1,-1,-1
146,-1,936,159,1185,340,0.9856513738632202,-1,-1,-1
147,-1,760,333,1176,643,0.9923519492149353,-1,-1,-1
147,-1,927,153,1169,334,0.9856524467468262,-1,-1,-1
148,-1,782,346,1188,674,0.9936590790748596,-1,-1,-1
148,-1,918,149,1155,328,0.9881188273429871,-1,-1,-1
149,-1,791,362,1215,686,0.9915980100631714,-1,-1,-1
149,-1,911,148,1143,321,0.9854126572608948,-1,-1,-1
150,-1,799,372,1242,709,0.9943264126777649,-1,-1,-1
150,-1,902,141,1128,314,0.9844462275505066,-1,-1,-1
151,-1,822,387,1261,733,0.99480140209198,-1,-1,-1
151,-1,892,138,1121,309,0.9814077019691467,-1,-1,-1
152,-1,836,403,1289,754,0.9939131140708923,-1,-1,-1
152,-1,888,129,1102,304,0.9828253388404846,-1,-1,-1
153,-1,843,413,1320,777,0.9945170283317566,-1,-1,-1
153,-1,883,127,1095,298,0.9870676398277283,-1,-1,-1
154,-1,859,434,1345,805,0.9926498532295227,-1,-1,-1
154,-1,874,125,1087,294,0.9901641011238098,-1,-1,-1
155,-1,886,450,1375,835,0.993190586566925,-1,-1,-1
155,-1,870,123,1083,286,0.9925965070724487,-1,-1,-1
156,-1,897,467,1411,868,0.9956383109092712,-1,-1,-1
156,-1,866,118,1071,280,0.9923567771911621,-1,-1,-1
157,-1,913,492,1447,899,0.9968706965446472,-1,-1,-1
157,-1,863,117,1067,274,0.9924018383026123,-1,-1,-1
158,-1,937,512,1482,938,0.9952750205993652,-1,-1,-1
158,-1,863,111,1058,273,0.9912328124046326,-1,-1,-1
159,-1,950,537,1529,972,0.9943207502365112,-1,-1,-1
159,-1,862,108,1055,267,0.9922360777854919,-1,-1,-1
160,-1,986,559,1570,1007,0.9962297081947327,-1,-1,-1
160,-1,857,109,1053,260,0.9942190647125244,-1,-1,-1
161,-1,1009,587,1617,1050,0.9952393770217896,-1,-1,-1
161,-1,862,103,1047,255,0.994101345539093,-1,-1,-1
162,-1,863,100,1045,249,0.9949265718460083,-1,-1,-1
162,-1,1027,608,1671,1080,0.980550229549408,-1,-1,-1
163,-1,859,99,1045,245,0.996008038520813,-1,-1,-1
163,-1,1055,639,1723,1079,0.9416995644569397,-1,-1,-1
164,-1,860,96,1044,243,0.9942857623100281,-1,-1,-1
164,-1,1076,671,1784,1080,0.718417763710022,-1,-1,-1
165,-1,861,92,1042,239,0.9950236082077026,-1,-1,-1
166,-1,863,88,1042,231,0.9943205118179321,-1,-1,-1
167,-1,865,86,1041,228,0.9952952265739441,-1,-1,-1
168,-1,869,85,1040,223,0.9958101511001587,-1,-1,-1
169,-1,873,83,1040,221,0.995464026927948,-1,-1,-1
169,-1,1426,338,1917,736,0.9903040528297424,-1,-1,-1
170,-1,873,82,1044,218,0.9963822364807129,-1,-1,-1
170,-1,1383,336,1880,713,0.9898620843887329,-1,-1,-1
171,-1,881,79,1046,213,0.9944812059402466,-1,-1,-1
171,-1,1354,314,1833,690,0.9883087873458862,-1,-1,-1
172,-1,881,75,1049,212,0.9937467575073242,-1,-1,-1
172,-1,1322,314,1783,668,0.9891332983970642,-1,-1,-1
173,-1,1300,304,1752,647,0.9938651919364929,-1,-1,-1
173,-1,885,76,1053,211,0.993175208568573,-1,-1,-1
174,-1,889,73,1057,209,0.9942492246627808,-1,-1,-1
174,-1,1270,292,1714,626,0.991428554058075,-1,-1,-1
175,-1,894,72,1060,204,0.994373083114624,-1,-1,-1
175,-1,1247,282,1678,608,0.9919241070747375,-1,-1,-1
176,-1,898,70,1065,201,0.9951046705245972,-1,-1,-1
176,-1,1230,267,1640,585,0.9910215735435486,-1,-1,-1
177,-1,1208,260,1608,576,0.9938148260116577,-1,-1,-1
177,-1,905,67,1068,201,0.9911317229270935,-1,-1,-1
178,-1,1183,251,1588,554,0.9938033819198608,-1,-1,-1
178,-1,910,67,1072,200,0.9918540716171265,-1,-1,-1
179,-1,1167,239,1551,536,0.9935827851295471,-1,-1,-1
179,-1,914,67,1078,197,0.9931580424308777,-1,-1,-1
180,-1,1142,232,1530,523,0.9924446940422058,-1,-1,-1
180,-1,920,65,1085,197,0.9901352524757385,-1,-1,-1
181,-1,1129,222,1495,507,0.9941917061805725,-1,-1,-1
181,-1,927,64,1091,197,0.9912170171737671,-1,-1,-1
182,-1,1113,218,1479,493,0.9934782981872559,-1,-1,-1
182,-1,933,64,1092,192,0.9851675629615784,-1,-1,-1
183,-1,1092,210,1446,484,0.994067907333374,-1,-1,-1
183,-1,937,64,1099,189,0.9836477637290955,-1,-1,-1
184,-1,1078,198,1422,467,0.9930446743965149,-1,-1,-1
184,-1,946,61,1103,188,0.9731037616729736,-1,-1,-1
185,-1,1065,197,1397,455,0.9932910203933716,-1,-1,-1
185,-1,953,61,1113,189,0.9693689942359924,-1,-1,-1
186,-1,1052,195,1378,445,0.9930302500724792,-1,-1,-1
186,-1,961,59,1116,185,0.9737951159477234,-1,-1,-1
187,-1,1038,186,1354,434,0.9941522479057312,-1,-1,-1
187,-1,965,60,1122,183,0.961529016494751,-1,-1,-1
188,-1,1016,175,1332,426,0.9895147085189819,-1,-1,-1
188,-1,974,59,1130,185,0.9545556306838989,-1,-1,-1
189,-1,1003,170,1314,413,0.9889763593673706,-1,-1,-1
189,-1,982,59,1137,184,0.9603207111358643,-1,-1,-1
190,-1,995,165,1300,407,0.9886731505393982,-1,-1,-1
190,-1,988,60,1142,179,0.9600383639335632,-1,-1,-1
191,-1,986,158,1280,396,0.9899110198020935,-1,-1,-1
191,-1,996,58,1146,179,0.9607747793197632,-1,-1,-1
192,-1,974,153,1265,385,0.9902576208114624,-1,-1,-1
192,-1,1004,57,1150,178,0.8505586981773376,-1,-1,-1
193,-1,966,149,1251,379,0.9922892451286316,-1,-1,-1
193,-1,1009,56,1154,176,0.8472275733947754,-1,-1,-1
194,-1,955,137,1234,372,0.9922406673431396,-1,-1,-1
194,-1,1014,58,1158,176,0.8726662993431091,-1,-1,-1
195,-1,945,138,1217,361,0.993301510810852,-1,-1,-1
195,-1,1022,55,1159,172,0.7778948545455933,-1,-1,-1
196,-1,932,135,1207,355,0.9936541318893433,-1,-1,-1
196,-1,1030,55,1163,170,0.6894633173942566,-1,-1,-1
197,-1,924,132,1191,349,0.9946122169494629,-1,-1,-1
198,-1,916,130,1182,343,0.9937751293182373,-1,-1,-1
199,-1,906,125,1163,334,0.9935932755470276,-1,-1,-1
200,-1,900,122,1153,327,0.9939892292022705,-1,-1,-1
201,-1,894,118,1141,320,0.9941832423210144,-1,-1,-1
202,-1,888,114,1131,312,0.992438018321991,-1,-1,-1
203,-1,884,109,1119,304,0.9920356869697571,-1,-1,-1
204,-1,871,107,1110,298,0.9926097989082336,-1,-1,-1
205,-1,864,101,1099,297,0.9893291592597961,-1,-1,-1
206,-1,859,101,1088,288,0.9922352433204651,-1,-1,-1
207,-1,856,96,1080,282,0.991248607635498,-1,-1,-1
208,-1,848,94,1069,278,0.9909515380859375,-1,-1,-1
209,-1,844,88,1063,270,0.9916629791259766,-1,-1,-1
210,-1,840,85,1054,265,0.9932954907417297,-1,-1,-1
211,-1,833,81,1045,263,0.9926544427871704,-1,-1,-1
212,-1,830,78,1039,257,0.9913367033004761,-1,-1,-1
213,-1,824,76,1030,250,0.9909266233444214,-1,-1,-1
214,-1,821,73,1024,249,0.990964412689209,-1,-1,-1
215,-1,822,71,1020,244,0.9925090670585632,-1,-1,-1
216,-1,820,70,1010,239,0.9918811917304993,-1,-1,-1
217,-1,819,66,1010,233,0.991636335849762,-1,-1,-1
218,-1,820,61,1003,231,0.990297257900238,-1,-1,-1
219,-1,820,61,1004,223,0.9920960664749146,-1,-1,-1
220,-1,820,60,1002,220,0.9922802448272705,-1,-1,-1
221,-1,823,58,1001,215,0.9924055933952332,-1,-1,-1
222,-1,823,57,1002,212,0.9922971129417419,-1,-1,-1
223,-1,826,55,1003,209,0.9915434122085571,-1,-1,-1
224,-1,828,54,1003,207,0.9891377091407776,-1,-1,-1
225,-1,833,52,1006,204,0.992457389831543,-1,-1,-1
226,-1,836,50,1011,202,0.991159975528717,-1,-1,-1
227,-1,840,51,1014,200,0.9927089214324951,-1,-1,-1
228,-1,845,48,1020,198,0.9889979958534241,-1,-1,-1
229,-1,851,48,1026,199,0.9875534772872925,-1,-1,-1
230,-1,857,46,1031,196,0.9874393343925476,-1,-1,-1
231,-1,863,45,1037,195,0.9882871508598328,-1,-1,-1
232,-1,869,44,1045,193,0.9886423945426941,-1,-1,-1
233,-1,880,43,1054,189,0.9905244708061218,-1,-1,-1
234,-1,887,41,1059,192,0.9875918626785278,-1,-1,-1
235,-1,887,42,1067,188,0.9836878776550293,-1,-1,-1
236,-1,899,41,1075,186,0.9833714365959167,-1,-1,-1
237,-1,910,43,1083,182,0.9835001230239868,-1,-1,-1
238,-1,915,44,1092,183,0.9856970310211182,-1,-1,-1
239,-1,927,43,1100,183,0.9843214750289917,-1,-1,-1
240,-1,933,44,1108,180,0.9841177463531494,-1,-1,-1
241,-1,945,43,1115,178,0.9777835011482239,-1,-1,-1
242,-1,955,42,1122,177,0.9770997762680054,-1,-1,-1
243,-1,965,42,1130,176,0.9813157320022583,-1,-1,-1
244,-1,970,43,1136,175,0.9792923927307129,-1,-1,-1
245,-1,979,40,1140,174,0.9795882701873779,-1,-1,-1
246,-1,989,41,1148,170,0.9621701240539551,-1,-1,-1
247,-1,1002,38,1151,170,0.9295309782028198,-1,-1,-1
248,-1,1005,37,1153,171,0.9274008870124817,-1,-1,-1
249,-1,1016,37,1159,169,0.8398225903511047,-1,-1,-1
250,-1,1026,37,1158,167,0.6138303279876709,-1,-1,-1
260,-1,1462,416,1920,769,0.8777267932891846,-1,-1,-1
261,-1,1439,396,1920,747,0.9857633113861084,-1,-1,-1
262,-1,1402,396,1888,719,0.9944899082183838,-1,-1,-1
263,-1,1370,373,1850,694,0.9947764873504639,-1,-1,-1
264,-1,1348,355,1809,674,0.9907479286193848,-1,-1,-1
265,-1,1323,348,1771,651,0.9930810332298279,-1,-1,-1
266,-1,1294,337,1729,631,0.9932676553726196,-1,-1,-1
267,-1,1270,329,1699,615,0.9957215785980225,-1,-1,-1
268,-1,1244,309,1647,607,0.9938185811042786,-1,-1,-1
269,-1,1224,306,1629,576,0.9953275918960571,-1,-1,-1
270,-1,1199,295,1599,563,0.9955092668533325,-1,-1,-1
271,-1,1178,283,1569,547,0.9939932227134705,-1,-1,-1
272,-1,1162,273,1541,531,0.9931054711341858,-1,-1,-1
273,-1,1138,264,1514,511,0.9934341907501221,-1,-1,-1
274,-1,1123,260,1481,497,0.9929633736610413,-1,-1,-1
275,-1,1113,247,1460,485,0.9929377436637878,-1,-1,-1
276,-1,1107,249,1433,477,0.9934462904930115,-1,-1,-1
277,-1,1081,234,1420,462,0.9937321543693542,-1,-1,-1
278,-1,1066,225,1395,452,0.9925764203071594,-1,-1,-1
279,-1,1057,223,1371,445,0.9933207035064697,-1,-1,-1
280,-1,1038,215,1352,432,0.9940915703773499,-1,-1,-1
281,-1,1033,210,1324,426,0.992314875125885,-1,-1,-1
282,-1,1011,195,1308,413,0.9889659285545349,-1,-1,-1
282,-1,1483,443,1920,787,0.9333193302154541,-1,-1,-1
283,-1,1455,431,1920,757,0.990420401096344,-1,-1,-1
283,-1,1003,194,1296,404,0.989835798740387,-1,-1,-1
284,-1,992,187,1277,397,0.9927310347557068,-1,-1,-1
284,-1,1400,412,1885,731,0.9926860332489014,-1,-1,-1
285,-1,1377,388,1831,708,0.9935832619667053,-1,-1,-1
285,-1,979,182,1261,389,0.9913560152053833,-1,-1,-1
286,-1,1339,376,1781,682,0.9928110241889954,-1,-1,-1
286,-1,975,179,1246,382,0.9891142845153809,-1,-1,-1
287,-1,1316,353,1732,665,0.9930956959724426,-1,-1,-1
287,-1,960,170,1233,372,0.990800678730011,-1,-1,-1
288,-1,1278,343,1701,638,0.9949616193771362,-1,-1,-1
288,-1,950,167,1217,364,0.9915469288825989,-1,-1,-1
289,-1,1255,330,1662,618,0.9939889907836914,-1,-1,-1
289,-1,943,163,1207,358,0.992861807346344,-1,-1,-1
290,-1,1229,323,1629,597,0.9952783584594727,-1,-1,-1
290,-1,936,159,1195,350,0.9942666888237,-1,-1,-1
291,-1,1207,312,1584,575,0.9955529570579529,-1,-1,-1
291,-1,928,154,1183,342,0.9938067197799683,-1,-1,-1
292,-1,922,150,1173,335,0.9925282001495361,-1,-1,-1
292,-1,1182,298,1561,562,0.9917854070663452,-1,-1,-1
293,-1,1164,287,1528,542,0.9928586483001709,-1,-1,-1
293,-1,915,146,1161,329,0.9919652938842773,-1,-1,-1
294,-1,1137,277,1502,529,0.9910135865211487,-1,-1,-1
294,-1,908,142,1147,323,0.9902965426445007,-1,-1,-1
295,-1,1122,264,1472,508,0.9903126955032349,-1,-1,-1
295,-1,903,135,1139,312,0.9894416332244873,-1,-1,-1
296,-1,1105,255,1448,499,0.9892592430114746,-1,-1,-1
296,-1,894,134,1129,307,0.9869988560676575,-1,-1,-1
297,-1,1102,257,1418,485,0.9901201725006104,-1,-1,-1
297,-1,887,129,1120,300,0.9875156879425049,-1,-1,-1
298,-1,882,125,1107,297,0.9872289896011353,-1,-1,-1
298,-1,1075,242,1399,472,0.9799467921257019,-1,-1,-1
299,-1,1070,235,1369,460,0.9862353205680847,-1,-1,-1
299,-1,878,123,1098,291,0.9850943088531494,-1,-1,-1
300,-1,1048,227,1353,445,0.9856696724891663,-1,-1,-1
300,-1,873,119,1090,285,0.9851382970809937,-1,-1,-1
301,-1,1030,221,1332,435,0.9873910546302795,-1,-1,-1
301,-1,865,116,1083,278,0.9859552979469299,-1,-1,-1
302,-1,860,114,1075,273,0.977554440498352,-1,-1,-1
302,-1,1015,206,1307,429,0.973633348941803,-1,-1,-1
303,-1,1005,200,1288,417,0.9833256006240845,-1,-1,-1
303,-1,854,110,1067,269,0.9818211197853088,-1,-1,-1
304,-1,994,198,1279,405,0.9851009249687195,-1,-1,-1
304,-1,854,107,1057,264,0.977462887763977,-1,-1,-1
305,-1,981,189,1258,399,0.9875960350036621,-1,-1,-1
305,-1,850,105,1053,257,0.9535263776779175,-1,-1,-1
306,-1,974,187,1241,385,0.990362823009491,-1,-1,-1
306,-1,847,105,1047,253,0.9809278845787048,-1,-1,-1
307,-1,958,179,1228,376,0.9914903044700623,-1,-1,-1
307,-1,849,103,1043,246,0.9573792815208435,-1,-1,-1
308,-1,950,175,1211,371,0.9900603294372559,-1,-1,-1
308,-1,843,95,1034,245,0.9270418286323547,-1,-1,-1
309,-1,943,171,1197,363,0.9910099506378174,-1,-1,-1
309,-1,845,92,1033,239,0.9139580726623535,-1,-1,-1
310,-1,934,165,1184,354,0.9898725748062134,-1,-1,-1
310,-1,844,88,1029,235,0.8299547433853149,-1,-1,-1
