33,-1,793,778,1171,1078,0.9274476170539856,-1,-1,-1
34,-1,804,744,1167,1062,0.9880887866020203,-1,-1,-1
35,-1,802,714,1165,1023,0.9895558953285217,-1,-1,-1
36,-1,825,687,1169,985,0.992637038230896,-1,-1,-1
37,-1,827,656,1166,948,0.9915212392807007,-1,-1,-1
38,-1,836,632,1162,911,0.9927560687065125,-1,-1,-1
39,-1,842,613,1160,877,0.9918375611305237,-1,-1,-1
40,-1,851,588,1157,848,0.9927353858947754,-1,-1,-1
41,-1,863,578,1147,828,0.9917839765548706,-1,-1,-1
42,-1,862,548,1160,802,0.9940668344497681,-1,-1,-1
43,-1,875,537,1159,780,0.9939414262771606,-1,-1,-1
44,-1,880,521,1157,756,0.9949910044670105,-1,-1,-1
45,-1,882,500,1153,737,0.9932785630226135,-1,-1,-1
46,-1,889,492,1149,715,0.9942500591278076,-1,-1,-1
47,-1,893,476,1148,696,0.9951613545417786,-1,-1,-1
48,-1,897,460,1149,679,0.9950875639915466,-1,-1,-1
49,-1,903,451,1148,663,0.995931088924408,-1,-1,-1
50,-1,907,437,1151,648,0.9943466782569885,-1,-1,-1
51,-1,910,428,1148,634,0.9955844283103943,-1,-1,-1
52,-1,913,418,1148,619,0.9956793189048767,-1,-1,-1
53,-1,915,407,1141,604,0.9950036406517029,-1,-1,-1
54,-1,918,399,1141,590,0.9953542947769165,-1,-1,-1
55,-1,930,390,1147,578,0.9946386218070984,-1,-1,-1
56,-1,933,384,1150,568,0.9944451451301575,-1,-1,-1
57,-1,935,372,1144,560,0.9949371814727783,-1,-1,-1
58,-1,941,369,1148,546,0.995713472366333,-1,-1,-1
59,-1,940,359,1140,535,0.995142936706543,-1,-1,-1
60,-1,941,349,1138,526,0.9945486187934875,-1,-1,-1
61,-1,944,342,1138,519,0.9942585229873657,-1,-1,-1
62,-1,948,338,1141,507,0.994838535785675,-1,-1,-1
63,-1,953,334,1140,496,0.9963706731796265,-1,-1,-1
64,-1,955,328,1141,489,0.994668185710907,-1,-1,-1
65,-1,956,319,1138,478,0.9960903525352478,-1,-1,-1
66,-1,961,314,1135,470,0.9949446320533752,-1,-1,-1
67,-1,959,309,1133,463,0.9940059185028076,-1,-1,-1
68,-1,961,304,1135,454,0.9950445890426636,-1,-1,-1
69,-1,965,298,1136,448,0.9957979321479797,-1,-1,-1
70,-1,971,295,1137,443,0.9941220879554749,-1,-1,-1
71,-1,971,291,1136,432,0.9951552152633667,-1,-1,-1
72,-1,971,285,1133,427,0.9930287003517151,-1,-1,-1
73,-1,972,276,1132,420,0.9930607080459595,-1,-1,-1
74,-1,973,273,1129,411,0.9947316646575928,-1,-1,-1
75,-1,973,268,1129,405,0.9923606514930725,-1,-1,-1
76,-1,976,266,1132,400,0.9957102537155151,-1,-1,-1
77,-1,978,262,1132,397,0.9934113621711731,-1,-1,-1
78,-1,978,258,1133,390,0.9932305812835693,-1,-1,-1
79,-1,978,253,1129,382,0.993357241153717,-1,-1,-1
80,-1,977,248,1129,378,0.9935745596885681,-1,-1,-1
81,-1,978,246,1126,373,0.9940416216850281,-1,-1,-1
82,-1,979,243,1129,369,0.9929813146591187,-1,-1,-1
83,-1,984,238,1128,364,0.9923534989356995,-1,-1,-1
84,-1,984,234,1131,358,0.9926008582115173,-1,-1,-1
85,-1,986,234,1127,351,0.9907765984535217,-1,-1,-1
86,-1,984,229,1125,347,0.9926757216453552,-1,-1,-1
87,-1,984,224,1124,343,0.9938938021659851,-1,-1,-1
88,-1,986,223,1123,339,0.9938404560089111,-1,-1,-1
89,-1,986,222,1127,335,0.9929503202438354,-1,-1,-1
90,-1,987,219,1126,331,0.9943928718566895,-1,-1,-1
91,-1,991,214,1125,329,0.9936221241950989,-1,-1,-1
92,-1,990,212,1123,324,0.9932229518890381,-1,-1,-1
93,-1,987,209,1122,320,0.994792640209198,-1,-1,-1
94,-1,990,205,1122,315,0.9914476871490479,-1,-1,-1
95,-1,992,204,1122,312,0.9927750825881958,-1,-1,-1
96,-1,992,203,1121,308,0.9931768178939819,-1,-1,-1
97,-1,992,201,1121,305,0.9931707382202148,-1,-1,-1
98,-1,991,198,1119,302,0.9949083924293518,-1,-1,-1
99,-1,991,195,1121,297,0.9927484393119812,-1,-1,-1
100,-1,991,192,1115,294,0.9931200742721558,-1,-1,-1
101,-1,992,191,1115,291,0.9931239485740662,-1,-1,-1
102,-1,993,189,1117,289,0.9926896691322327,-1,-1,-1
103,-1,997,187,1118,287,0.9908103942871094,-1,-1,-1
104,-1,995,186,1120,284,0.9917974472045898,-1,-1,-1
105,-1,994,185,1115,281,0.9887423515319824,-1,-1,-1
106,-1,994,182,1113,278,0.9856482744216919,-1,-1,-1
107,-1,995,177,1114,276,0.9885221719741821,-1,-1,-1
108,-1,997,176,1113,273,0.9825329780578613,-1,-1,-1
109,-1,999,174,1113,270,0.981363832950592,-1,-1,-1
109,-1,782,777,1181,1080,0.7420812845230103,-1,-1,-1
110,-1,780,742,1177,1065,0.988342821598053,-1,-1,-1
110,-1,999,171,1113,269,0.9811750650405884,-1,-1,-1
111,-1,806,706,1166,1025,0.9908096790313721,-1,-1,-1
111,-1,997,172,1113,268,0.945402979850769,-1,-1,-1
112,-1,806,673,1167,991,0.9923547506332397,-1,-1,-1
112,-1,997,166,1112,263,0.9608126282691956,-1,-1,-1
113,-1,807,649,1170,945,0.9933564066886902,-1,-1,-1
113,-1,995,165,1110,262,0.9618979096412659,-1,-1,-1
114,-1,826,622,1163,905,0.992787778377533,-1,-1,-1
114,-1,996,162,1109,259,0.9593808054924011,-1,-1,-1
115,-1,832,602,1163,869,0.9880049824714661,-1,-1,-1
115,-1,998,161,1111,258,0.9494760036468506,-1,-1,-1
116,-1,839,579,1161,836,0.9916442036628723,-1,-1,-1
116,-1,998,160,1111,256,0.9549680352210999,-1,-1,-1
117,-1,857,566,1153,811,0.9929171800613403,-1,-1,-1
117,-1,997,159,1114,253,0.9728526473045349,-1,-1,-1
118,-1,862,543,1146,787,0.9918459057807922,-1,-1,-1
118,-1,998,159,1111,252,0.9694808721542358,-1,-1,-1
119,-1,861,518,1153,759,0.9918633699417114,-1,-1,-1
119,-1,999,157,1108,249,0.9711187481880188,-1,-1,-1
120,-1,869,499,1153,738,0.991719126701355,-1,-1,-1
120,-1,998,156,1105,247,0.9415604472160339,-1,-1,-1
121,-1,873,488,1151,719,0.9937382936477661,-1,-1,-1
121,-1,999,156,1108,246,0.9319198727607727,-1,-1,-1
122,-1,880,470,1149,696,0.9917128086090088,-1,-1,-1
122,-1,1000,154,1109,244,0.9427611827850342,-1,-1,-1
123,-1,884,459,1152,679,0.993381142616272,-1,-1,-1
123,-1,1001,153,1108,241,0.9438175559043884,-1,-1,-1
124,-1,889,445,1147,659,0.9938400387763977,-1,-1,-1
124,-1,1001,149,1108,240,0.9239840507507324,-1,-1,-1
125,-1,899,434,1148,638,0.991765558719635,-1,-1,-1
125,-1,1001,146,1108,238,0.8605039119720459,-1,-1,-1
126,-1,898,421,1141,625,0.9939753413200378,-1,-1,-1
126,-1,1001,146,1107,238,0.8197506666183472,-1,-1,-1
127,-1,898,412,1140,608,0.9931260347366333,-1,-1,-1
127,-1,1001,145,1107,234,0.756251871585846,-1,-1,-1
128,-1,905,400,1141,597,0.9924129843711853,-1,-1,-1
128,-1,1001,145,1107,232,0.6594502329826355,-1,-1,-1
129,-1,910,392,1139,580,0.9926313161849976,-1,-1,-1
129,-1,1002,143,1108,231,0.7264871597290039,-1,-1,-1
130,-1,912,384,1142,567,0.9939422011375427,-1,-1,-1
130,-1,1004,143,1107,231,0.6816598176956177,-1,-1,-1
131,-1,920,375,1140,554,0.9934771656990051,-1,-1,-1
131,-1,1004,142,1108,230,0.6616147756576538,-1,-1,-1
132,-1,919,368,1139,545,0.9942118525505066,-1,-1,-1
133,-1,925,356,1137,533,0.9938913583755493,-1,-1,-1
134,-1,925,350,1134,521,0.992480993270874,-1,-1,-1
135,-1,928,343,1134,509,0.9944551587104797,-1,-1,-1
136,-1,931,335,1133,500,0.9947577118873596,-1,-1,-1
137,-1,933,329,1133,490,0.9951399564743042,-1,-1,-1
138,-1,937,323,1129,478,0.9953763484954834,-1,-1,-1
139,-1,939,314,1128,471,0.9949776530265808,-1,-1,-1
140,-1,941,306,1127,461,0.9937485456466675,-1,-1,-1
141,-1,945,301,1127,452,0.9942488670349121,-1,-1,-1
142,-1,946,298,1127,446,0.99407958984375,-1,-1,-1
143,-1,948,293,1129,438,0.9946357607841492,-1,-1,-1
144,-1,949,288,1127,429,0.9949406385421753,-1,-1,-1
145,-1,952,277,1123,422,0.9954518675804138,-1,-1,-1
145,-1,868,116,981,217,0.6299911141395569,-1,-1,-1
146,-1,951,275,1124,415,0.994676947593689,-1,-1,-1
146,-1,866,117,981,219,0.7856072187423706,-1,-1,-1
147,-1,953,271,1121,409,0.9935925602912903,-1,-1,-1
147,-1,865,117,980,222,0.9076980948448181,-1,-1,-1
148,-1,954,268,1121,399,0.9939897060394287,-1,-1,-1
148,-1,862,118,982,223,0.9127012491226196,-1,-1,-1
149,-1,957,264,1120,395,0.9935850501060486,-1,-1,-1
149,-1,861,120,980,226,0.9684274792671204,-1,-1,-1
150,-1,957,257,1119,390,0.9936575293540955,-1,-1,-1
150,-1,861,121,979,230,0.9798849821090698,-1,-1,-1
151,-1,958,254,1121,383,0.9938513040542603,-1,-1,-1
151,-1,858,121,979,231,0.9845446348190308,-1,-1,-1
152,-1,960,250,1117,377,0.9925193786621094,-1,-1,-1
152,-1,854,122,977,233,0.9883514046669006,-1,-1,-1
153,-1,961,244,1116,370,0.9947896003723145,-1,-1,-1
153,-1,851,124,978,235,0.9891616106033325,-1,-1,-1
154,-1,960,241,1116,364,0.9960874319076538,-1,-1,-1
154,-1,850,127,976,236,0.9895406365394592,-1,-1,-1
155,-1,961,237,1115,360,0.9956954717636108,-1,-1,-1
155,-1,850,129,974,239,0.9888116121292114,-1,-1,-1
156,-1,963,233,1116,356,0.9953852295875549,-1,-1,-1
156,-1,848,129,976,242,0.9915110468864441,-1,-1,-1
157,-1,964,232,1116,352,0.994852602481842,-1,-1,-1
157,-1,849,133,974,244,0.9867426156997681,-1,-1,-1
158,-1,965,226,1115,346,0.9958171248435974,-1,-1,-1
158,-1,846,132,970,247,0.9893087148666382,-1,-1,-1
159,-1,965,222,1115,343,0.99359130859375,-1,-1,-1
159,-1,842,134,969,251,0.987301230430603,-1,-1,-1
160,-1,965,220,1114,337,0.9946852922439575,-1,-1,-1
160,-1,839,135,970,254,0.9911189675331116,-1,-1,-1
161,-1,967,218,1114,333,0.9961537718772888,-1,-1,-1
161,-1,839,137,969,256,0.9883208274841309,-1,-1,-1
162,-1,971,217,1114,330,0.9946703314781189,-1,-1,-1
162,-1,840,139,966,258,0.9921590089797974,-1,-1,-1
162,-1,755,748,1172,1077,0.9758250713348389,-1,-1,-1
163,-1,973,213,1112,327,0.9947517514228821,-1,-1,-1
163,-1,778,704,1162,1034,0.9942370653152466,-1,-1,-1
163,-1,838,141,966,261,0.9928720593452454,-1,-1,-1
164,-1,973,210,1111,321,0.9939923882484436,-1,-1,-1
164,-1,781,678,1161,996,0.9936742782592773,-1,-1,-1
164,-1,834,145,967,262,0.9929639101028442,-1,-1,-1
165,-1,972,205,1112,316,0.9946723580360413,-1,-1,-1
165,-1,782,649,1162,947,0.9938807487487793,-1,-1,-1
165,-1,833,145,964,266,0.9937469959259033,-1,-1,-1
166,-1,974,201,1109,314,0.9956769347190857,-1,-1,-1
166,-1,806,618,1162,908,0.9954283237457275,-1,-1,-1
166,-1,830,146,962,269,0.9929141998291016,-1,-1,-1
167,-1,826,148,963,273,0.994886577129364,-1,-1,-1
167,-1,974,200,1112,309,0.994616687297821,-1,-1,-1
167,-1,812,595,1152,870,0.9938218593597412,-1,-1,-1
168,-1,975,197,1111,306,0.9954444169998169,-1,-1,-1
168,-1,818,579,1151,838,0.9943168759346008,-1,-1,-1
168,-1,824,150,963,276,0.9933085441589355,-1,-1,-1
169,-1,836,562,1144,807,0.9942518472671509,-1,-1,-1
169,-1,979,197,1112,302,0.994002640247345,-1,-1,-1
169,-1,824,153,961,280,0.9928469061851501,-1,-1,-1
170,-1,842,533,1158,779,0.99472975730896,-1,-1,-1
170,-1,979,194,1112,299,0.9942808151245117,-1,-1,-1
170,-1,821,156,959,283,0.992175281047821,-1,-1,-1
171,-1,980,191,1111,295,0.9943004846572876,-1,-1,-1
171,-1,851,513,1155,756,0.9937974810600281,-1,-1,-1
171,-1,819,156,957,285,0.9932551383972168,-1,-1,-1
172,-1,852,497,1153,732,0.9940901398658752,-1,-1,-1
172,-1,815,158,957,288,0.993096649646759,-1,-1,-1
172,-1,980,188,1110,290,0.9917912483215332,-1,-1,-1
173,-1,856,486,1151,710,0.9949177503585815,-1,-1,-1
173,-1,811,160,954,293,0.9921059608459473,-1,-1,-1
173,-1,980,188,1109,288,0.9899905920028687,-1,-1,-1
174,-1,870,465,1151,689,0.993815541267395,-1,-1,-1
174,-1,808,165,955,297,0.993661642074585,-1,-1,-1
174,-1,983,182,1109,288,0.988944947719574,-1,-1,-1
175,-1,876,454,1148,672,0.9952383041381836,-1,-1,-1
175,-1,806,166,954,303,0.994019627571106,-1,-1,-1
175,-1,985,182,1110,285,0.9822148680686951,-1,-1,-1
176,-1,882,440,1147,651,0.9943856000900269,-1,-1,-1
176,-1,805,170,954,305,0.9939497709274292,-1,-1,-1
176,-1,986,179,1112,282,0.9799718260765076,-1,-1,-1
177,-1,884,431,1145,629,0.9943175911903381,-1,-1,-1
177,-1,801,174,952,309,0.9924107789993286,-1,-1,-1
177,-1,987,177,1113,280,0.9747480750083923,-1,-1,-1
178,-1,892,414,1144,617,0.9934198260307312,-1,-1,-1
178,-1,796,175,947,314,0.9902685880661011,-1,-1,-1
178,-1,987,177,1109,277,0.9795482158660889,-1,-1,-1
179,-1,899,404,1136,602,0.9922803640365601,-1,-1,-1
179,-1,792,180,947,318,0.991134762763977,-1,-1,-1
179,-1,988,172,1109,273,0.9801760315895081,-1,-1,-1
180,-1,903,395,1144,581,0.993078887462616,-1,-1,-1
180,-1,790,182,947,324,0.9911103248596191,-1,-1,-1
180,-1,988,167,1109,270,0.9714018702507019,-1,-1,-1
181,-1,786,184,945,329,0.9930002689361572,-1,-1,-1
181,-1,903,383,1139,574,0.9921404719352722,-1,-1,-1
181,-1,990,168,1109,266,0.9537575840950012,-1,-1,-1
182,-1,912,373,1139,558,0.9932664632797241,-1,-1,-1
182,-1,785,187,943,332,0.9910358190536499,-1,-1,-1
182,-1,991,166,1110,266,0.924767017364502,-1,-1,-1
183,-1,779,194,943,338,0.9917580485343933,-1,-1,-1
183,-1,917,369,1140,548,0.9902890920639038,-1,-1,-1
183,-1,990,164,1111,263,0.8766356706619263,-1,-1,-1
184,-1,777,195,938,342,0.9920669794082642,-1,-1,-1
184,-1,922,355,1140,535,0.99198979139328,-1,-1,-1
184,-1,992,162,1111,261,0.842136561870575,-1,-1,-1
185,-1,925,348,1138,524,0.9915628433227539,-1,-1,-1
185,-1,769,199,937,351,0.9913644790649414,-1,-1,-1
185,-1,992,160,1110,260,0.8756794333457947,-1,-1,-1
186,-1,930,340,1137,509,0.9927302002906799,-1,-1,-1
186,-1,767,204,934,355,0.9917832612991333,-1,-1,-1
186,-1,989,159,1107,257,0.8970869183540344,-1,-1,-1
187,-1,930,332,1136,499,0.9930393099784851,-1,-1,-1
187,-1,762,206,932,360,0.991844117641449,-1,-1,-1
187,-1,991,157,1110,255,0.9291360378265381,-1,-1,-1
188,-1,934,326,1137,488,0.9921860694885254,-1,-1,-1
188,-1,757,212,929,367,0.9918283224105835,-1,-1,-1
188,-1,992,156,1109,252,0.9139926433563232,-1,-1,-1
189,-1,938,316,1134,475,0.9940966367721558,-1,-1,-1
189,-1,755,215,929,374,0.9932056665420532,-1,-1,-1
189,-1,993,155,1109,249,0.8717101216316223,-1,-1,-1
190,-1,944,308,1138,468,0.9934932589530945,-1,-1,-1
190,-1,749,216,925,384,0.9924112558364868,-1,-1,-1
190,-1,994,154,1109,247,0.8861170411109924,-1,-1,-1
191,-1,944,303,1134,457,0.9938437938690186,-1,-1,-1
191,-1,740,224,923,387,0.9933702945709229,-1,-1,-1
191,-1,994,153,1107,246,0.8556486964225769,-1,-1,-1
192,-1,947,297,1131,448,0.9944837689399719,-1,-1,-1
192,-1,738,227,922,394,0.9915635585784912,-1,-1,-1
192,-1,994,149,1108,244,0.8701576590538025,-1,-1,-1
193,-1,951,290,1135,439,0.9929647445678711,-1,-1,-1
193,-1,731,230,920,401,0.9919571876525879,-1,-1,-1
193,-1,993,146,1107,242,0.9228978753089905,-1,-1,-1
194,-1,950,287,1132,429,0.9927043914794922,-1,-1,-1
194,-1,725,237,917,410,0.9922204613685608,-1,-1,-1
194,-1,993,146,1108,240,0.8824763894081116,-1,-1,-1
195,-1,950,280,1132,423,0.9925392270088196,-1,-1,-1
195,-1,719,241,918,419,0.9923925399780273,-1,-1,-1
195,-1,994,144,1109,239,0.8762064576148987,-1,-1,-1
196,-1,953,275,1130,414,0.9951068162918091,-1,-1,-1
196,-1,711,249,912,427,0.9938862919807434,-1,-1,-1
196,-1,994,146,1108,238,0.8090524673461914,-1,-1,-1
197,-1,959,268,1133,406,0.993077278137207,-1,-1,-1
197,-1,705,254,909,434,0.9930156469345093,-1,-1,-1
197,-1,994,144,1109,236,0.7361761331558228,-1,-1,-1
198,-1,700,258,905,444,0.9928258657455444,-1,-1,-1
198,-1,956,265,1131,399,0.9900593161582947,-1,-1,-1
198,-1,993,139,1111,234,0.712083101272583,-1,-1,-1
199,-1,958,258,1128,393,0.9933162331581116,-1,-1,-1
199,-1,692,263,907,453,0.9913163185119629,-1,-1,-1
199,-1,993,139,1108,231,0.7317222356796265,-1,-1,-1
200,-1,686,271,900,462,0.9919669032096863,-1,-1,-1
200,-1,956,255,1127,386,0.9914241433143616,-1,-1,-1
200,-1,992,139,1108,227,0.7149981260299683,-1,-1,-1
201,-1,959,250,1126,380,0.9934008717536926,-1,-1,-1
201,-1,677,275,894,474,0.992752194404602,-1,-1,-1
201,-1,993,139,1108,226,0.7110480666160583,-1,-1,-1
202,-1,669,285,892,483,0.9930058717727661,-1,-1,-1
202,-1,960,245,1124,377,0.9923230409622192,-1,-1,-1
202,-1,994,137,1107,224,0.6307188272476196,-1,-1,-1
203,-1,964,243,1126,368,0.9941951632499695,-1,-1,-1
203,-1,663,289,888,496,0.993837296962738,-1,-1,-1
204,-1,963,236,1123,362,0.99458247423172,-1,-1,-1
204,-1,656,298,884,505,0.9906893968582153,-1,-1,-1
205,-1,964,233,1122,356,0.9946171641349792,-1,-1,-1
205,-1,643,304,881,521,0.9913660287857056,-1,-1,-1
206,-1,963,227,1122,351,0.9927802681922913,-1,-1,-1
206,-1,629,311,879,531,0.9926291704177856,-1,-1,-1
207,-1,620,320,874,547,0.9928511381149292,-1,-1,-1
207,-1,963,223,1119,346,0.9924788475036621,-1,-1,-1
208,-1,965,221,1120,340,0.9941549897193909,-1,-1,-1
208,-1,609,323,871,558,0.993257999420166,-1,-1,-1
209,-1,967,220,1121,335,0.9938207268714905,-1,-1,-1
209,-1,600,333,862,574,0.9921145439147949,-1,-1,-1
210,-1,969,216,1121,332,0.9937915205955505,-1,-1,-1
210,-1,590,344,859,591,0.9918871521949768,-1,-1,-1
211,-1,970,211,1119,330,0.9938912391662598,-1,-1,-1
211,-1,579,356,846,607,0.9901172518730164,-1,-1,-1
212,-1,970,207,1118,325,0.9924829602241516,-1,-1,-1
212,-1,562,366,844,623,0.9923005104064941,-1,-1,-1
213,-1,547,380,840,640,0.9937240481376648,-1,-1,-1
213,-1,970,204,1117,317,0.9923056960105896,-1,-1,-1
214,-1,968,200,1115,311,0.9949585795402527,-1,-1,-1
214,-1,529,391,834,662,0.9936332702636719,-1,-1,-1
215,-1,970,197,1116,308,0.9955627918243408,-1,-1,-1
215,-1,512,402,827,682,0.9936498999595642,-1,-1,-1
216,-1,972,196,1115,305,0.995227575302124,-1,-1,-1
216,-1,493,416,817,702,0.9925819635391235,-1,-1,-1
217,-1,479,432,809,727,0.9951218962669373,-1,-1,-1
217,-1,973,193,1118,304,0.9947488903999329,-1,-1,-1
218,-1,975,189,1114,297,0.9954602122306824,-1,-1,-1
218,-1,457,447,808,751,0.9953626394271851,-1,-1,-1
219,-1,974,187,1113,292,0.9953292608261108,-1,-1,-1
219,-1,431,458,789,781,0.9923189282417297,-1,-1,-1
220,-1,975,187,1111,288,0.9953089356422424,-1,-1,-1
220,-1,405,475,775,811,0.993279755115509,-1,-1,-1
220,-1,853,133,962,224,0.6191847324371338,-1,-1,-1
221,-1,976,187,1113,285,0.9939046502113342,-1,-1,-1
221,-1,383,496,765,844,0.9929900169372559,-1,-1,-1
221,-1,852,133,961,224,0.8376114368438721,-1,-1,-1
222,-1,978,185,1111,283,0.9929475784301758,-1,-1,-1
222,-1,350,517,752,878,0.9917657971382141,-1,-1,-1
222,-1,852,136,959,226,0.9273737072944641,-1,-1,-1
223,-1,986,185,1114,280,0.991519033908844,-1,-1,-1
223,-1,326,536,740,915,0.990307092666626,-1,-1,-1
223,-1,851,136,959,228,0.9538074731826782,-1,-1,-1
224,-1,295,554,722,961,0.9914330244064331,-1,-1,-1
224,-1,984,179,1114,279,0.9872418642044067,-1,-1,-1
224,-1,848,138,958,231,0.9574711918830872,-1,-1,-1
225,-1,263,582,706,1004,0.9908757209777832,-1,-1,-1
225,-1,985,174,1112,276,0.9807918667793274,-1,-1,-1
225,-1,845,139,957,232,0.9683983325958252,-1,-1,-1
226,-1,221,621,693,1045,0.9895665645599365,-1,-1,-1
226,-1,985,166,1111,270,0.9827430248260498,-1,-1,-1
226,-1,845,139,956,234,0.9802225232124329,-1,-1,-1
227,-1,842,141,956,236,0.9849981665611267,-1,-1,-1
227,-1,986,165,1108,267,0.979722797870636,-1,-1,-1
227,-1,157,647,676,1080,0.976520836353302,-1,-1,-1
228,-1,841,142,955,237,0.9813835024833679,-1,-1,-1
228,-1,985,160,1108,264,0.9761040806770325,-1,-1,-1
228,-1,116,683,648,1075,0.8222252130508423,-1,-1,-1
229,-1,841,145,954,238,0.9825146794319153,-1,-1,-1
229,-1,987,163,1111,263,0.9783352017402649,-1,-1,-1
230,-1,840,145,956,242,0.9863128066062927,-1,-1,-1
230,-1,991,161,1110,260,0.9817008376121521,-1,-1,-1
231,-1,838,148,954,243,0.9876991510391235,-1,-1,-1
231,-1,990,161,1111,259,0.9843860268592834,-1,-1,-1
232,-1,837,150,952,244,0.990268349647522,-1,-1,-1
232,-1,990,159,1111,257,0.9831066131591797,-1,-1,-1
233,-1,834,151,950,246,0.9912250638008118,-1,-1,-1
233,-1,991,157,1109,255,0.9849609136581421,-1,-1,-1
234,-1,834,151,950,248,0.9913089275360107,-1,-1,-1
234,-1,991,154,1107,251,0.9875968098640442,-1,-1,-1
235,-1,831,152,949,250,0.991658627986908,-1,-1,-1
235,-1,993,153,1106,249,0.9848970174789429,-1,-1,-1
236,-1,830,153,949,253,0.9891068339347839,-1,-1,-1
236,-1,993,153,1107,246,0.9830500483512878,-1,-1,-1
237,-1,829,154,947,254,0.9896558523178101,-1,-1,-1
237,-1,994,152,1107,245,0.9805740714073181,-1,-1,-1
238,-1,827,153,947,257,0.9840222001075745,-1,-1,-1
238,-1,994,149,1107,243,0.977711021900177,-1,-1,-1
239,-1,826,156,945,259,0.9788297414779663,-1,-1,-1
239,-1,993,148,1106,239,0.97567218542099,-1,-1,-1
240,-1,826,160,943,260,0.9799322485923767,-1,-1,-1
240,-1,992,146,1107,237,0.974687397480011,-1,-1,-1
241,-1,823,162,942,263,0.9786322712898254,-1,-1,-1
241,-1,994,144,1106,235,0.950307309627533,-1,-1,-1
242,-1,821,163,942,265,0.9860953688621521,-1,-1,-1
242,-1,994,141,1106,234,0.9453657865524292,-1,-1,-1
243,-1,821,167,942,267,0.9907790422439575,-1,-1,-1
243,-1,994,140,1105,232,0.9286240935325623,-1,-1,-1
244,-1,821,169,940,270,0.989563524723053,-1,-1,-1
244,-1,994,140,1106,230,0.9334355592727661,-1,-1,-1
245,-1,818,170,939,273,0.991607666015625,-1,-1,-1
245,-1,993,139,1106,227,0.9248074889183044,-1,-1,-1
246,-1,816,171,938,275,0.9937186241149902,-1,-1,-1
246,-1,992,136,1104,226,0.8952634930610657,-1,-1,-1
247,-1,812,173,938,277,0.9936702251434326,-1,-1,-1
247,-1,992,136,1104,225,0.8210986256599426,-1,-1,-1
248,-1,809,176,938,281,0.9939154982566833,-1,-1,-1
248,-1,992,135,1105,222,0.7350994348526001,-1,-1,-1
249,-1,810,178,938,283,0.9935559630393982,-1,-1,-1
249,-1,995,133,1105,221,0.6150790452957153,-1,-1,-1
250,-1,810,181,937,286,0.9919661283493042,-1,-1,-1
251,-1,809,180,937,289,0.9895756244659424,-1,-1,-1
252,-1,805,187,937,290,0.9898534417152405,-1,-1,-1
253,-1,804,187,934,294,0.9936467409133911,-1,-1,-1
254,-1,803,188,933,298,0.9928171634674072,-1,-1,-1
255,-1,801,190,933,301,0.9946639537811279,-1,-1,-1
256,-1,801,192,932,305,0.9948134422302246,-1,-1,-1
257,-1,801,195,931,307,0.9960208535194397,-1,-1,-1
258,-1,797,197,930,310,0.9953603148460388,-1,-1,-1
259,-1,793,198,930,313,0.9929121136665344,-1,-1,-1
260,-1,789,200,927,317,0.9943243265151978,-1,-1,-1
261,-1,788,203,925,320,0.9896835088729858,-1,-1,-1
262,-1,786,206,926,326,0.9950628876686096,-1,-1,-1
263,-1,785,208,925,330,0.993966817855835,-1,-1,-1
264,-1,782,211,923,332,0.995567262172699,-1,-1,-1
265,-1,779,215,920,335,0.9962347149848938,-1,-1,-1
266,-1,774,218,919,340,0.993409276008606,-1,-1,-1
266,-1,868,125,978,215,0.6578214764595032,-1,-1,-1
267,-1,774,219,916,345,0.9908239841461182,-1,-1,-1
267,-1,867,123,976,216,0.6629487872123718,-1,-1,-1
268,-1,771,222,914,348,0.9944710731506348,-1,-1,-1
268,-1,866,122,975,216,0.6383880376815796,-1,-1,-1
269,-1,770,224,912,352,0.9941188097000122,-1,-1,-1
269,-1,865,122,975,217,0.7103325128555298,-1,-1,-1
270,-1,766,229,912,357,0.9930161237716675,-1,-1,-1
270,-1,863,122,978,218,0.7825287580490112,-1,-1,-1
271,-1,761,231,910,364,0.9928394556045532,-1,-1,-1
271,-1,761,777,1149,1079,0.9472680687904358,-1,-1,-1
271,-1,864,123,976,219,0.8996248841285706,-1,-1,-1
272,-1,758,236,909,368,0.9949640035629272,-1,-1,-1
272,-1,765,735,1135,1058,0.9854643940925598,-1,-1,-1
272,-1,862,122,973,220,0.8971694707870483,-1,-1,-1
273,-1,751,241,906,372,0.9934052228927612,-1,-1,-1
273,-1,772,701,1145,1014,0.9870504140853882,-1,-1,-1
273,-1,859,124,973,222,0.969465434551239,-1,-1,-1
274,-1,749,243,903,377,0.9902936220169067,-1,-1,-1
274,-1,786,679,1146,975,0.9902192950248718,-1,-1,-1
274,-1,858,122,971,225,0.9504624009132385,-1,-1,-1
275,-1,791,647,1138,937,0.9916979074478149,-1,-1,-1
275,-1,744,247,901,385,0.9890924692153931,-1,-1,-1
275,-1,857,124,971,227,0.9631631970405579,-1,-1,-1
276,-1,742,249,902,388,0.9897441267967224,-1,-1,-1
276,-1,805,620,1133,896,0.9867841005325317,-1,-1,-1
276,-1,854,129,971,226,0.9663984179496765,-1,-1,-1
277,-1,737,256,898,395,0.9908181428909302,-1,-1,-1
277,-1,815,596,1131,860,0.9845700860023499,-1,-1,-1
277,-1,853,127,971,230,0.967286229133606,-1,-1,-1
278,-1,731,262,894,399,0.9886834025382996,-1,-1,-1
278,-1,830,583,1128,836,0.9885638952255249,-1,-1,-1
278,-1,851,129,970,233,0.9698650240898132,-1,-1,-1
279,-1,728,264,894,405,0.9909056425094604,-1,-1,-1
279,-1,833,559,1138,811,0.990368664264679,-1,-1,-1
279,-1,850,130,968,234,0.9713335037231445,-1,-1,-1
280,-1,839,541,1121,782,0.9916433095932007,-1,-1,-1
280,-1,723,267,890,411,0.9915383458137512,-1,-1,-1
280,-1,848,132,965,235,0.9785748720169067,-1,-1,-1
281,-1,715,272,886,418,0.9880016446113586,-1,-1,-1
281,-1,840,520,1127,755,0.98769611120224,-1,-1,-1
281,-1,846,131,964,238,0.9780488014221191,-1,-1,-1
282,-1,712,275,884,425,0.9910191893577576,-1,-1,-1
282,-1,851,499,1132,736,0.98920738697052,-1,-1,-1
282,-1,846,134,962,241,0.9832907915115356,-1,-1,-1
283,-1,706,279,881,430,0.9901269674301147,-1,-1,-1
283,-1,845,135,964,242,0.9859319925308228,-1,-1,-1
283,-1,862,490,1123,715,0.9842332005500793,-1,-1,-1
284,-1,841,137,963,245,0.9890161156654358,-1,-1,-1
284,-1,701,286,876,438,0.9864033460617065,-1,-1,-1
284,-1,867,470,1133,695,0.9824874997138977,-1,-1,-1
285,-1,873,456,1130,679,0.9894447922706604,-1,-1,-1
285,-1,841,137,961,248,0.9889561533927917,-1,-1,-1
285,-1,696,293,872,445,0.9886054396629333,-1,-1,-1
286,-1,878,446,1123,655,0.9902156591415405,-1,-1,-1
286,-1,837,139,958,251,0.986983060836792,-1,-1,-1
286,-1,685,294,870,454,0.9817372560501099,-1,-1,-1
287,-1,834,142,959,253,0.9917460083961487,-1,-1,-1
287,-1,879,430,1128,640,0.986211895942688,-1,-1,-1
287,-1,683,301,866,461,0.9805963039398193,-1,-1,-1
288,-1,831,143,960,255,0.9920381307601929,-1,-1,-1
288,-1,882,423,1122,624,0.9912469983100891,-1,-1,-1
288,-1,678,306,860,469,0.9814966917037964,-1,-1,-1
289,-1,889,414,1120,609,0.9929144382476807,-1,-1,-1
289,-1,829,145,958,258,0.9860259890556335,-1,-1,-1
289,-1,671,311,860,478,0.981927752494812,-1,-1,-1
290,-1,893,398,1122,595,0.9913568496704102,-1,-1,-1
290,-1,829,146,955,259,0.9894458651542664,-1,-1,-1
290,-1,659,317,854,485,0.9796949625015259,-1,-1,-1
291,-1,903,392,1121,581,0.9918445944786072,-1,-1,-1
291,-1,827,150,953,262,0.9864727258682251,-1,-1,-1
291,-1,654,326,853,494,0.9836621880531311,-1,-1,-1
292,-1,904,385,1127,567,0.9936997890472412,-1,-1,-1
292,-1,826,152,953,265,0.9875104427337646,-1,-1,-1
292,-1,649,331,859,501,0.985582709312439,-1,-1,-1
293,-1,907,374,1127,555,0.9934163093566895,-1,-1,-1
293,-1,638,337,844,514,0.9841466546058655,-1,-1,-1
293,-1,821,151,949,268,0.9823280572891235,-1,-1,-1
294,-1,910,366,1124,544,0.9941515326499939,-1,-1,-1
294,-1,821,153,948,271,0.9869296550750732,-1,-1,-1
294,-1,629,344,837,521,0.9826111197471619,-1,-1,-1
295,-1,915,358,1121,530,0.9946576952934265,-1,-1,-1
295,-1,816,155,949,275,0.9850500226020813,-1,-1,-1
295,-1,620,354,835,532,0.9801722168922424,-1,-1,-1
296,-1,918,350,1121,521,0.9927971959114075,-1,-1,-1
296,-1,815,157,948,278,0.9901614189147949,-1,-1,-1
296,-1,615,358,836,541,0.9847919940948486,-1,-1,-1
297,-1,924,343,1122,510,0.9943960905075073,-1,-1,-1
297,-1,813,160,945,280,0.9927870631217957,-1,-1,-1
297,-1,605,367,827,551,0.9874991774559021,-1,-1,-1
298,-1,923,333,1121,499,0.9950946569442749,-1,-1,-1
298,-1,810,161,944,283,0.9933686852455139,-1,-1,-1
298,-1,598,374,821,568,0.9795334339141846,-1,-1,-1
299,-1,927,325,1118,490,0.9942166805267334,-1,-1,-1
299,-1,808,165,943,286,0.9929507970809937,-1,-1,-1
299,-1,584,382,815,576,0.9809337258338928,-1,-1,-1
300,-1,929,320,1117,479,0.9938843846321106,-1,-1,-1
300,-1,804,167,941,288,0.9870949387550354,-1,-1,-1
300,-1,576,390,807,595,0.9806011915206909,-1,-1,-1
301,-1,933,311,1113,473,0.9936724901199341,-1,-1,-1
301,-1,800,170,939,293,0.9900146722793579,-1,-1,-1
301,-1,560,401,806,599,0.9806444048881531,-1,-1,-1
302,-1,934,309,1117,462,0.9934490323066711,-1,-1,-1
302,-1,800,173,936,297,0.9910454154014587,-1,-1,-1
302,-1,553,408,796,620,0.9835216999053955,-1,-1,-1
303,-1,938,300,1114,454,0.993002712726593,-1,-1,-1
303,-1,799,175,935,301,0.9896050691604614,-1,-1,-1
303,-1,540,418,793,629,0.9849653244018555,-1,-1,-1
304,-1,939,296,1116,447,0.9941054582595825,-1,-1,-1
304,-1,795,178,933,304,0.9912332892417908,-1,-1,-1
304,-1,527,429,790,648,0.9825588464736938,-1,-1,-1
305,-1,941,291,1115,440,0.9948205947875977,-1,-1,-1
305,-1,791,182,930,308,0.9843811988830566,-1,-1,-1
305,-1,514,439,781,662,0.9842755198478699,-1,-1,-1
306,-1,945,285,1116,429,0.9943771958351135,-1,-1,-1
306,-1,786,184,929,312,0.98897385597229,-1,-1,-1
306,-1,506,450,772,680,0.9813715815544128,-1,-1,-1
307,-1,947,279,1115,424,0.994688868522644,-1,-1,-1
307,-1,785,187,925,314,0.98834627866745,-1,-1,-1
307,-1,487,464,758,695,0.9830769896507263,-1,-1,-1
308,-1,779,189,926,319,0.9939168095588684,-1,-1,-1
308,-1,948,273,1113,415,0.9933564066886902,-1,-1,-1
308,-1,472,477,752,714,0.9881587624549866,-1,-1,-1
309,-1,953,269,1113,408,0.9945061802864075,-1,-1,-1
309,-1,774,192,926,323,0.9934218525886536,-1,-1,-1
309,-1,463,489,748,730,0.9866483807563782,-1,-1,-1
310,-1,954,265,1116,400,0.9937740564346313,-1,-1,-1
310,-1,773,192,924,330,0.9908993244171143,-1,-1,-1
310,-1,441,506,736,753,0.9886765480041504,-1,-1,-1
