60,-1,0,1169,849,1806,0.9669799208641052,-1,-1,-1
61,-1,229,1142,998,1687,0.9897390007972717,-1,-1,-1
62,-1,436,1098,1091,1605,0.9905161261558533,-1,-1,-1
63,-1,591,1094,1206,1532,0.9921745657920837,-1,-1,-1
64,-1,761,1084,1267,1466,0.9913808703422546,-1,-1,-1
65,-1,869,1053,1358,1431,0.9910194277763367,-1,-1,-1
66,-1,963,1039,1413,1382,0.9910420179367065,-1,-1,-1
67,-1,1049,1026,1467,1345,0.9913141131401062,-1,-1,-1
68,-1,1125,1018,1521,1321,0.9908617734909058,-1,-1,-1
69,-1,1201,1015,1557,1290,0.9933755993843079,-1,-1,-1
70,-1,1246,1002,1589,1267,0.9931102991104126,-1,-1,-1
71,-1,1306,997,1617,1242,0.9935885667800903,-1,-1,-1
72,-1,1346,988,1646,1228,0.9929439425468445,-1,-1,-1
73,-1,1395,987,1665,1212,0.9885985851287842,-1,-1,-1
74,-1,1429,981,1688,1194,0.9893372058868408,-1,-1,-1
75,-1,1460,974,1711,1182,0.9908497333526611,-1,-1,-1
76,-1,1490,976,1718,1170,0.9798239469528198,-1,-1,-1
77,-1,1517,966,1743,1157,0.9834120273590088,-1,-1,-1
78,-1,1553,966,1761,1143,0.9777104258537292,-1,-1,-1
79,-1,1567,965,1779,1137,0.9766379594802856,-1,-1,-1
80,-1,1588,960,1792,1132,0.9770368933677673,-1,-1,-1
81,-1,1611,959,1802,1122,0.9710584878921509,-1,-1,-1
82,-1,1627,956,1811,1112,0.9745872616767883,-1,-1,-1
83,-1,1644,956,1820,1105,0.9600031971931458,-1,-1,-1
84,-1,1657,951,1833,1099,0.986040472984314,-1,-1,-1
85,-1,1667,952,1846,1095,0.9883370995521545,-1,-1,-1
86,-1,1685,950,1855,1089,0.981842041015625,-1,-1,-1
87,-1,1699,947,1866,1086,0.9809290766716003,-1,-1,-1
88,-1,1711,944,1873,1084,0.9832878708839417,-1,-1,-1
89,-1,1722,945,1883,1080,0.9786726832389832,-1,-1,-1
90,-1,1732,944,1893,1075,0.9745506048202515,-1,-1,-1
91,-1,1742,941,1896,1071,0.958150327205658,-1,-1,-1
92,-1,1752,937,1905,1067,0.9539986848831177,-1,-1,-1
93,-1,1759,937,1911,1063,0.9663962125778198,-1,-1,-1
94,-1,1767,938,1915,1060,0.9636059403419495,-1,-1,-1
95,-1,1779,936,1927,1060,0.9454861283302307,-1,-1,-1
96,-1,1786,935,1933,1056,0.9470123648643494,-1,-1,-1
97,-1,1797,938,1932,1052,0.9493487477302551,-1,-1,-1
98,-1,1802,938,1934,1050,0.927047073841095,-1,-1,-1
99,-1,1807,937,1938,1048,0.8838577270507812,-1,-1,-1
100,-1,1814,937,1943,1046,0.8007879853248596,-1,-1,-1
101,-1,1820,932,1951,1045,0.6758044958114624,-1,-1,-1
102,-1,1827,931,1956,1044,0.7969681620597839,-1,-1,-1
103,-1,1832,932,1961,1043,0.7219297289848328,-1,-1,-1
138,-1,0,1165,979,1793,0.9817538857460022,-1,-1,-1
139,-1,227,1127,1102,1678,0.9868444204330444,-1,-1,-1
140,-1,464,1107,1219,1587,0.991486668586731,-1,-1,-1
141,-1,623,1080,1296,1507,0.9933163523674011,-1,-1,-1
142,-1,799,1074,1347,1445,0.9930840730667114,-1,-1,-1
143,-1,904,1046,1439,1403,0.9911466240882874,-1,-1,-1
144,-1,1006,1027,1485,1359,0.991375744342804,-1,-1,-1
145,-1,1084,1024,1533,1323,0.992310643196106,-1,-1,-1
146,-1,1172,1011,1563,1300,0.9915557503700256,-1,-1,-1
147,-1,1239,1005,1600,1271,0.9928158521652222,-1,-1,-1
148,-1,1295,998,1641,1249,0.9928319454193115,-1,-1,-1
149,-1,1340,989,1664,1233,0.9939344525337219,-1,-1,-1
150,-1,1387,989,1690,1213,0.9921022057533264,-1,-1,-1
151,-1,1428,979,1716,1194,0.9926664233207703,-1,-1,-1
152,-1,1465,977,1733,1180,0.9907317757606506,-1,-1,-1
153,-1,1498,972,1753,1169,0.9894158840179443,-1,-1,-1
154,-1,1524,968,1771,1157,0.9858339428901672,-1,-1,-1
155,-1,1553,959,1783,1148,0.9819128513336182,-1,-1,-1
156,-1,1575,960,1801,1136,0.9834163188934326,-1,-1,-1
157,-1,1598,956,1812,1125,0.9879697561264038,-1,-1,-1
158,-1,1618,955,1823,1117,0.9904525279998779,-1,-1,-1
159,-1,1637,955,1838,1110,0.9870058298110962,-1,-1,-1
160,-1,1652,951,1843,1101,0.9901390075683594,-1,-1,-1
161,-1,1669,952,1855,1097,0.9849132895469666,-1,-1,-1
162,-1,1686,949,1868,1093,0.9816533923149109,-1,-1,-1
163,-1,1703,947,1876,1086,0.987533688545227,-1,-1,-1
164,-1,1714,944,1883,1083,0.9921082854270935,-1,-1,-1
165,-1,1722,944,1892,1075,0.9867253303527832,-1,-1,-1
166,-1,1734,943,1901,1070,0.985356867313385,-1,-1,-1
167,-1,1747,940,1905,1067,0.9781088829040527,-1,-1,-1
168,-1,1757,938,1913,1063,0.9842495322227478,-1,-1,-1
169,-1,1768,941,1920,1060,0.9857555031776428,-1,-1,-1
170,-1,1772,938,1929,1060,0.9730700254440308,-1,-1,-1
171,-1,1784,935,1937,1057,0.9742189645767212,-1,-1,-1
172,-1,1793,932,1939,1053,0.96485435962677,-1,-1,-1
173,-1,1803,932,1940,1049,0.9469383955001831,-1,-1,-1
174,-1,1807,935,1943,1046,0.9270405173301697,-1,-1,-1
175,-1,1816,932,1950,1044,0.9209131598472595,-1,-1,-1
176,-1,1823,933,1952,1042,0.8611856698989868,-1,-1,-1
177,-1,1828,930,1958,1041,0.8412349224090576,-1,-1,-1
178,-1,1834,924,1962,1038,0.6937127113342285,-1,-1,-1
192,-1,69,1087,1146,1662,0.9862175583839417,-1,-1,-1
193,-1,344,1061,1248,1562,0.9908704161643982,-1,-1,-1
194,-1,539,1050,1328,1489,0.992460310459137,-1,-1,-1
195,-1,736,1039,1405,1424,0.9911312460899353,-1,-1,-1
196,-1,895,1034,1466,1365,0.9935336112976074,-1,-1,-1
197,-1,980,1017,1513,1335,0.9935698509216309,-1,-1,-1
198,-1,1074,1005,1563,1310,0.9929798245429993,-1,-1,-1
199,-1,1163,993,1583,1286,0.9926663041114807,-1,-1,-1
200,-1,1235,990,1628,1250,0.9937061667442322,-1,-1,-1
201,-1,1297,984,1664,1228,0.9937451481819153,-1,-1,-1
202,-1,1348,981,1683,1214,0.9948091506958008,-1,-1,-1
203,-1,1391,973,1704,1192,0.9914578795433044,-1,-1,-1
204,-1,1439,970,1729,1181,0.9941456317901611,-1,-1,-1
205,-1,1475,968,1739,1164,0.9925835132598877,-1,-1,-1
206,-1,1506,962,1760,1152,0.9903954863548279,-1,-1,-1
207,-1,1538,956,1780,1145,0.9891571998596191,-1,-1,-1
208,-1,1563,955,1795,1134,0.9880406260490417,-1,-1,-1
209,-1,1587,948,1810,1125,0.9893836379051208,-1,-1,-1
210,-1,1613,949,1821,1116,0.9887429475784302,-1,-1,-1
211,-1,1631,948,1837,1108,0.9898005127906799,-1,-1,-1
212,-1,1651,947,1844,1100,0.9897782206535339,-1,-1,-1
213,-1,1669,949,1859,1092,0.9918082356452942,-1,-1,-1
214,-1,1680,940,1866,1089,0.9892745614051819,-1,-1,-1
215,-1,1695,941,1877,1084,0.989538311958313,-1,-1,-1
216,-1,1709,945,1877,1080,0.9892417788505554,-1,-1,-1
217,-1,1725,941,1892,1071,0.9875653386116028,-1,-1,-1
218,-1,1732,937,1901,1068,0.9804437160491943,-1,-1,-1
219,-1,1746,936,1907,1063,0.9848060011863708,-1,-1,-1
220,-1,1756,934,1914,1061,0.9844175577163696,-1,-1,-1
221,-1,1761,936,1923,1055,0.9847116470336914,-1,-1,-1
222,-1,1776,931,1933,1054,0.9765059351921082,-1,-1,-1
223,-1,1789,928,1937,1052,0.9775263071060181,-1,-1,-1
224,-1,1795,928,1936,1047,0.9782171249389648,-1,-1,-1
225,-1,1802,926,1942,1046,0.9706578850746155,-1,-1,-1
226,-1,1811,926,1944,1045,0.9561558961868286,-1,-1,-1
227,-1,1819,929,1947,1040,0.9299599528312683,-1,-1,-1
228,-1,1828,928,1953,1038,0.8928560018539429,-1,-1,-1
229,-1,1836,926,1960,1037,0.8581315875053406,-1,-1,-1
230,-1,1841,913,1965,1035,0.7814388871192932,-1,-1,-1
231,-1,1849,917,1967,1031,0.7219427824020386,-1,-1,-1
232,-1,1853,913,1971,1030,0.753312885761261,-1,-1,-1
233,-1,1862,921,1976,1023,0.8110842704772949,-1,-1,-1
234,-1,1868,919,1981,1022,0.7600700855255127,-1,-1,-1
235,-1,1878,922,1982,1023,0.7295621037483215,-1,-1,-1
236,-1,1885,930,1983,1020,0.6172425746917725,-1,-1,-1
245,-1,1794,871,1910,973,0.6089328527450562,-1,-1,-1
246,-1,1785,869,1904,976,0.8028587698936462,-1,-1,-1
247,-1,1772,862,1904,978,0.8433958888053894,-1,-1,-1
248,-1,1768,864,1897,979,0.8873181343078613,-1,-1,-1
249,-1,1758,864,1894,978,0.9438440203666687,-1,-1,-1
250,-1,1750,864,1891,980,0.9116522073745728,-1,-1,-1
251,-1,1742,860,1886,982,0.9289701581001282,-1,-1,-1
252,-1,1733,862,1879,982,0.9424352645874023,-1,-1,-1
253,-1,1723,863,1871,983,0.9556784629821777,-1,-1,-1
254,-1,1718,863,1865,986,0.9691709876060486,-1,-1,-1
255,-1,1707,860,1855,987,0.9665566682815552,-1,-1,-1
256,-1,1697,861,1849,987,0.9818695187568665,-1,-1,-1
257,-1,1691,857,1841,987,0.975493848323822,-1,-1,-1
258,-1,1675,859,1839,991,0.978660523891449,-1,-1,-1
259,-1,1659,856,1826,993,0.925987958908081,-1,-1,-1
260,-1,1645,859,1813,994,0.9626615643501282,-1,-1,-1
261,-1,1628,856,1804,998,0.9809746742248535,-1,-1,-1
262,-1,1614,853,1794,1001,0.9840991497039795,-1,-1,-1
263,-1,1598,854,1781,1004,0.9876091480255127,-1,-1,-1
264,-1,1580,855,1778,1006,0.9915557503700256,-1,-1,-1
265,-1,1561,849,1768,1009,0.9865047335624695,-1,-1,-1
266,-1,1541,848,1750,1013,0.9895054697990417,-1,-1,-1
267,-1,1517,842,1746,1010,0.9827728271484375,-1,-1,-1
268,-1,1493,840,1726,1017,0.980346143245697,-1,-1,-1
269,-1,1473,828,1707,1019,0.9697452783584595,-1,-1,-1
270,-1,1442,826,1688,1021,0.9745503664016724,-1,-1,-1
271,-1,1410,831,1681,1028,0.9880256056785583,-1,-1,-1
272,-1,1378,837,1648,1028,0.9897370934486389,-1,-1,-1
273,-1,1337,832,1638,1037,0.9926720857620239,-1,-1,-1
274,-1,1298,830,1616,1042,0.9932422041893005,-1,-1,-1
275,-1,1257,824,1603,1049,0.9909777641296387,-1,-1,-1
276,-1,1212,823,1584,1056,0.989170491695404,-1,-1,-1
277,-1,1158,821,1549,1062,0.9885715842247009,-1,-1,-1
278,-1,1095,816,1520,1071,0.9886015057563782,-1,-1,-1
279,-1,1014,809,1470,1086,0.9870277643203735,-1,-1,-1
280,-1,920,794,1424,1097,0.9718955159187317,-1,-1,-1
281,-1,839,796,1392,1109,0.9847372174263,-1,-1,-1
282,-1,727,784,1383,1131,0.9685802459716797,-1,-1,-1
283,-1,592,779,1297,1145,0.9899672269821167,-1,-1,-1
284,-1,417,775,1199,1179,0.9831777215003967,-1,-1,-1
285,-1,232,751,1093,1209,0.9872822761535645,-1,-1,-1
286,-1,0,754,1016,1249,0.9846957325935364,-1,-1,-1
300,-1,0,1146,1010,1735,0.9874244332313538,-1,-1,-1
301,-1,277,1110,1122,1630,0.9919182658195496,-1,-1,-1
302,-1,487,1091,1228,1553,0.9927362203598022,-1,-1,-1
303,-1,659,1063,1304,1478,0.9934214949607849,-1,-1,-1
304,-1,814,1055,1340,1418,0.9909762740135193,-1,-1,-1
305,-1,914,1024,1418,1377,0.9916111826896667,-1,-1,-1
306,-1,1031,1020,1477,1339,0.992683470249176,-1,-1,-1
307,-1,1098,1015,1518,1304,0.992964506149292,-1,-1,-1
308,-1,1187,1004,1561,1274,0.9932112693786621,-1,-1,-1
309,-1,1250,995,1600,1249,0.9927876591682434,-1,-1,-1
310,-1,1298,986,1629,1232,0.9934198260307312,-1,-1,-1
311,-1,1350,983,1653,1213,0.9934440851211548,-1,-1,-1
312,-1,1394,978,1681,1196,0.9937835931777954,-1,-1,-1
313,-1,1436,974,1700,1177,0.9929597973823547,-1,-1,-1
314,-1,1465,970,1724,1171,0.9935411214828491,-1,-1,-1
315,-1,1500,963,1743,1158,0.9919565916061401,-1,-1,-1
316,-1,1524,962,1759,1146,0.9920044541358948,-1,-1,-1
317,-1,1550,957,1775,1137,0.989479124546051,-1,-1,-1
318,-1,1575,958,1791,1129,0.9889757633209229,-1,-1,-1
319,-1,1599,950,1799,1119,0.9861960411071777,-1,-1,-1
320,-1,1614,952,1815,1110,0.9913080334663391,-1,-1,-1
321,-1,1638,949,1825,1099,0.985062837600708,-1,-1,-1
322,-1,1652,947,1837,1095,0.987434446811676,-1,-1,-1
323,-1,1667,949,1850,1087,0.9907765984535217,-1,-1,-1
324,-1,1684,944,1859,1085,0.9908211827278137,-1,-1,-1
325,-1,1694,941,1870,1082,0.990868091583252,-1,-1,-1
326,-1,1710,940,1871,1075,0.989319920539856,-1,-1,-1
327,-1,1721,940,1880,1068,0.9894059300422668,-1,-1,-1
328,-1,1730,940,1887,1064,0.9840005040168762,-1,-1,-1
329,-1,1744,939,1895,1063,0.9867770075798035,-1,-1,-1
330,-1,1755,945,1901,1055,0.9817874431610107,-1,-1,-1
331,-1,1759,936,1910,1052,0.9803596138954163,-1,-1,-1
332,-1,1772,939,1914,1050,0.9814777374267578,-1,-1,-1
333,-1,1781,938,1920,1049,0.9762200117111206,-1,-1,-1
334,-1,1792,934,1929,1045,0.9719549417495728,-1,-1,-1
335,-1,1802,931,1929,1043,0.9636393785476685,-1,-1,-1
336,-1,1808,927,1935,1043,0.9614073634147644,-1,-1,-1
337,-1,1811,925,1939,1040,0.9471755027770996,-1,-1,-1
338,-1,1820,926,1943,1037,0.8986976146697998,-1,-1,-1
339,-1,1830,925,1947,1032,0.8482675552368164,-1,-1,-1
340,-1,1834,928,1953,1028,0.8855552673339844,-1,-1,-1
341,-1,1839,925,1956,1027,0.8022766709327698,-1,-1,-1
342,-1,1724,857,1844,977,0.7563761472702026,-1,-1,-1
342,-1,1846,926,1961,1024,0.63906329870224,-1,-1,-1
343,-1,1715,860,1842,978,0.8551534414291382,-1,-1,-1
343,-1,1849,923,1965,1023,0.6212838292121887,-1,-1,-1
344,-1,1709,861,1834,978,0.9007234573364258,-1,-1,-1
344,-1,1852,921,1971,1022,0.6344661712646484,-1,-1,-1
345,-1,1701,862,1831,981,0.9149218201637268,-1,-1,-1
346,-1,1695,859,1820,981,0.9263120889663696,-1,-1,-1
347,-1,1688,864,1814,982,0.9359092712402344,-1,-1,-1
348,-1,1673,872,1803,985,0.7972825169563293,-1,-1,-1
349,-1,1656,870,1795,984,0.9221899509429932,-1,-1,-1
350,-1,1644,865,1792,985,0.9458984732627869,-1,-1,-1
351,-1,1639,861,1784,990,0.935257613658905,-1,-1,-1
352,-1,1619,858,1775,990,0.9515841007232666,-1,-1,-1
353,-1,1615,860,1771,991,0.9608749151229858,-1,-1,-1
354,-1,1605,856,1761,993,0.9675279855728149,-1,-1,-1
355,-1,1593,855,1753,993,0.9746179580688477,-1,-1,-1
356,-1,1576,862,1740,994,0.967623770236969,-1,-1,-1
357,-1,1565,865,1727,999,0.9750556945800781,-1,-1,-1
358,-1,1544,866,1720,998,0.9772228598594666,-1,-1,-1
359,-1,1529,863,1705,1005,0.9772586226463318,-1,-1,-1
360,-1,1505,862,1700,1006,0.9889657497406006,-1,-1,-1
361,-1,1491,858,1686,1008,0.9462900757789612,-1,-1,-1
362,-1,1471,854,1667,1013,0.9569249749183655,-1,-1,-1
363,-1,1446,856,1656,1015,0.9844349026679993,-1,-1,-1
364,-1,1419,855,1639,1016,0.9880670309066772,-1,-1,-1
365,-1,1397,853,1624,1022,0.9876484870910645,-1,-1,-1
366,-1,1368,853,1605,1025,0.9898024201393127,-1,-1,-1
367,-1,1341,850,1589,1028,0.9918522238731384,-1,-1,-1
368,-1,1308,850,1570,1030,0.9906367659568787,-1,-1,-1
369,-1,1278,848,1537,1036,0.9921765923500061,-1,-1,-1
370,-1,1245,850,1512,1037,0.991004467010498,-1,-1,-1
371,-1,1206,849,1488,1041,0.9925739765167236,-1,-1,-1
372,-1,1157,849,1462,1049,0.9921749234199524,-1,-1,-1
373,-1,1107,848,1435,1055,0.9902971386909485,-1,-1,-1
374,-1,1066,851,1402,1058,0.990097165107727,-1,-1,-1
375,-1,1000,846,1366,1066,0.9910702705383301,-1,-1,-1
376,-1,944,836,1328,1075,0.9784021973609924,-1,-1,-1
376,-1,1770,859,1897,969,0.6400429010391235,-1,-1,-1
377,-1,861,838,1283,1089,0.9819881319999695,-1,-1,-1
377,-1,1770,859,1890,972,0.7344977855682373,-1,-1,-1
378,-1,767,835,1233,1103,0.9848604798316956,-1,-1,-1
378,-1,1763,857,1889,972,0.7598447203636169,-1,-1,-1
379,-1,665,825,1178,1117,0.9903386235237122,-1,-1,-1
379,-1,1755,859,1883,969,0.6152199506759644,-1,-1,-1
380,-1,543,819,1107,1136,0.9916412830352783,-1,-1,-1
380,-1,1745,858,1880,972,0.6626339554786682,-1,-1,-1
381,-1,439,828,1040,1148,0.9931221604347229,-1,-1,-1
381,-1,1741,857,1874,973,0.8478807806968689,-1,-1,-1
382,-1,292,829,955,1168,0.9925656318664551,-1,-1,-1
382,-1,1733,856,1867,974,0.8967475295066833,-1,-1,-1
383,-1,89,812,853,1194,0.9926912188529968,-1,-1,-1
383,-1,1726,857,1858,975,0.9089516997337341,-1,-1,-1
384,-1,0,800,745,1231,0.9608640074729919,-1,-1,-1
384,-1,1720,860,1851,976,0.9309547543525696,-1,-1,-1
385,-1,1710,859,1847,979,0.9208685755729675,-1,-1,-1
386,-1,1696,857,1843,982,0.9431082010269165,-1,-1,-1
387,-1,1693,855,1839,983,0.9610892534255981,-1,-1,-1
388,-1,1683,856,1832,986,0.9419600367546082,-1,-1,-1
389,-1,1672,859,1822,985,0.9015029072761536,-1,-1,-1
390,-1,1656,858,1809,987,0.9746955633163452,-1,-1,-1
391,-1,1645,858,1799,988,0.9788957238197327,-1,-1,-1
392,-1,1629,859,1792,989,0.9800164699554443,-1,-1,-1
393,-1,1619,852,1786,993,0.9840641021728516,-1,-1,-1
394,-1,1605,852,1780,996,0.9870154857635498,-1,-1,-1
395,-1,1596,853,1767,995,0.9881360530853271,-1,-1,-1
396,-1,1575,852,1758,998,0.9734582304954529,-1,-1,-1
397,-1,1564,857,1748,999,0.9865918755531311,-1,-1,-1
398,-1,1542,857,1747,998,0.9899547100067139,-1,-1,-1
399,-1,1523,852,1720,1006,0.9876013398170471,-1,-1,-1
400,-1,1501,852,1715,1007,0.9867048859596252,-1,-1,-1
401,-1,1482,829,1696,1011,0.782998263835907,-1,-1,-1
402,-1,1459,828,1674,1013,0.859573483467102,-1,-1,-1
403,-1,1428,836,1671,1020,0.9635952115058899,-1,-1,-1
404,-1,1404,843,1650,1023,0.9795167446136475,-1,-1,-1
405,-1,1369,841,1630,1026,0.9799418449401855,-1,-1,-1
406,-1,1341,845,1604,1031,0.9904353618621826,-1,-1,-1
407,-1,1304,840,1591,1035,0.9941512942314148,-1,-1,-1
408,-1,1267,834,1566,1043,0.9929330348968506,-1,-1,-1
409,-1,1222,833,1536,1053,0.9902284145355225,-1,-1,-1
410,-1,1174,833,1510,1063,0.992214024066925,-1,-1,-1
411,-1,1120,836,1480,1067,0.9922590851783752,-1,-1,-1
412,-1,1065,827,1446,1073,0.9899747967720032,-1,-1,-1
413,-1,991,814,1394,1091,0.989503026008606,-1,-1,-1
414,-1,915,814,1367,1096,0.9913967251777649,-1,-1,-1
415,-1,825,810,1310,1113,0.9909303784370422,-1,-1,-1
416,-1,721,800,1272,1126,0.9914146065711975,-1,-1,-1
417,-1,623,808,1198,1137,0.9927985668182373,-1,-1,-1
418,-1,466,795,1116,1161,0.992188572883606,-1,-1,-1
419,-1,294,783,1036,1184,0.9934569001197815,-1,-1,-1
420,-1,114,775,944,1210,0.9938904047012329,-1,-1,-1
421,-1,0,762,807,1264,0.9188099503517151,-1,-1,-1
480,-1,1757,877,1874,973,0.6148125529289246,-1,-1,-1
481,-1,1749,871,1867,976,0.6981679201126099,-1,-1,-1
482,-1,1733,870,1862,978,0.7632500529289246,-1,-1,-1
483,-1,1731,868,1858,980,0.6851326823234558,-1,-1,-1
484,-1,1724,865,1852,982,0.7338491678237915,-1,-1,-1
485,-1,1718,867,1848,982,0.7937963604927063,-1,-1,-1
486,-1,1710,865,1842,982,0.9114555716514587,-1,-1,-1
487,-1,1698,868,1835,983,0.9441680908203125,-1,-1,-1
488,-1,1692,867,1827,983,0.9505786895751953,-1,-1,-1
489,-1,1684,876,1819,984,0.9238698482513428,-1,-1,-1
490,-1,1668,874,1809,989,0.897745668888092,-1,-1,-1
491,-1,1646,869,1798,987,0.9410508275032043,-1,-1,-1
492,-1,1637,867,1797,991,0.9667500257492065,-1,-1,-1
493,-1,1632,868,1787,995,0.9661792516708374,-1,-1,-1
494,-1,1613,860,1783,996,0.9783953428268433,-1,-1,-1
495,-1,1608,860,1776,999,0.9824358224868774,-1,-1,-1
496,-1,1595,859,1764,996,0.9859926104545593,-1,-1,-1
497,-1,1579,864,1749,1001,0.9732868075370789,-1,-1,-1
498,-1,1561,869,1741,1000,0.984821617603302,-1,-1,-1
499,-1,1537,873,1728,1003,0.9858990907669067,-1,-1,-1
500,-1,1524,868,1717,1010,0.9859630465507507,-1,-1,-1
501,-1,1501,864,1708,1010,0.9914154410362244,-1,-1,-1
501,-1,1767,863,1884,974,0.7352230548858643,-1,-1,-1
502,-1,1482,863,1689,1012,0.986412763595581,-1,-1,-1
502,-1,1761,862,1882,975,0.7804015278816223,-1,-1,-1
503,-1,1455,858,1677,1018,0.9848715662956238,-1,-1,-1
503,-1,1745,860,1881,976,0.740314781665802,-1,-1,-1
504,-1,1431,861,1657,1018,0.9824936985969543,-1,-1,-1
504,-1,1737,860,1875,978,0.8796914219856262,-1,-1,-1
505,-1,1405,858,1639,1025,0.9884501695632935,-1,-1,-1
505,-1,1732,862,1861,977,0.847723662853241,-1,-1,-1
506,-1,1371,857,1618,1027,0.9941400289535522,-1,-1,-1
506,-1,1732,863,1857,979,0.8131778836250305,-1,-1,-1
507,-1,1337,853,1598,1034,0.9926024079322815,-1,-1,-1
507,-1,1718,858,1845,978,0.864789605140686,-1,-1,-1
508,-1,1302,852,1581,1035,0.9943556785583496,-1,-1,-1
508,-1,1718,864,1847,982,0.8511556386947632,-1,-1,-1
509,-1,1268,853,1548,1042,0.9943418502807617,-1,-1,-1
509,-1,1708,863,1841,983,0.9237716794013977,-1,-1,-1
510,-1,1229,850,1525,1045,0.9928579330444336,-1,-1,-1
510,-1,1701,862,1837,985,0.9391909241676331,-1,-1,-1
511,-1,1185,851,1497,1051,0.9945924878120422,-1,-1,-1
511,-1,1693,862,1827,986,0.9670941829681396,-1,-1,-1
512,-1,1132,853,1465,1056,0.991912841796875,-1,-1,-1
512,-1,1685,865,1821,986,0.9623950719833374,-1,-1,-1
513,-1,1073,852,1440,1063,0.9906007051467896,-1,-1,-1
513,-1,1668,867,1811,988,0.9624740481376648,-1,-1,-1
514,-1,987,844,1393,1076,0.9919264316558838,-1,-1,-1
514,-1,1652,874,1798,988,0.9600846171379089,-1,-1,-1
515,-1,924,837,1354,1081,0.9896233677864075,-1,-1,-1
515,-1,1640,868,1795,994,0.9731258749961853,-1,-1,-1
516,-1,843,829,1300,1095,0.9872223734855652,-1,-1,-1
516,-1,1623,862,1788,993,0.9747439026832581,-1,-1,-1
517,-1,744,829,1254,1112,0.9919360876083374,-1,-1,-1
517,-1,1611,862,1779,999,0.9799324870109558,-1,-1,-1
518,-1,616,821,1189,1126,0.9936390519142151,-1,-1,-1
518,-1,1603,857,1770,999,0.9834219813346863,-1,-1,-1
519,-1,496,823,1129,1146,0.9936913251876831,-1,-1,-1
519,-1,1592,857,1756,997,0.9474585056304932,-1,-1,-1
520,-1,352,817,1051,1165,0.9940855503082275,-1,-1,-1
520,-1,1573,865,1741,1000,0.9788017272949219,-1,-1,-1
521,-1,164,797,925,1200,0.9946796298027039,-1,-1,-1
521,-1,1552,868,1726,1004,0.9881338477134705,-1,-1,-1
522,-1,1532,871,1718,1006,0.9794576168060303,-1,-1,-1
522,-1,0,801,828,1229,0.9734359979629517,-1,-1,-1
523,-1,1506,866,1708,1009,0.9861435890197754,-1,-1,-1
524,-1,1489,861,1693,1014,0.9862490296363831,-1,-1,-1
525,-1,1472,861,1671,1017,0.9461432099342346,-1,-1,-1
526,-1,1445,860,1662,1019,0.9837526082992554,-1,-1,-1
527,-1,1418,860,1639,1023,0.9768431186676025,-1,-1,-1
528,-1,1389,861,1621,1025,0.9839985370635986,-1,-1,-1
529,-1,1353,860,1603,1031,0.9911938309669495,-1,-1,-1
530,-1,1326,858,1585,1032,0.9925469756126404,-1,-1,-1
531,-1,1286,852,1557,1039,0.9881659746170044,-1,-1,-1
532,-1,1248,855,1531,1044,0.9907397031784058,-1,-1,-1
533,-1,1203,851,1502,1052,0.9924098253250122,-1,-1,-1
534,-1,1149,851,1467,1057,0.990458607673645,-1,-1,-1
535,-1,1101,853,1435,1064,0.991560161113739,-1,-1,-1
536,-1,1043,852,1405,1070,0.9913159608840942,-1,-1,-1
537,-1,981,845,1360,1081,0.9895402789115906,-1,-1,-1
538,-1,887,833,1307,1089,0.9874944090843201,-1,-1,-1
539,-1,808,835,1248,1105,0.9904740452766418,-1,-1,-1
540,-1,696,830,1197,1118,0.9924991726875305,-1,-1,-1
541,-1,565,831,1144,1135,0.992351233959198,-1,-1,-1
542,-1,427,826,1058,1152,0.9931013584136963,-1,-1,-1
543,-1,280,821,968,1176,0.9942446351051331,-1,-1,-1
544,-1,70,812,853,1200,0.992074728012085,-1,-1,-1
545,-1,0,792,721,1238,0.7329531908035278,-1,-1,-1
