2,-1,0,1333,1055,1920,0.6048808097839355,-1,-1,-1
3,-1,281,1309,1458,1920,0.7050892114639282,-1,-1,-1
4,-1,703,1302,1835,1920,0.7220076322555542,-1,-1,-1
5,-1,1115,1291,2319,1914,0.9422580003738403,-1,-1,-1
6,-1,1519,1262,2560,1920,0.608830451965332,-1,-1,-1
80,-1,0,1351,1260,1920,0.6121541857719421,-1,-1,-1
81,-1,15,1333,1727,1920,0.8538491129875183,-1,-1,-1
82,-1,495,1323,2144,1920,0.9291498064994812,-1,-1,-1
83,-1,936,1297,2521,1920,0.8442947864532471,-1,-1,-1
84,-1,1379,1288,2515,1920,0.6916353106498718,-1,-1,-1
134,-1,10,1260,1631,1920,0.7802151441574097,-1,-1,-1
135,-1,172,1241,2127,1920,0.9564704298973083,-1,-1,-1
136,-1,582,1237,2560,1920,0.9335561394691467,-1,-1,-1
137,-1,1061,1217,2560,1913,0.8252605199813843,-1,-1,-1
238,-1,1588,727,2560,1351,0.773667573928833,-1,-1,-1
239,-1,1227,714,2549,1361,0.9394927620887756,-1,-1,-1
240,-1,842,722,2503,1392,0.9743636250495911,-1,-1,-1
241,-1,486,741,2160,1420,0.9645548462867737,-1,-1,-1
242,-1,112,732,1802,1415,0.980192244052887,-1,-1,-1
243,-1,196,1315,1849,1920,0.7808647155761719,-1,-1,-1
243,-1,0,744,1388,1398,0.6108862161636353,-1,-1,-1
244,-1,636,1308,2268,1920,0.9208862781524658,-1,-1,-1
245,-1,1078,1276,2519,1920,0.6058168411254883,-1,-1,-1
247,-1,1871,1273,2556,1916,0.7536717057228088,-1,-1,-1
335,-1,1909,801,2560,1287,0.7377440333366394,-1,-1,-1
336,-1,1647,789,2560,1296,0.9062376618385315,-1,-1,-1
337,-1,1371,796,2496,1313,0.9891294240951538,-1,-1,-1
338,-1,1100,794,2257,1323,0.9929782748222351,-1,-1,-1
339,-1,808,800,1975,1339,0.9935835003852844,-1,-1,-1
340,-1,512,804,1669,1351,0.991827130317688,-1,-1,-1
341,-1,215,811,1371,1360,0.9854236245155334,-1,-1,-1
342,-1,0,846,1078,1362,0.9051839709281921,-1,-1,-1
372,-1,1857,740,2560,1320,0.7661216855049133,-1,-1,-1
373,-1,1553,743,2560,1329,0.9141697287559509,-1,-1,-1
374,-1,1243,743,2531,1355,0.9907791614532471,-1,-1,-1
375,-1,933,744,2225,1365,0.9930054545402527,-1,-1,-1
376,-1,603,751,1910,1372,0.9927576780319214,-1,-1,-1
377,-1,255,771,1591,1386,0.98897784948349,-1,-1,-1
378,-1,13,794,1240,1400,0.9229845404624939,-1,-1,-1
473,-1,1910,794,2560,1278,0.8851499557495117,-1,-1,-1
474,-1,1643,788,2560,1307,0.8779652118682861,-1,-1,-1
475,-1,1355,791,2516,1317,0.9788298606872559,-1,-1,-1
476,-1,1052,803,2407,1343,0.9925073981285095,-1,-1,-1
477,-1,753,800,2059,1341,0.9925605654716492,-1,-1,-1
478,-1,435,821,1766,1358,0.9901391267776489,-1,-1,-1
479,-1,77,826,1453,1379,0.9870692491531372,-1,-1,-1
480,-1,0,853,1143,1365,0.6665641069412231,-1,-1,-1
496,-1,1799,805,2560,1295,0.836384654045105,-1,-1,-1
497,-1,1522,793,2556,1295,0.9741185307502747,-1,-1,-1
498,-1,1211,795,2428,1326,0.9908182621002197,-1,-1,-1
499,-1,919,797,2156,1338,0.9928298592567444,-1,-1,-1
500,-1,633,806,1842,1346,0.9913149476051331,-1,-1,-1
501,-1,290,805,1522,1359,0.9887490272521973,-1,-1,-1
502,-1,1,839,1204,1380,0.9850778579711914,-1,-1,-1
