1,-1,1124,1186,1744,1629,0.9928030371665955,-1,-1,-1
2,-1,1221,1198,1881,1695,0.9934303164482117,-1,-1,-1
3,-1,1325,1217,2070,1774,0.99240642786026,-1,-1,-1
4,-1,1469,1237,2327,1860,0.9918255805969238,-1,-1,-1
5,-1,1631,1262,2553,1918,0.9376987218856812,-1,-1,-1
23,-1,311,1048,407,1118,0.6554681658744812,-1,-1,-1
24,-1,314,1049,410,1117,0.715175986289978,-1,-1,-1
25,-1,317,1050,412,1120,0.6454043388366699,-1,-1,-1
26,-1,318,1049,418,1123,0.7205894589424133,-1,-1,-1
27,-1,317,1048,422,1127,0.765652596950531,-1,-1,-1
28,-1,317,1049,426,1125,0.7264675498008728,-1,-1,-1
29,-1,323,1047,426,1127,0.6978591084480286,-1,-1,-1
30,-1,324,1049,433,1126,0.6463622450828552,-1,-1,-1
31,-1,322,1047,442,1128,0.7606463432312012,-1,-1,-1
32,-1,326,1045,442,1130,0.8266655206680298,-1,-1,-1
33,-1,330,1048,446,1133,0.8446807265281677,-1,-1,-1
34,-1,333,1050,448,1133,0.8791918754577637,-1,-1,-1
35,-1,336,1047,453,1135,0.8951212167739868,-1,-1,-1
36,-1,341,1047,457,1137,0.8947561979293823,-1,-1,-1
37,-1,343,1045,462,1141,0.9408419728279114,-1,-1,-1
38,-1,346,1048,466,1146,0.9398359060287476,-1,-1,-1
39,-1,348,1049,474,1152,0.9396060109138489,-1,-1,-1
40,-1,349,1049,482,1155,0.9556912779808044,-1,-1,-1
41,-1,354,1050,485,1156,0.9489838480949402,-1,-1,-1
42,-1,357,1050,489,1158,0.9542882442474365,-1,-1,-1
43,-1,361,1054,499,1159,0.9447435736656189,-1,-1,-1
44,-1,368,1052,507,1162,0.9729068279266357,-1,-1,-1
45,-1,366,1051,518,1165,0.9800419211387634,-1,-1,-1
46,-1,371,1053,525,1169,0.9761993885040283,-1,-1,-1
47,-1,379,1052,528,1171,0.9797775149345398,-1,-1,-1
48,-1,382,1055,532,1175,0.9849531054496765,-1,-1,-1
49,-1,390,1055,541,1177,0.9869315028190613,-1,-1,-1
50,-1,391,1055,554,1178,0.9850385785102844,-1,-1,-1
51,-1,403,1057,562,1187,0.9856583476066589,-1,-1,-1
52,-1,409,1062,568,1192,0.9902033805847168,-1,-1,-1
53,-1,413,1063,578,1201,0.9871994853019714,-1,-1,-1
54,-1,420,1066,589,1206,0.9881315231323242,-1,-1,-1
55,-1,429,1066,611,1208,0.9907239079475403,-1,-1,-1
56,-1,439,1068,611,1213,0.992045521736145,-1,-1,-1
57,-1,445,1070,629,1218,0.9908230304718018,-1,-1,-1
58,-1,452,1073,643,1225,0.9886077642440796,-1,-1,-1
59,-1,465,1073,659,1230,0.9902440905570984,-1,-1,-1
60,-1,477,1077,676,1241,0.9889230728149414,-1,-1,-1
61,-1,483,1082,691,1249,0.9885121583938599,-1,-1,-1
62,-1,499,1083,713,1255,0.9856833815574646,-1,-1,-1
63,-1,509,1085,734,1262,0.9885973334312439,-1,-1,-1
64,-1,520,1089,756,1271,0.9911608099937439,-1,-1,-1
65,-1,538,1095,785,1279,0.9865692853927612,-1,-1,-1
66,-1,557,1097,810,1293,0.9889543056488037,-1,-1,-1
67,-1,571,1102,836,1303,0.992264986038208,-1,-1,-1
68,-1,586,1101,862,1316,0.9859135746955872,-1,-1,-1
69,-1,601,1106,907,1332,0.9884526133537292,-1,-1,-1
70,-1,626,1107,950,1345,0.989124059677124,-1,-1,-1
71,-1,647,1115,986,1366,0.9917168021202087,-1,-1,-1
72,-1,675,1120,1036,1388,0.9901816248893738,-1,-1,-1
73,-1,704,1123,1092,1415,0.9902575016021729,-1,-1,-1
74,-1,740,1133,1159,1434,0.9906865954399109,-1,-1,-1
75,-1,781,1139,1236,1465,0.9910954236984253,-1,-1,-1
76,-1,825,1150,1319,1496,0.9913869500160217,-1,-1,-1
77,-1,893,1168,1405,1536,0.9911295175552368,-1,-1,-1
78,-1,944,1170,1543,1569,0.9924893379211426,-1,-1,-1
79,-1,1012,1191,1673,1623,0.9930436611175537,-1,-1,-1
80,-1,1078,1196,1840,1695,0.99318528175354,-1,-1,-1
81,-1,1196,1223,2050,1776,0.9935877323150635,-1,-1,-1
82,-1,1347,1241,2337,1876,0.9909092783927917,-1,-1,-1
82,-1,310,1044,417,1121,0.6657711267471313,-1,-1,-1
83,-1,1464,1268,2541,1914,0.8343616724014282,-1,-1,-1
83,-1,314,1044,419,1123,0.734372615814209,-1,-1,-1
84,-1,319,1046,424,1123,0.768883466720581,-1,-1,-1
85,-1,323,1046,426,1124,0.7747873663902283,-1,-1,-1
86,-1,324,1046,432,1126,0.8409826159477234,-1,-1,-1
87,-1,325,1047,438,1127,0.8274976015090942,-1,-1,-1
88,-1,328,1046,440,1128,0.8159207105636597,-1,-1,-1
89,-1,333,1045,444,1129,0.8549578785896301,-1,-1,-1
90,-1,337,1046,457,1133,0.9004175066947937,-1,-1,-1
91,-1,340,1045,465,1135,0.929410457611084,-1,-1,-1
92,-1,342,1044,466,1138,0.9434502720832825,-1,-1,-1
93,-1,344,1044,469,1142,0.9483076333999634,-1,-1,-1
94,-1,346,1041,478,1146,0.9652300477027893,-1,-1,-1
95,-1,350,1044,483,1150,0.9660934805870056,-1,-1,-1
96,-1,353,1043,489,1153,0.9719741344451904,-1,-1,-1
97,-1,359,1045,495,1153,0.9604877233505249,-1,-1,-1
98,-1,364,1048,506,1154,0.970481812953949,-1,-1,-1
99,-1,369,1050,510,1157,0.9781172275543213,-1,-1,-1
100,-1,372,1050,519,1159,0.9844483137130737,-1,-1,-1
101,-1,372,1049,529,1161,0.985028862953186,-1,-1,-1
102,-1,384,1052,530,1164,0.9830421209335327,-1,-1,-1
103,-1,389,1048,540,1167,0.9856989979743958,-1,-1,-1
104,-1,394,1052,561,1172,0.9856642484664917,-1,-1,-1
105,-1,401,1051,568,1179,0.9911342859268188,-1,-1,-1
106,-1,407,1053,577,1182,0.9938390851020813,-1,-1,-1
107,-1,414,1053,588,1185,0.9949377775192261,-1,-1,-1
108,-1,422,1054,602,1190,0.9940401315689087,-1,-1,-1
109,-1,431,1055,615,1194,0.9920284152030945,-1,-1,-1
110,-1,440,1056,629,1197,0.9937127232551575,-1,-1,-1
111,-1,451,1056,646,1204,0.9928838014602661,-1,-1,-1
112,-1,460,1058,658,1208,0.9938255548477173,-1,-1,-1
113,-1,471,1059,677,1213,0.9904018044471741,-1,-1,-1
114,-1,485,1061,692,1217,0.9912643432617188,-1,-1,-1
115,-1,496,1060,711,1223,0.9937307834625244,-1,-1,-1
116,-1,507,1063,732,1228,0.9925106763839722,-1,-1,-1
117,-1,523,1064,752,1233,0.9869809746742249,-1,-1,-1
118,-1,537,1065,776,1243,0.9872744083404541,-1,-1,-1
119,-1,552,1067,808,1252,0.9865660071372986,-1,-1,-1
120,-1,568,1068,833,1257,0.9889840483665466,-1,-1,-1
121,-1,591,1074,864,1268,0.9886485934257507,-1,-1,-1
122,-1,608,1074,897,1285,0.9883679747581482,-1,-1,-1
123,-1,624,1075,937,1294,0.9897165894508362,-1,-1,-1
124,-1,647,1079,982,1309,0.9893709421157837,-1,-1,-1
125,-1,681,1081,1038,1324,0.9906708002090454,-1,-1,-1
126,-1,707,1087,1085,1346,0.9928268194198608,-1,-1,-1
127,-1,741,1088,1149,1367,0.9925034046173096,-1,-1,-1
128,-1,773,1092,1218,1391,0.9916000366210938,-1,-1,-1
129,-1,811,1094,1310,1418,0.9925299286842346,-1,-1,-1
130,-1,853,1111,1405,1446,0.9905558228492737,-1,-1,-1
131,-1,917,1125,1488,1483,0.9919801950454712,-1,-1,-1
132,-1,955,1132,1652,1532,0.994520366191864,-1,-1,-1
133,-1,1059,1136,1796,1588,0.9926779270172119,-1,-1,-1
134,-1,1160,1157,2013,1660,0.9903038144111633,-1,-1,-1
135,-1,1230,1170,2258,1736,0.9902897477149963,-1,-1,-1
136,-1,1344,1192,2560,1854,0.9777299165725708,-1,-1,-1
184,-1,318,1041,416,1116,0.6833710074424744,-1,-1,-1
185,-1,319,1043,417,1117,0.6502127647399902,-1,-1,-1
186,-1,319,1044,420,1118,0.7265918850898743,-1,-1,-1
187,-1,326,1044,424,1119,0.7060444355010986,-1,-1,-1
192,-1,342,1045,446,1127,0.6852912306785583,-1,-1,-1
193,-1,343,1045,454,1129,0.7273024320602417,-1,-1,-1
194,-1,345,1046,460,1131,0.7959334254264832,-1,-1,-1
195,-1,348,1044,464,1132,0.8517946004867554,-1,-1,-1
196,-1,351,1042,469,1133,0.8511320948600769,-1,-1,-1
197,-1,358,1043,473,1134,0.7967090010643005,-1,-1,-1
198,-1,361,1041,480,1139,0.8424221277236938,-1,-1,-1
199,-1,364,1043,485,1140,0.8581650257110596,-1,-1,-1
200,-1,368,1042,490,1142,0.914817750453949,-1,-1,-1
201,-1,373,1042,499,1141,0.9097949862480164,-1,-1,-1
202,-1,377,1047,506,1146,0.9185394048690796,-1,-1,-1
203,-1,381,1046,511,1149,0.9403207302093506,-1,-1,-1
204,-1,386,1047,518,1153,0.9531847238540649,-1,-1,-1
205,-1,390,1047,526,1156,0.9520031213760376,-1,-1,-1
206,-1,394,1049,532,1159,0.9487180709838867,-1,-1,-1
207,-1,397,1053,538,1162,0.9580907821655273,-1,-1,-1
208,-1,404,1053,551,1165,0.9781423807144165,-1,-1,-1
209,-1,409,1051,561,1170,0.9842660427093506,-1,-1,-1
210,-1,415,1049,569,1171,0.9825122356414795,-1,-1,-1
211,-1,419,1051,581,1176,0.9841459393501282,-1,-1,-1
212,-1,422,1055,591,1179,0.9857478737831116,-1,-1,-1
213,-1,430,1054,600,1185,0.9867957830429077,-1,-1,-1
214,-1,441,1055,606,1193,0.9896718263626099,-1,-1,-1
215,-1,446,1055,615,1197,0.9884568452835083,-1,-1,-1
216,-1,451,1060,624,1202,0.9911386370658875,-1,-1,-1
217,-1,459,1063,639,1205,0.9891148805618286,-1,-1,-1
218,-1,468,1061,653,1215,0.9906145334243774,-1,-1,-1
219,-1,477,1066,659,1215,0.9907446503639221,-1,-1,-1
220,-1,485,1068,677,1221,0.989840567111969,-1,-1,-1
221,-1,494,1067,696,1232,0.9897655248641968,-1,-1,-1
222,-1,503,1070,709,1239,0.9897210001945496,-1,-1,-1
223,-1,514,1075,732,1245,0.9924263954162598,-1,-1,-1
224,-1,527,1075,745,1253,0.9910581111907959,-1,-1,-1
225,-1,539,1080,768,1260,0.9898545145988464,-1,-1,-1
226,-1,551,1082,789,1270,0.9910765886306763,-1,-1,-1
227,-1,568,1087,814,1280,0.9906666874885559,-1,-1,-1
228,-1,584,1090,838,1291,0.9935264587402344,-1,-1,-1
229,-1,602,1095,868,1299,0.9944987893104553,-1,-1,-1
230,-1,620,1097,900,1311,0.9912501573562622,-1,-1,-1
231,-1,637,1096,938,1323,0.9902662634849548,-1,-1,-1
232,-1,657,1097,979,1341,0.9922463297843933,-1,-1,-1
233,-1,680,1105,1014,1358,0.9932645559310913,-1,-1,-1
234,-1,713,1114,1066,1379,0.9934617280960083,-1,-1,-1
235,-1,749,1118,1130,1404,0.9922147393226624,-1,-1,-1
236,-1,785,1130,1195,1425,0.9930021166801453,-1,-1,-1
237,-1,817,1135,1270,1456,0.9918877482414246,-1,-1,-1
238,-1,868,1143,1357,1489,0.9925629496574402,-1,-1,-1
239,-1,910,1157,1448,1529,0.9905823469161987,-1,-1,-1
240,-1,982,1174,1584,1572,0.9928755760192871,-1,-1,-1
241,-1,1054,1193,1734,1631,0.9948779344558716,-1,-1,-1
242,-1,1129,1199,1915,1700,0.9948333501815796,-1,-1,-1
243,-1,1261,1223,2134,1785,0.9929431080818176,-1,-1,-1
244,-1,1376,1252,2417,1886,0.9896430969238281,-1,-1,-1
252,-1,1549,812,2560,1361,0.8901256918907166,-1,-1,-1
253,-1,1414,830,2451,1339,0.9617694616317749,-1,-1,-1
254,-1,1281,850,2202,1309,0.9804685115814209,-1,-1,-1
255,-1,1201,858,2004,1284,0.9897974729537964,-1,-1,-1
256,-1,1109,878,1827,1256,0.9938220977783203,-1,-1,-1
257,-1,1061,893,1692,1246,0.9930617213249207,-1,-1,-1
258,-1,989,898,1580,1232,0.9934617280960083,-1,-1,-1
259,-1,942,898,1465,1217,0.9917687177658081,-1,-1,-1
260,-1,898,895,1378,1208,0.9900189638137817,-1,-1,-1
261,-1,852,917,1293,1195,0.990166425704956,-1,-1,-1
262,-1,832,932,1225,1184,0.9913507699966431,-1,-1,-1
263,-1,787,942,1160,1179,0.9952867031097412,-1,-1,-1
264,-1,760,947,1109,1173,0.9929432272911072,-1,-1,-1
265,-1,724,952,1067,1168,0.9912282228469849,-1,-1,-1
266,-1,706,953,1010,1158,0.9905802607536316,-1,-1,-1
267,-1,682,968,968,1157,0.993334174156189,-1,-1,-1
268,-1,664,972,939,1151,0.9906490445137024,-1,-1,-1
269,-1,638,963,904,1143,0.9863858222961426,-1,-1,-1
270,-1,622,969,868,1141,0.9905447959899902,-1,-1,-1
271,-1,605,965,842,1144,0.9907038807868958,-1,-1,-1
272,-1,594,973,816,1137,0.9871900677680969,-1,-1,-1
273,-1,579,972,798,1134,0.9876348376274109,-1,-1,-1
274,-1,562,968,772,1132,0.982772946357727,-1,-1,-1
275,-1,542,964,752,1127,0.982840895652771,-1,-1,-1
276,-1,531,961,735,1126,0.9705643653869629,-1,-1,-1
277,-1,522,971,712,1124,0.9873419404029846,-1,-1,-1
278,-1,510,970,699,1125,0.9905837774276733,-1,-1,-1
279,-1,499,975,686,1118,0.9909905195236206,-1,-1,-1
280,-1,490,978,666,1116,0.9905256032943726,-1,-1,-1
281,-1,483,979,655,1113,0.9919161200523376,-1,-1,-1
282,-1,476,983,643,1113,0.9898417592048645,-1,-1,-1
283,-1,464,984,630,1108,0.9914876222610474,-1,-1,-1
284,-1,455,985,623,1107,0.9904443621635437,-1,-1,-1
285,-1,452,990,606,1104,0.9849570989608765,-1,-1,-1
286,-1,447,990,596,1100,0.985032320022583,-1,-1,-1
287,-1,440,991,581,1097,0.9736167788505554,-1,-1,-1
288,-1,431,987,577,1098,0.973768413066864,-1,-1,-1
289,-1,423,983,565,1097,0.9753422737121582,-1,-1,-1
290,-1,415,978,566,1095,0.9752522706985474,-1,-1,-1
291,-1,416,980,550,1094,0.9605885148048401,-1,-1,-1
292,-1,408,980,548,1096,0.9686766266822815,-1,-1,-1
293,-1,405,985,537,1094,0.9618550539016724,-1,-1,-1
294,-1,400,985,524,1095,0.9674875736236572,-1,-1,-1
295,-1,396,985,521,1095,0.9594225287437439,-1,-1,-1
296,-1,393,987,511,1091,0.9399070143699646,-1,-1,-1
297,-1,386,986,507,1089,0.9519116282463074,-1,-1,-1
298,-1,383,988,500,1088,0.909474790096283,-1,-1,-1
299,-1,378,987,494,1088,0.9078181385993958,-1,-1,-1
300,-1,372,985,488,1087,0.8934091329574585,-1,-1,-1
301,-1,369,979,483,1085,0.8200451731681824,-1,-1,-1
302,-1,366,983,477,1083,0.7998234033584595,-1,-1,-1
303,-1,363,978,472,1081,0.6273437142372131,-1,-1,-1
307,-1,352,980,454,1076,0.6079208850860596,-1,-1,-1
308,-1,348,980,452,1076,0.6252892017364502,-1,-1,-1
351,-1,1765,887,2560,1329,0.9838382005691528,-1,-1,-1
352,-1,1631,891,2416,1311,0.9903562068939209,-1,-1,-1
353,-1,1483,903,2210,1285,0.9905219078063965,-1,-1,-1
354,-1,1417,926,2031,1258,0.9913865327835083,-1,-1,-1
355,-1,1308,925,1896,1248,0.9923682808876038,-1,-1,-1
356,-1,1231,928,1768,1241,0.9919073581695557,-1,-1,-1
357,-1,1165,934,1653,1228,0.9927698969841003,-1,-1,-1
358,-1,1103,943,1555,1216,0.9913992881774902,-1,-1,-1
359,-1,1066,948,1475,1205,0.9920410513877869,-1,-1,-1
360,-1,1013,954,1391,1195,0.9941596984863281,-1,-1,-1
361,-1,971,958,1326,1184,0.9950921535491943,-1,-1,-1
362,-1,930,962,1264,1178,0.996155321598053,-1,-1,-1
363,-1,909,964,1211,1169,0.9944673776626587,-1,-1,-1
364,-1,873,959,1164,1162,0.9946112632751465,-1,-1,-1
365,-1,846,965,1119,1157,0.9907825589179993,-1,-1,-1
366,-1,815,967,1077,1151,0.9914395809173584,-1,-1,-1
367,-1,786,972,1042,1149,0.9940253496170044,-1,-1,-1
368,-1,766,972,1006,1146,0.98948073387146,-1,-1,-1
369,-1,752,976,971,1143,0.985316812992096,-1,-1,-1
370,-1,729,979,949,1138,0.9851256608963013,-1,-1,-1
371,-1,701,985,922,1137,0.9803248047828674,-1,-1,-1
372,-1,684,984,891,1138,0.9849971532821655,-1,-1,-1
373,-1,669,984,868,1135,0.9691615700721741,-1,-1,-1
374,-1,648,984,854,1131,0.9809272289276123,-1,-1,-1
375,-1,647,986,831,1127,0.9569595456123352,-1,-1,-1
376,-1,630,983,811,1123,0.9665079116821289,-1,-1,-1
377,-1,617,984,785,1121,0.9681204557418823,-1,-1,-1
378,-1,604,990,766,1120,0.9581553339958191,-1,-1,-1
379,-1,588,992,749,1120,0.9699004888534546,-1,-1,-1
380,-1,580,991,741,1118,0.9328446984291077,-1,-1,-1
381,-1,567,993,723,1117,0.9642173647880554,-1,-1,-1
382,-1,556,982,708,1112,0.9537017345428467,-1,-1,-1
383,-1,548,983,702,1106,0.9353982210159302,-1,-1,-1
384,-1,537,980,688,1106,0.9302880167961121,-1,-1,-1
385,-1,527,981,674,1106,0.8640097975730896,-1,-1,-1
386,-1,521,982,664,1101,0.9144622087478638,-1,-1,-1
387,-1,509,986,654,1100,0.905828058719635,-1,-1,-1
387,-1,1709,823,2560,1358,0.7129573822021484,-1,-1,-1
388,-1,1581,837,2468,1331,0.989264726638794,-1,-1,-1
388,-1,502,986,645,1100,0.8517189621925354,-1,-1,-1
389,-1,1438,852,2234,1301,0.9882453680038452,-1,-1,-1
389,-1,492,987,630,1101,0.8162364363670349,-1,-1,-1
390,-1,1358,870,2071,1277,0.9879695177078247,-1,-1,-1
390,-1,485,989,619,1100,0.8503696918487549,-1,-1,-1
391,-1,1275,889,1897,1259,0.9939883947372437,-1,-1,-1
391,-1,482,990,606,1099,0.7664440274238586,-1,-1,-1
392,-1,1190,894,1751,1251,0.9926490187644958,-1,-1,-1
393,-1,1117,904,1645,1235,0.9933257102966309,-1,-1,-1
394,-1,1059,910,1540,1221,0.9921491146087646,-1,-1,-1
395,-1,1017,915,1459,1210,0.9920188784599304,-1,-1,-1
396,-1,962,929,1371,1198,0.9929925203323364,-1,-1,-1
397,-1,930,936,1294,1188,0.9935532808303833,-1,-1,-1
398,-1,896,942,1234,1179,0.9948350191116333,-1,-1,-1
399,-1,851,943,1180,1175,0.9935535192489624,-1,-1,-1
399,-1,434,993,542,1088,0.6040781140327454,-1,-1,-1
400,-1,822,950,1129,1169,0.9926965832710266,-1,-1,-1
401,-1,793,949,1087,1160,0.9907461404800415,-1,-1,-1
401,-1,426,995,539,1086,0.6728478670120239,-1,-1,-1
402,-1,773,953,1048,1151,0.9911301136016846,-1,-1,-1
402,-1,421,992,532,1085,0.71336829662323,-1,-1,-1
403,-1,750,959,1006,1147,0.9904208183288574,-1,-1,-1
404,-1,728,957,972,1143,0.9850168228149414,-1,-1,-1
404,-1,415,992,520,1083,0.6245735287666321,-1,-1,-1
405,-1,706,960,937,1142,0.9774495363235474,-1,-1,-1
406,-1,688,967,909,1139,0.9707428216934204,-1,-1,-1
407,-1,672,974,880,1135,0.9600419998168945,-1,-1,-1
408,-1,654,975,856,1134,0.9872623085975647,-1,-1,-1
409,-1,641,968,835,1122,0.9738767147064209,-1,-1,-1
410,-1,622,973,815,1124,0.9875027537345886,-1,-1,-1
411,-1,613,967,801,1117,0.9793998599052429,-1,-1,-1
412,-1,593,969,777,1120,0.9812090992927551,-1,-1,-1
413,-1,586,972,771,1114,0.9253109097480774,-1,-1,-1
414,-1,567,970,744,1117,0.9189578294754028,-1,-1,-1
415,-1,560,974,737,1115,0.9092406630516052,-1,-1,-1
416,-1,551,977,727,1109,0.8830400109291077,-1,-1,-1
417,-1,536,974,708,1110,0.9759575724601746,-1,-1,-1
418,-1,527,978,686,1107,0.9741148948669434,-1,-1,-1
419,-1,519,978,669,1101,0.9667488932609558,-1,-1,-1
420,-1,506,983,656,1101,0.9811721444129944,-1,-1,-1
421,-1,500,987,647,1098,0.9773099422454834,-1,-1,-1
422,-1,492,986,640,1097,0.9768531322479248,-1,-1,-1
423,-1,485,986,631,1096,0.9673848152160645,-1,-1,-1
424,-1,478,990,615,1098,0.9614717960357666,-1,-1,-1
425,-1,468,987,612,1096,0.9688109159469604,-1,-1,-1
426,-1,460,988,600,1096,0.9525540471076965,-1,-1,-1
427,-1,455,991,585,1096,0.9161054491996765,-1,-1,-1
428,-1,446,991,576,1095,0.9439764618873596,-1,-1,-1
429,-1,443,993,569,1094,0.8734637498855591,-1,-1,-1
430,-1,434,991,563,1094,0.9505243301391602,-1,-1,-1
431,-1,422,984,555,1092,0.9599303007125854,-1,-1,-1
432,-1,418,982,546,1092,0.9651555418968201,-1,-1,-1
433,-1,413,980,544,1095,0.9606947898864746,-1,-1,-1
434,-1,410,982,539,1090,0.9346575736999512,-1,-1,-1
435,-1,411,984,533,1090,0.931804358959198,-1,-1,-1
436,-1,407,988,527,1087,0.9306249022483826,-1,-1,-1
437,-1,401,988,520,1088,0.9251289963722229,-1,-1,-1
438,-1,395,988,516,1088,0.8987686634063721,-1,-1,-1
439,-1,391,986,511,1088,0.9121739268302917,-1,-1,-1
440,-1,387,986,503,1085,0.9177443981170654,-1,-1,-1
441,-1,383,984,499,1086,0.8806383013725281,-1,-1,-1
442,-1,379,984,493,1082,0.8020418882369995,-1,-1,-1
443,-1,374,984,490,1082,0.7146098613739014,-1,-1,-1
444,-1,373,984,485,1080,0.7456096410751343,-1,-1,-1
445,-1,369,975,484,1082,0.7247650623321533,-1,-1,-1
446,-1,366,972,477,1081,0.7339662313461304,-1,-1,-1
447,-1,365,975,463,1077,0.6028871536254883,-1,-1,-1
449,-1,357,972,462,1077,0.6024200916290283,-1,-1,-1
450,-1,357,974,453,1073,0.6179714798927307,-1,-1,-1
489,-1,1654,880,2560,1343,0.9686391949653625,-1,-1,-1
490,-1,1540,900,2415,1325,0.9881779551506042,-1,-1,-1
491,-1,1423,914,2204,1298,0.9913316965103149,-1,-1,-1
492,-1,1293,929,2035,1275,0.9921807050704956,-1,-1,-1
493,-1,1251,936,1862,1253,0.9902375340461731,-1,-1,-1
494,-1,1157,939,1733,1246,0.9926438927650452,-1,-1,-1
495,-1,1092,948,1628,1233,0.9929355978965759,-1,-1,-1
496,-1,1048,960,1538,1219,0.9926532506942749,-1,-1,-1
497,-1,988,961,1429,1207,0.9907345771789551,-1,-1,-1
498,-1,950,970,1357,1200,0.9887528419494629,-1,-1,-1
499,-1,917,974,1291,1191,0.9876426458358765,-1,-1,-1
500,-1,884,973,1235,1182,0.988972008228302,-1,-1,-1
501,-1,849,971,1184,1176,0.9836132526397705,-1,-1,-1
502,-1,819,979,1113,1171,0.984832227230072,-1,-1,-1
503,-1,798,983,1079,1164,0.973285436630249,-1,-1,-1
504,-1,772,985,1046,1161,0.9790234565734863,-1,-1,-1
505,-1,739,985,996,1158,0.9714178442955017,-1,-1,-1
506,-1,722,990,957,1155,0.9812120199203491,-1,-1,-1
507,-1,697,995,940,1148,0.9872717261314392,-1,-1,-1
508,-1,677,995,910,1144,0.9885436296463013,-1,-1,-1
509,-1,657,995,885,1142,0.9862662553787231,-1,-1,-1
510,-1,644,991,848,1142,0.9886559247970581,-1,-1,-1
511,-1,628,991,834,1139,0.9848800897598267,-1,-1,-1
512,-1,614,990,810,1138,0.9879216551780701,-1,-1,-1
512,-1,1622,895,2492,1317,0.9814530611038208,-1,-1,-1
513,-1,599,997,783,1138,0.9855806231498718,-1,-1,-1
513,-1,1511,908,2281,1302,0.985345721244812,-1,-1,-1
514,-1,590,997,764,1131,0.9896023869514465,-1,-1,-1
514,-1,1390,922,2105,1280,0.985210120677948,-1,-1,-1
515,-1,1320,927,1930,1258,0.9902973771095276,-1,-1,-1
515,-1,577,1001,750,1134,0.9882714152336121,-1,-1,-1
516,-1,1229,927,1797,1249,0.9876883625984192,-1,-1,-1
516,-1,569,1000,731,1130,0.9836539626121521,-1,-1,-1
517,-1,1159,939,1668,1238,0.9918973445892334,-1,-1,-1
517,-1,552,999,719,1129,0.9816341996192932,-1,-1,-1
518,-1,1102,944,1556,1224,0.9901297688484192,-1,-1,-1
518,-1,541,994,704,1125,0.9836506247520447,-1,-1,-1
519,-1,1056,962,1476,1215,0.9894620776176453,-1,-1,-1
519,-1,532,993,692,1122,0.9769022464752197,-1,-1,-1
520,-1,1001,960,1387,1206,0.9938179850578308,-1,-1,-1
520,-1,523,991,680,1120,0.9808922410011292,-1,-1,-1
521,-1,961,971,1316,1195,0.9914855360984802,-1,-1,-1
521,-1,516,992,666,1116,0.9697012305259705,-1,-1,-1
522,-1,923,970,1253,1182,0.9912732243537903,-1,-1,-1
522,-1,509,992,658,1113,0.9675583243370056,-1,-1,-1
523,-1,892,973,1202,1177,0.9935740828514099,-1,-1,-1
523,-1,499,993,642,1110,0.9620085954666138,-1,-1,-1
524,-1,865,972,1159,1173,0.9913157224655151,-1,-1,-1
524,-1,494,1001,628,1106,0.9610958695411682,-1,-1,-1
525,-1,835,974,1108,1166,0.9894941449165344,-1,-1,-1
525,-1,488,1002,617,1106,0.9616706371307373,-1,-1,-1
526,-1,805,978,1071,1165,0.9894786477088928,-1,-1,-1
526,-1,479,996,610,1104,0.9627179503440857,-1,-1,-1
527,-1,784,981,1039,1156,0.9875446557998657,-1,-1,-1
527,-1,473,997,601,1103,0.9377769231796265,-1,-1,-1
528,-1,756,983,986,1154,0.9886065125465393,-1,-1,-1
528,-1,469,1001,593,1102,0.8793585300445557,-1,-1,-1
529,-1,732,982,962,1149,0.990777850151062,-1,-1,-1
529,-1,463,1001,587,1100,0.8842079639434814,-1,-1,-1
530,-1,717,994,938,1146,0.9892396926879883,-1,-1,-1
530,-1,458,1002,577,1097,0.8699283003807068,-1,-1,-1
530,-1,299,1045,403,1129,0.7238626480102539,-1,-1,-1
531,-1,693,992,909,1142,0.992206871509552,-1,-1,-1
531,-1,452,1004,572,1096,0.8750933408737183,-1,-1,-1
531,-1,300,1043,406,1131,0.8312139511108398,-1,-1,-1
532,-1,678,994,881,1143,0.9872581362724304,-1,-1,-1
532,-1,450,1004,564,1095,0.8649485111236572,-1,-1,-1
532,-1,301,1042,406,1132,0.8546134829521179,-1,-1,-1
533,-1,660,988,856,1138,0.988473117351532,-1,-1,-1
533,-1,304,1045,409,1132,0.8417655825614929,-1,-1,-1
533,-1,444,1004,558,1095,0.7970381379127502,-1,-1,-1
534,-1,654,991,842,1136,0.9866219162940979,-1,-1,-1
534,-1,434,998,551,1093,0.8216688632965088,-1,-1,-1
534,-1,307,1045,406,1132,0.7872267365455627,-1,-1,-1
535,-1,636,990,814,1134,0.9825963973999023,-1,-1,-1
535,-1,309,1045,414,1135,0.824127197265625,-1,-1,-1
535,-1,430,998,543,1091,0.7814984917640686,-1,-1,-1
536,-1,617,990,790,1127,0.9873457551002502,-1,-1,-1
536,-1,310,1047,418,1135,0.870659351348877,-1,-1,-1
536,-1,428,999,535,1091,0.7303704619407654,-1,-1,-1
537,-1,607,991,776,1129,0.9834036231040955,-1,-1,-1
537,-1,310,1048,420,1137,0.8895654082298279,-1,-1,-1
537,-1,424,999,529,1090,0.7597265839576721,-1,-1,-1
538,-1,596,995,761,1125,0.9841209053993225,-1,-1,-1
538,-1,310,1047,425,1141,0.9112437963485718,-1,-1,-1
538,-1,419,995,525,1087,0.6329143643379211,-1,-1,-1
539,-1,587,1000,744,1121,0.9844890832901001,-1,-1,-1
539,-1,313,1047,429,1143,0.9266883134841919,-1,-1,-1
540,-1,576,1001,730,1121,0.9804033041000366,-1,-1,-1
540,-1,317,1049,432,1145,0.9314647912979126,-1,-1,-1
541,-1,568,1003,712,1113,0.9739251136779785,-1,-1,-1
541,-1,316,1046,439,1152,0.9392663836479187,-1,-1,-1
542,-1,554,1000,699,1114,0.9761112332344055,-1,-1,-1
542,-1,319,1047,441,1154,0.9570294618606567,-1,-1,-1
543,-1,321,1046,442,1156,0.9712462425231934,-1,-1,-1
543,-1,545,998,686,1112,0.9696337580680847,-1,-1,-1
544,-1,324,1048,446,1157,0.9666561484336853,-1,-1,-1
544,-1,534,991,678,1111,0.9573357105255127,-1,-1,-1
545,-1,328,1048,449,1156,0.9687822461128235,-1,-1,-1
545,-1,526,992,664,1106,0.9133403301239014,-1,-1,-1
546,-1,329,1051,455,1157,0.9702321887016296,-1,-1,-1
546,-1,514,993,650,1105,0.9470548033714294,-1,-1,-1
547,-1,330,1053,461,1160,0.9733982682228088,-1,-1,-1
547,-1,508,995,642,1105,0.9248437881469727,-1,-1,-1
548,-1,327,1053,470,1161,0.9805133938789368,-1,-1,-1
548,-1,501,997,629,1101,0.9441896677017212,-1,-1,-1
549,-1,331,1055,476,1165,0.9830620288848877,-1,-1,-1
549,-1,495,997,618,1102,0.9213153719902039,-1,-1,-1
550,-1,341,1058,472,1167,0.9835365414619446,-1,-1,-1
550,-1,488,997,611,1102,0.9245193600654602,-1,-1,-1
551,-1,339,1058,484,1169,0.9853514432907104,-1,-1,-1
551,-1,483,999,602,1100,0.8642846941947937,-1,-1,-1
552,-1,343,1054,486,1171,0.9834956526756287,-1,-1,-1
552,-1,473,1003,593,1097,0.7997562885284424,-1,-1,-1
553,-1,341,1055,496,1172,0.9884538054466248,-1,-1,-1
554,-1,345,1057,499,1174,0.9932205677032471,-1,-1,-1
554,-1,465,1005,574,1094,0.6422545909881592,-1,-1,-1
555,-1,346,1056,507,1176,0.9939419627189636,-1,-1,-1
555,-1,459,1003,570,1094,0.6529604196548462,-1,-1,-1
556,-1,350,1057,512,1178,0.991899847984314,-1,-1,-1
557,-1,356,1058,515,1179,0.990349292755127,-1,-1,-1
558,-1,362,1057,521,1186,0.9911679029464722,-1,-1,-1
559,-1,364,1056,526,1187,0.9914103150367737,-1,-1,-1
