87,-1,990,726,1387,1069,0.7385317087173462,-1,-1,-1
88,-1,985,701,1400,1071,0.8768749237060547,-1,-1,-1
89,-1,995,684,1383,1063,0.9939810633659363,-1,-1,-1
90,-1,997,671,1381,1037,0.9930336475372314,-1,-1,-1
91,-1,996,654,1379,1013,0.9930769205093384,-1,-1,-1
92,-1,1011,641,1376,987,0.9950569868087769,-1,-1,-1
93,-1,1015,625,1375,962,0.9950527548789978,-1,-1,-1
94,-1,1010,616,1369,940,0.9946500658988953,-1,-1,-1
95,-1,1017,599,1368,917,0.9946154952049255,-1,-1,-1
96,-1,1023,576,1354,899,0.9942678213119507,-1,-1,-1
97,-1,1025,574,1357,875,0.9955458641052246,-1,-1,-1
98,-1,1022,553,1357,865,0.9938520193099976,-1,-1,-1
99,-1,1027,545,1356,842,0.9959659576416016,-1,-1,-1
100,-1,1032,529,1349,821,0.9965006113052368,-1,-1,-1
101,-1,1030,513,1346,803,0.9964432120323181,-1,-1,-1
102,-1,1034,504,1343,785,0.9955801367759705,-1,-1,-1
103,-1,1035,483,1342,768,0.9950403571128845,-1,-1,-1
104,-1,1040,475,1345,748,0.9955902099609375,-1,-1,-1
105,-1,1044,464,1337,734,0.9959948062896729,-1,-1,-1
106,-1,1042,452,1330,718,0.9953238368034363,-1,-1,-1
107,-1,1044,437,1328,702,0.9945840239524841,-1,-1,-1
108,-1,1050,430,1323,685,0.9957513809204102,-1,-1,-1
109,-1,1052,415,1324,668,0.9957976341247559,-1,-1,-1
110,-1,1054,410,1316,655,0.995259702205658,-1,-1,-1
111,-1,1051,397,1318,643,0.9957387447357178,-1,-1,-1
112,-1,1057,388,1310,629,0.9959781169891357,-1,-1,-1
113,-1,1054,374,1312,615,0.9960534572601318,-1,-1,-1
114,-1,1061,369,1307,602,0.9962514042854309,-1,-1,-1
115,-1,1060,359,1308,589,0.9957270622253418,-1,-1,-1
116,-1,1062,346,1304,574,0.9961249232292175,-1,-1,-1
117,-1,1059,333,1304,561,0.995540201663971,-1,-1,-1
118,-1,1058,324,1301,550,0.9959074258804321,-1,-1,-1
119,-1,1058,318,1299,534,0.9951794147491455,-1,-1,-1
120,-1,1064,309,1298,523,0.9952774047851562,-1,-1,-1
121,-1,1067,301,1296,513,0.9943158030509949,-1,-1,-1
122,-1,1066,295,1292,502,0.9940364360809326,-1,-1,-1
123,-1,1064,286,1292,493,0.9931169748306274,-1,-1,-1
124,-1,1072,279,1291,482,0.9933316111564636,-1,-1,-1
125,-1,1071,271,1293,472,0.9934152364730835,-1,-1,-1
126,-1,1073,259,1287,465,0.9917194843292236,-1,-1,-1
127,-1,1073,255,1286,458,0.9933516383171082,-1,-1,-1
128,-1,1074,248,1287,445,0.9940710663795471,-1,-1,-1
129,-1,1075,243,1285,435,0.9935736060142517,-1,-1,-1
130,-1,1075,238,1283,427,0.9948850274085999,-1,-1,-1
131,-1,1081,232,1289,419,0.9943948984146118,-1,-1,-1
132,-1,1081,224,1281,409,0.9934147596359253,-1,-1,-1
132,-1,1027,28,1143,120,0.6037468910217285,-1,-1,-1
133,-1,1078,218,1280,403,0.9938641786575317,-1,-1,-1
133,-1,1025,27,1141,123,0.7226142287254333,-1,-1,-1
134,-1,1076,216,1277,394,0.9935693740844727,-1,-1,-1
134,-1,1025,30,1138,125,0.7844873070716858,-1,-1,-1
135,-1,1082,210,1278,387,0.9939994812011719,-1,-1,-1
135,-1,1026,30,1139,126,0.7866363525390625,-1,-1,-1
136,-1,1083,202,1278,380,0.9946393370628357,-1,-1,-1
136,-1,1027,31,1142,128,0.831951916217804,-1,-1,-1
137,-1,1084,195,1274,375,0.9927063584327698,-1,-1,-1
137,-1,1027,31,1140,127,0.8163544535636902,-1,-1,-1
138,-1,1084,195,1273,365,0.9906015396118164,-1,-1,-1
138,-1,1024,30,1139,128,0.7959865927696228,-1,-1,-1
139,-1,1085,192,1274,360,0.9940248131752014,-1,-1,-1
139,-1,1025,31,1139,128,0.7561380863189697,-1,-1,-1
140,-1,1084,187,1272,354,0.993545413017273,-1,-1,-1
140,-1,1026,31,1140,129,0.7634636759757996,-1,-1,-1
141,-1,1084,183,1274,349,0.9929031729698181,-1,-1,-1
141,-1,1025,33,1141,132,0.7742429375648499,-1,-1,-1
142,-1,1085,178,1270,344,0.9931125044822693,-1,-1,-1
142,-1,1024,31,1139,133,0.8582832217216492,-1,-1,-1
143,-1,1088,174,1268,336,0.9940879344940186,-1,-1,-1
143,-1,1024,31,1138,131,0.8720402717590332,-1,-1,-1
144,-1,1089,170,1269,331,0.9932602047920227,-1,-1,-1
144,-1,1023,32,1139,133,0.8594208359718323,-1,-1,-1
145,-1,1092,164,1272,329,0.9914150834083557,-1,-1,-1
145,-1,1023,32,1139,134,0.8780102133750916,-1,-1,-1
146,-1,1092,159,1271,322,0.9928134083747864,-1,-1,-1
146,-1,1021,34,1137,133,0.9190918207168579,-1,-1,-1
147,-1,1093,155,1264,315,0.9921242594718933,-1,-1,-1
147,-1,1019,33,1136,134,0.932328999042511,-1,-1,-1
148,-1,1092,154,1266,309,0.9918867945671082,-1,-1,-1
148,-1,1018,32,1137,134,0.9340660572052002,-1,-1,-1
149,-1,1092,149,1265,305,0.9930410385131836,-1,-1,-1
149,-1,1018,33,1136,134,0.9517038464546204,-1,-1,-1
150,-1,1095,146,1267,301,0.991967499256134,-1,-1,-1
150,-1,1018,34,1137,136,0.9624584913253784,-1,-1,-1
151,-1,1097,143,1267,298,0.9921368360519409,-1,-1,-1
151,-1,1018,36,1136,135,0.9592805504798889,-1,-1,-1
152,-1,1099,136,1265,289,0.9937839508056641,-1,-1,-1
152,-1,1017,36,1136,135,0.9669937491416931,-1,-1,-1
153,-1,1100,136,1262,284,0.9944043159484863,-1,-1,-1
153,-1,1015,36,1135,137,0.9743579626083374,-1,-1,-1
154,-1,1104,127,1259,280,0.9931460618972778,-1,-1,-1
154,-1,1012,37,1134,137,0.949154794216156,-1,-1,-1
155,-1,1100,130,1260,278,0.9912787079811096,-1,-1,-1
155,-1,1012,40,1134,140,0.9634013175964355,-1,-1,-1
156,-1,1102,129,1263,276,0.991393506526947,-1,-1,-1
156,-1,1012,39,1135,141,0.9669883847236633,-1,-1,-1
157,-1,1101,126,1263,269,0.9915181994438171,-1,-1,-1
157,-1,1011,37,1132,142,0.937992513179779,-1,-1,-1
158,-1,1101,125,1259,261,0.988436222076416,-1,-1,-1
158,-1,1008,37,1129,142,0.9330889582633972,-1,-1,-1
159,-1,1101,118,1258,256,0.9926097989082336,-1,-1,-1
159,-1,1007,38,1132,142,0.9390692710876465,-1,-1,-1
160,-1,1102,117,1257,255,0.9917110204696655,-1,-1,-1
160,-1,1007,36,1128,142,0.929943859577179,-1,-1,-1
161,-1,1102,111,1258,253,0.9931451082229614,-1,-1,-1
161,-1,1007,43,1132,143,0.9299595355987549,-1,-1,-1
162,-1,1103,109,1258,249,0.9915545582771301,-1,-1,-1
162,-1,1007,43,1131,146,0.94489586353302,-1,-1,-1
163,-1,1104,106,1255,246,0.9924403429031372,-1,-1,-1
163,-1,1004,45,1127,147,0.9538289308547974,-1,-1,-1
164,-1,1102,102,1254,238,0.9918953776359558,-1,-1,-1
164,-1,1001,49,1129,145,0.9030687212944031,-1,-1,-1
165,-1,1102,100,1253,234,0.9927358627319336,-1,-1,-1
165,-1,1000,50,1127,144,0.8861159682273865,-1,-1,-1
166,-1,1104,100,1254,232,0.9920166730880737,-1,-1,-1
166,-1,998,50,1127,145,0.8492820858955383,-1,-1,-1
167,-1,1104,98,1255,230,0.9924095869064331,-1,-1,-1
167,-1,999,50,1124,145,0.8721648454666138,-1,-1,-1
168,-1,1107,94,1253,226,0.9923750758171082,-1,-1,-1
168,-1,995,50,1121,148,0.9440678954124451,-1,-1,-1
169,-1,1106,94,1252,223,0.9921112060546875,-1,-1,-1
169,-1,993,49,1121,148,0.9325290322303772,-1,-1,-1
170,-1,1106,91,1250,219,0.9925576448440552,-1,-1,-1
170,-1,991,50,1116,150,0.9533171057701111,-1,-1,-1
171,-1,1109,90,1250,216,0.9927842617034912,-1,-1,-1
171,-1,990,52,1115,151,0.9725473523139954,-1,-1,-1
172,-1,1109,85,1253,214,0.9938521385192871,-1,-1,-1
172,-1,992,52,1116,151,0.9821204543113708,-1,-1,-1
173,-1,1110,87,1252,211,0.9927586317062378,-1,-1,-1
173,-1,991,51,1113,154,0.9818699359893799,-1,-1,-1
174,-1,1110,85,1248,210,0.9939164519309998,-1,-1,-1
174,-1,987,55,1112,155,0.9708392024040222,-1,-1,-1
175,-1,1110,84,1247,205,0.9926664233207703,-1,-1,-1
175,-1,985,54,1107,156,0.9495683312416077,-1,-1,-1
176,-1,1112,81,1247,201,0.9945799112319946,-1,-1,-1
176,-1,985,54,1107,157,0.9759020209312439,-1,-1,-1
177,-1,1113,78,1250,200,0.9924049973487854,-1,-1,-1
177,-1,984,56,1106,160,0.9860383868217468,-1,-1,-1
178,-1,1114,78,1249,197,0.9907804131507874,-1,-1,-1
178,-1,984,57,1105,161,0.9867880344390869,-1,-1,-1
179,-1,1114,77,1249,194,0.9924682974815369,-1,-1,-1
179,-1,983,58,1106,163,0.9853425025939941,-1,-1,-1
180,-1,1113,77,1247,189,0.9914847016334534,-1,-1,-1
180,-1,981,57,1105,162,0.9910404086112976,-1,-1,-1
181,-1,979,59,1104,162,0.9879360198974609,-1,-1,-1
181,-1,1116,77,1246,189,0.9873414635658264,-1,-1,-1
182,-1,977,57,1104,165,0.9907947182655334,-1,-1,-1
182,-1,1118,72,1247,186,0.9840120077133179,-1,-1,-1
183,-1,975,58,1105,165,0.9905527830123901,-1,-1,-1
183,-1,1117,65,1249,185,0.9875606894493103,-1,-1,-1
184,-1,1118,64,1251,183,0.9916241765022278,-1,-1,-1
184,-1,973,57,1107,167,0.9891160130500793,-1,-1,-1
185,-1,1118,63,1248,180,0.9917827844619751,-1,-1,-1
185,-1,973,59,1102,168,0.9899242520332336,-1,-1,-1
186,-1,970,60,1098,169,0.9902749061584473,-1,-1,-1
186,-1,1117,64,1247,177,0.9898167848587036,-1,-1,-1
187,-1,966,58,1101,169,0.989266037940979,-1,-1,-1
187,-1,1115,64,1248,176,0.9871461391448975,-1,-1,-1
188,-1,967,61,1098,171,0.992155909538269,-1,-1,-1
188,-1,1118,65,1246,173,0.9782359600067139,-1,-1,-1
189,-1,967,64,1099,173,0.9895394444465637,-1,-1,-1
189,-1,1119,61,1249,169,0.9771270155906677,-1,-1,-1
190,-1,968,67,1097,174,0.9904746413230896,-1,-1,-1
190,-1,1121,62,1249,169,0.9873291254043579,-1,-1,-1
191,-1,967,69,1095,175,0.9896586537361145,-1,-1,-1
191,-1,1122,57,1249,166,0.9862509965896606,-1,-1,-1
192,-1,966,69,1093,175,0.9879568219184875,-1,-1,-1
192,-1,1121,53,1248,163,0.9862625598907471,-1,-1,-1
192,-1,1056,863,1418,1080,0.6914142370223999,-1,-1,-1
193,-1,964,69,1095,177,0.9883596897125244,-1,-1,-1
193,-1,1122,51,1248,163,0.9842225909233093,-1,-1,-1
193,-1,1056,838,1416,1080,0.963047981262207,-1,-1,-1
194,-1,964,70,1093,179,0.9918777942657471,-1,-1,-1
194,-1,1125,51,1249,161,0.9852527976036072,-1,-1,-1
194,-1,1058,820,1415,1080,0.9532508254051208,-1,-1,-1
195,-1,964,71,1093,181,0.9921413660049438,-1,-1,-1
195,-1,1126,50,1250,160,0.9869115352630615,-1,-1,-1
195,-1,1059,798,1410,1078,0.9776158928871155,-1,-1,-1
196,-1,961,72,1094,182,0.9908846020698547,-1,-1,-1
196,-1,1058,777,1405,1060,0.9891639947891235,-1,-1,-1
196,-1,1128,49,1249,158,0.97929847240448,-1,-1,-1
197,-1,1062,762,1401,1035,0.9921497106552124,-1,-1,-1
197,-1,962,72,1092,183,0.9917717576026917,-1,-1,-1
197,-1,1127,47,1247,158,0.9808154106140137,-1,-1,-1
198,-1,1066,749,1400,1012,0.9944162368774414,-1,-1,-1
198,-1,958,76,1093,186,0.9918723702430725,-1,-1,-1
198,-1,1128,46,1247,158,0.9783851504325867,-1,-1,-1
199,-1,1068,732,1396,996,0.9952829480171204,-1,-1,-1
199,-1,960,77,1092,188,0.9930278658866882,-1,-1,-1
199,-1,1128,46,1249,156,0.9778497219085693,-1,-1,-1
200,-1,1082,723,1387,973,0.9937738180160522,-1,-1,-1
200,-1,961,78,1094,190,0.9919546246528625,-1,-1,-1
200,-1,1131,46,1252,153,0.9440294504165649,-1,-1,-1
201,-1,1085,706,1385,955,0.9930329322814941,-1,-1,-1
201,-1,961,81,1093,190,0.9929919242858887,-1,-1,-1
201,-1,1130,45,1254,148,0.967132568359375,-1,-1,-1
202,-1,1079,689,1387,935,0.9942818880081177,-1,-1,-1
202,-1,960,81,1093,192,0.990127444267273,-1,-1,-1
202,-1,1128,45,1249,146,0.9495552778244019,-1,-1,-1
203,-1,1078,675,1384,919,0.9940661191940308,-1,-1,-1
203,-1,955,81,1088,192,0.9939258694648743,-1,-1,-1
203,-1,1128,42,1251,149,0.9568907022476196,-1,-1,-1
204,-1,1088,668,1372,910,0.9938368201255798,-1,-1,-1
204,-1,955,82,1091,193,0.9935436248779297,-1,-1,-1
204,-1,1128,41,1254,145,0.9520038962364197,-1,-1,-1
205,-1,1084,650,1381,891,0.9936844706535339,-1,-1,-1
205,-1,957,84,1089,195,0.9931336641311646,-1,-1,-1
205,-1,1130,40,1256,144,0.9608514904975891,-1,-1,-1
206,-1,1084,639,1376,875,0.994305431842804,-1,-1,-1
206,-1,959,87,1093,198,0.992043673992157,-1,-1,-1
206,-1,1130,39,1258,144,0.9490554332733154,-1,-1,-1
207,-1,1085,629,1375,862,0.9939448237419128,-1,-1,-1
207,-1,955,88,1090,198,0.9938743710517883,-1,-1,-1
207,-1,1129,38,1250,142,0.9309771656990051,-1,-1,-1
208,-1,1084,617,1368,848,0.9938045740127563,-1,-1,-1
208,-1,954,91,1088,200,0.9934078454971313,-1,-1,-1
208,-1,1130,38,1249,140,0.9367455840110779,-1,-1,-1
209,-1,953,90,1088,202,0.9948394894599915,-1,-1,-1
209,-1,1089,601,1368,829,0.9937286376953125,-1,-1,-1
209,-1,1131,38,1250,139,0.9490745663642883,-1,-1,-1
210,-1,1085,592,1359,813,0.9945640563964844,-1,-1,-1
210,-1,950,93,1090,204,0.9928514957427979,-1,-1,-1
210,-1,1132,35,1251,139,0.9378096461296082,-1,-1,-1
211,-1,1089,579,1359,802,0.9947987794876099,-1,-1,-1
211,-1,952,96,1088,206,0.9935405850410461,-1,-1,-1
211,-1,1133,32,1256,138,0.9359865188598633,-1,-1,-1
212,-1,950,93,1089,207,0.9937477111816406,-1,-1,-1
212,-1,1094,565,1358,783,0.9933598637580872,-1,-1,-1
212,-1,1135,32,1254,137,0.95572829246521,-1,-1,-1
213,-1,1092,555,1355,772,0.9943998456001282,-1,-1,-1
213,-1,947,95,1087,209,0.9925493001937866,-1,-1,-1
213,-1,1134,31,1250,134,0.9421509504318237,-1,-1,-1
214,-1,947,96,1087,213,0.9955807328224182,-1,-1,-1
214,-1,1089,546,1348,758,0.9946685433387756,-1,-1,-1
214,-1,1133,29,1249,135,0.9342215657234192,-1,-1,-1
215,-1,948,97,1087,214,0.995692789554596,-1,-1,-1
215,-1,1090,533,1347,745,0.9938456416130066,-1,-1,-1
215,-1,1134,29,1251,132,0.8505839705467224,-1,-1,-1
216,-1,950,99,1088,215,0.9953600764274597,-1,-1,-1
216,-1,1102,525,1344,731,0.9930372834205627,-1,-1,-1
216,-1,1136,27,1253,132,0.912315309047699,-1,-1,-1
217,-1,951,102,1088,217,0.9939619898796082,-1,-1,-1
217,-1,1099,515,1343,718,0.9918647408485413,-1,-1,-1
217,-1,1138,26,1256,132,0.9087085723876953,-1,-1,-1
218,-1,948,101,1087,218,0.992621660232544,-1,-1,-1
218,-1,1095,505,1341,707,0.992361307144165,-1,-1,-1
218,-1,1137,27,1253,132,0.8910952210426331,-1,-1,-1
219,-1,945,103,1090,223,0.9927448034286499,-1,-1,-1
219,-1,1095,493,1339,695,0.9914376139640808,-1,-1,-1
219,-1,1135,26,1251,130,0.8615870475769043,-1,-1,-1
220,-1,945,105,1089,224,0.9928117394447327,-1,-1,-1
220,-1,1096,484,1334,683,0.9923179149627686,-1,-1,-1
220,-1,1135,25,1252,129,0.889216423034668,-1,-1,-1
221,-1,944,107,1088,226,0.9944806098937988,-1,-1,-1
221,-1,1098,475,1333,669,0.9935494065284729,-1,-1,-1
221,-1,1138,25,1251,129,0.8872153759002686,-1,-1,-1
222,-1,944,109,1088,229,0.9957927465438843,-1,-1,-1
222,-1,1099,466,1331,662,0.9919500350952148,-1,-1,-1
222,-1,1137,25,1250,127,0.8608764410018921,-1,-1,-1
223,-1,941,108,1088,232,0.9930351972579956,-1,-1,-1
223,-1,1101,459,1330,648,0.9930100440979004,-1,-1,-1
223,-1,1138,25,1252,124,0.8666080236434937,-1,-1,-1
224,-1,941,111,1090,237,0.9930805563926697,-1,-1,-1
224,-1,1102,451,1327,638,0.9918795228004456,-1,-1,-1
224,-1,1137,24,1249,125,0.8129149675369263,-1,-1,-1
225,-1,938,112,1088,236,0.9948403239250183,-1,-1,-1
225,-1,1102,441,1324,625,0.9916378855705261,-1,-1,-1
225,-1,1138,23,1249,122,0.8997634649276733,-1,-1,-1
226,-1,1102,432,1323,616,0.9931828379631042,-1,-1,-1
226,-1,937,116,1086,239,0.9925363063812256,-1,-1,-1
226,-1,1138,23,1250,122,0.9174202084541321,-1,-1,-1
227,-1,936,116,1089,241,0.9935610294342041,-1,-1,-1
227,-1,1104,422,1321,604,0.9927849769592285,-1,-1,-1
227,-1,1139,23,1250,122,0.9279105067253113,-1,-1,-1
227,-1,1045,787,1427,1080,0.9036781191825867,-1,-1,-1
228,-1,938,118,1087,244,0.9934530258178711,-1,-1,-1
228,-1,1108,414,1321,593,0.9923294186592102,-1,-1,-1
228,-1,1140,23,1252,121,0.9445458650588989,-1,-1,-1
228,-1,1041,765,1420,1071,0.8769367933273315,-1,-1,-1
229,-1,934,122,1085,242,0.9942442774772644,-1,-1,-1
229,-1,1110,402,1319,586,0.9903008937835693,-1,-1,-1
229,-1,1031,745,1417,1066,0.9853061437606812,-1,-1,-1
229,-1,1139,23,1254,119,0.9115644693374634,-1,-1,-1
230,-1,934,121,1084,248,0.9956234097480774,-1,-1,-1
230,-1,1031,726,1407,1049,0.9920186400413513,-1,-1,-1
230,-1,1109,398,1314,572,0.9893985986709595,-1,-1,-1
230,-1,1139,23,1253,118,0.9107587337493896,-1,-1,-1
231,-1,934,126,1082,252,0.9941404461860657,-1,-1,-1
231,-1,1103,388,1314,564,0.9920408129692078,-1,-1,-1
231,-1,1034,711,1400,1027,0.990936815738678,-1,-1,-1
231,-1,1139,23,1255,117,0.9033214449882507,-1,-1,-1
232,-1,932,128,1086,254,0.9954882264137268,-1,-1,-1
232,-1,1039,691,1399,1006,0.9933579564094543,-1,-1,-1
232,-1,1111,380,1311,552,0.9921934008598328,-1,-1,-1
232,-1,1140,23,1254,117,0.9000179171562195,-1,-1,-1
233,-1,931,128,1084,259,0.9932643175125122,-1,-1,-1
233,-1,1042,673,1391,989,0.9925832748413086,-1,-1,-1
233,-1,1109,374,1312,546,0.9917011857032776,-1,-1,-1
233,-1,1141,23,1256,117,0.8856146335601807,-1,-1,-1
234,-1,1039,666,1380,964,0.9937839508056641,-1,-1,-1
234,-1,930,132,1082,260,0.9934436082839966,-1,-1,-1
234,-1,1108,366,1312,534,0.9899112582206726,-1,-1,-1
234,-1,1141,23,1254,118,0.9066981673240662,-1,-1,-1
235,-1,1041,651,1381,950,0.9934412240982056,-1,-1,-1
235,-1,926,134,1081,265,0.991479218006134,-1,-1,-1
235,-1,1110,356,1305,526,0.9908863306045532,-1,-1,-1
235,-1,1141,22,1248,117,0.8199124336242676,-1,-1,-1
236,-1,1045,640,1374,928,0.9936324954032898,-1,-1,-1
236,-1,926,136,1077,267,0.9931032657623291,-1,-1,-1
236,-1,1110,349,1302,517,0.9919935464859009,-1,-1,-1
236,-1,1140,21,1246,115,0.7331216335296631,-1,-1,-1
237,-1,1045,627,1372,911,0.9951925277709961,-1,-1,-1
237,-1,926,136,1078,268,0.9917781352996826,-1,-1,-1
237,-1,1111,340,1302,507,0.990812361240387,-1,-1,-1
238,-1,925,140,1079,272,0.993477463722229,-1,-1,-1
238,-1,1043,615,1362,886,0.9933379888534546,-1,-1,-1
238,-1,1112,335,1300,499,0.9927728772163391,-1,-1,-1
239,-1,1051,603,1360,873,0.9947590231895447,-1,-1,-1
239,-1,918,145,1079,276,0.9931864738464355,-1,-1,-1
239,-1,1113,328,1298,491,0.9914212822914124,-1,-1,-1
239,-1,976,95,1113,200,0.7933822274208069,-1,-1,-1
239,-1,1141,21,1247,118,0.6160841584205627,-1,-1,-1
240,-1,1052,591,1359,859,0.9943603873252869,-1,-1,-1
240,-1,916,147,1078,280,0.9934483170509338,-1,-1,-1
240,-1,1111,322,1299,483,0.9912648797035217,-1,-1,-1
240,-1,973,95,1111,201,0.8428978323936462,-1,-1,-1
240,-1,1141,21,1246,116,0.6191669702529907,-1,-1,-1
241,-1,1053,580,1353,841,0.995608389377594,-1,-1,-1
241,-1,917,148,1076,283,0.9941228032112122,-1,-1,-1
241,-1,1113,313,1296,476,0.9892956614494324,-1,-1,-1
241,-1,973,96,1110,203,0.8401816487312317,-1,-1,-1
242,-1,1053,562,1345,827,0.9949536919593811,-1,-1,-1
242,-1,914,149,1075,285,0.9926321506500244,-1,-1,-1
242,-1,1114,310,1294,467,0.9902836680412292,-1,-1,-1
242,-1,970,98,1109,206,0.8526138067245483,-1,-1,-1
243,-1,1054,554,1348,809,0.9957362413406372,-1,-1,-1
243,-1,910,152,1073,289,0.9919959902763367,-1,-1,-1
243,-1,1112,303,1292,459,0.990009605884552,-1,-1,-1
243,-1,972,100,1109,206,0.8314382433891296,-1,-1,-1
244,-1,1054,536,1347,791,0.9950847029685974,-1,-1,-1
244,-1,910,155,1073,291,0.9915458559989929,-1,-1,-1
244,-1,1117,296,1295,455,0.9877421855926514,-1,-1,-1
244,-1,967,98,1110,211,0.7848499417304993,-1,-1,-1
245,-1,1055,528,1343,779,0.995653510093689,-1,-1,-1
245,-1,908,156,1072,293,0.9929465651512146,-1,-1,-1
245,-1,1116,290,1294,446,0.9895528554916382,-1,-1,-1
245,-1,970,103,1105,211,0.8639981150627136,-1,-1,-1
246,-1,1058,515,1333,760,0.9952489733695984,-1,-1,-1
246,-1,904,159,1069,297,0.9920365214347839,-1,-1,-1
246,-1,1114,288,1292,434,0.9920284152030945,-1,-1,-1
246,-1,969,103,1106,213,0.8401411771774292,-1,-1,-1
247,-1,1057,503,1335,745,0.9949136972427368,-1,-1,-1
247,-1,1112,282,1292,429,0.9912956953048706,-1,-1,-1
247,-1,903,163,1064,299,0.9910542368888855,-1,-1,-1
247,-1,967,105,1105,215,0.8444473147392273,-1,-1,-1
248,-1,1057,493,1333,734,0.9958437085151672,-1,-1,-1
248,-1,1113,275,1292,423,0.9903077483177185,-1,-1,-1
248,-1,900,162,1067,305,0.9887983202934265,-1,-1,-1
248,-1,963,106,1110,217,0.7857204675674438,-1,-1,-1
249,-1,1060,487,1330,721,0.9947707056999207,-1,-1,-1
249,-1,901,167,1065,308,0.9942611455917358,-1,-1,-1
249,-1,1115,269,1292,416,0.9854490160942078,-1,-1,-1
249,-1,964,106,1106,217,0.7216161489486694,-1,-1,-1
250,-1,1063,471,1331,708,0.9940618872642517,-1,-1,-1
250,-1,1116,265,1291,411,0.9916925430297852,-1,-1,-1
250,-1,900,168,1064,311,0.9913600087165833,-1,-1,-1
250,-1,964,107,1106,224,0.7735999226570129,-1,-1,-1
251,-1,1061,460,1324,693,0.9945136308670044,-1,-1,-1
251,-1,1115,261,1287,403,0.9922569990158081,-1,-1,-1
251,-1,901,170,1064,313,0.9896288514137268,-1,-1,-1
251,-1,961,108,1106,225,0.8222453594207764,-1,-1,-1
252,-1,1063,454,1322,683,0.9946379065513611,-1,-1,-1
252,-1,894,172,1062,319,0.993240475654602,-1,-1,-1
252,-1,1113,255,1287,400,0.992580771446228,-1,-1,-1
252,-1,959,110,1102,226,0.7514023184776306,-1,-1,-1
253,-1,1067,443,1320,667,0.9949656128883362,-1,-1,-1
253,-1,892,177,1064,322,0.9944525361061096,-1,-1,-1
253,-1,1116,248,1283,392,0.9887505173683167,-1,-1,-1
253,-1,960,111,1102,229,0.8368086814880371,-1,-1,-1
254,-1,1068,432,1319,656,0.9933386445045471,-1,-1,-1
254,-1,889,176,1060,329,0.9919180274009705,-1,-1,-1
254,-1,1115,245,1285,387,0.991018533706665,-1,-1,-1
254,-1,960,112,1102,229,0.8594052195549011,-1,-1,-1
255,-1,1068,424,1316,645,0.99394291639328,-1,-1,-1
255,-1,885,180,1060,333,0.9922922849655151,-1,-1,-1
255,-1,1116,240,1282,381,0.9910763502120972,-1,-1,-1
255,-1,958,112,1100,232,0.8238544464111328,-1,-1,-1
256,-1,885,185,1058,335,0.9950326681137085,-1,-1,-1
256,-1,1115,235,1281,376,0.9934367537498474,-1,-1,-1
256,-1,1069,415,1312,634,0.9934288859367371,-1,-1,-1
256,-1,956,113,1097,237,0.8675408959388733,-1,-1,-1
257,-1,1070,410,1308,617,0.9943242073059082,-1,-1,-1
257,-1,886,188,1056,338,0.9909884333610535,-1,-1,-1
257,-1,1114,228,1279,371,0.9891487956047058,-1,-1,-1
257,-1,953,117,1096,238,0.8895169496536255,-1,-1,-1
258,-1,1071,395,1308,610,0.9935053586959839,-1,-1,-1
258,-1,881,188,1055,342,0.9910131096839905,-1,-1,-1
258,-1,1111,225,1279,367,0.9860450625419617,-1,-1,-1
258,-1,952,119,1094,243,0.8672173619270325,-1,-1,-1
259,-1,1070,385,1306,599,0.9931918978691101,-1,-1,-1
259,-1,879,195,1055,348,0.9897716641426086,-1,-1,-1
259,-1,1114,222,1276,360,0.9873056411743164,-1,-1,-1
259,-1,951,122,1094,245,0.8544579148292542,-1,-1,-1
260,-1,1072,379,1303,585,0.9939861297607422,-1,-1,-1
260,-1,879,196,1053,353,0.989981472492218,-1,-1,-1
260,-1,1115,219,1277,355,0.9872068762779236,-1,-1,-1
260,-1,951,124,1094,247,0.8872532844543457,-1,-1,-1
261,-1,1073,369,1303,575,0.9944485425949097,-1,-1,-1
261,-1,876,198,1054,355,0.990766167640686,-1,-1,-1
261,-1,1116,216,1276,350,0.9833632707595825,-1,-1,-1
261,-1,948,126,1093,249,0.8406487703323364,-1,-1,-1
262,-1,1072,363,1300,564,0.9948678016662598,-1,-1,-1
262,-1,1115,213,1273,346,0.9912000298500061,-1,-1,-1
262,-1,871,198,1050,361,0.989604115486145,-1,-1,-1
262,-1,948,127,1093,253,0.8464029431343079,-1,-1,-1
263,-1,1073,355,1299,552,0.9939925074577332,-1,-1,-1
263,-1,1114,208,1273,340,0.9911755323410034,-1,-1,-1
263,-1,870,202,1049,362,0.9884774088859558,-1,-1,-1
263,-1,944,129,1092,256,0.8700825572013855,-1,-1,-1
264,-1,1073,345,1297,543,0.9934284090995789,-1,-1,-1
264,-1,869,206,1049,369,0.9897304773330688,-1,-1,-1
264,-1,1114,204,1272,335,0.9849972724914551,-1,-1,-1
264,-1,943,130,1092,259,0.8652099967002869,-1,-1,-1
265,-1,1077,338,1297,529,0.9935731291770935,-1,-1,-1
265,-1,867,212,1047,374,0.9854132533073425,-1,-1,-1
265,-1,1116,198,1272,333,0.9828604459762573,-1,-1,-1
265,-1,944,132,1092,262,0.8883227109909058,-1,-1,-1
266,-1,1076,334,1296,521,0.9947970509529114,-1,-1,-1
266,-1,866,216,1047,379,0.9816749691963196,-1,-1,-1
266,-1,1116,195,1273,327,0.9753350615501404,-1,-1,-1
266,-1,943,135,1091,265,0.894742488861084,-1,-1,-1
267,-1,1080,326,1293,511,0.9924136996269226,-1,-1,-1
267,-1,1115,194,1272,323,0.9862690567970276,-1,-1,-1
267,-1,862,218,1046,383,0.9837416410446167,-1,-1,-1
267,-1,939,137,1090,268,0.8712735772132874,-1,-1,-1
268,-1,1080,319,1290,503,0.9924881458282471,-1,-1,-1
268,-1,1116,189,1271,318,0.9877206683158875,-1,-1,-1
268,-1,860,222,1045,388,0.9838391542434692,-1,-1,-1
268,-1,939,139,1089,270,0.8939641118049622,-1,-1,-1
269,-1,1079,313,1289,494,0.9913526177406311,-1,-1,-1
269,-1,856,227,1043,394,0.9850622415542603,-1,-1,-1
269,-1,1115,186,1272,313,0.9817643761634827,-1,-1,-1
269,-1,934,142,1089,273,0.891890287399292,-1,-1,-1
270,-1,1084,304,1287,485,0.9895015358924866,-1,-1,-1
270,-1,852,233,1044,398,0.9842862486839294,-1,-1,-1
270,-1,1117,183,1273,310,0.9775254130363464,-1,-1,-1
270,-1,936,145,1091,277,0.8767756223678589,-1,-1,-1
271,-1,1085,300,1285,478,0.9898171424865723,-1,-1,-1
271,-1,850,236,1042,403,0.980376124382019,-1,-1,-1
271,-1,1122,181,1265,306,0.9798681139945984,-1,-1,-1
271,-1,935,146,1089,283,0.8672307133674622,-1,-1,-1
272,-1,1085,293,1284,471,0.990313708782196,-1,-1,-1
272,-1,1122,178,1265,302,0.9798707962036133,-1,-1,-1
272,-1,851,237,1042,407,0.9713185429573059,-1,-1,-1
272,-1,934,148,1088,286,0.8565508127212524,-1,-1,-1
273,-1,1086,283,1279,461,0.9853066205978394,-1,-1,-1
273,-1,848,239,1038,414,0.9826428890228271,-1,-1,-1
273,-1,1120,173,1270,300,0.9721558094024658,-1,-1,-1
273,-1,930,151,1086,288,0.8588318824768066,-1,-1,-1
274,-1,1083,279,1281,453,0.9904374480247498,-1,-1,-1
274,-1,843,242,1037,420,0.9816587567329407,-1,-1,-1
274,-1,1120,171,1271,295,0.9735150933265686,-1,-1,-1
274,-1,926,153,1085,290,0.8821098804473877,-1,-1,-1
275,-1,1084,273,1280,446,0.991597592830658,-1,-1,-1
275,-1,842,250,1037,426,0.9842793941497803,-1,-1,-1
275,-1,1122,167,1268,292,0.975421130657196,-1,-1,-1
275,-1,927,156,1086,290,0.9219797849655151,-1,-1,-1
276,-1,1088,269,1278,437,0.9910197854042053,-1,-1,-1
276,-1,842,254,1041,430,0.9821621775627136,-1,-1,-1
276,-1,1127,164,1267,289,0.972502589225769,-1,-1,-1
276,-1,926,158,1085,294,0.9151789546012878,-1,-1,-1
277,-1,1089,260,1280,429,0.9907599687576294,-1,-1,-1
277,-1,841,258,1040,434,0.9833670854568481,-1,-1,-1
277,-1,1126,160,1268,286,0.9768631458282471,-1,-1,-1
277,-1,926,161,1083,297,0.9280329942703247,-1,-1,-1
278,-1,1090,255,1277,429,0.9910237789154053,-1,-1,-1
278,-1,1124,156,1270,285,0.9788661599159241,-1,-1,-1
278,-1,833,263,1037,443,0.9758082628250122,-1,-1,-1
278,-1,925,163,1080,300,0.8738312721252441,-1,-1,-1
279,-1,1089,253,1276,419,0.9909652471542358,-1,-1,-1
279,-1,831,268,1031,450,0.9819366335868835,-1,-1,-1
279,-1,1125,154,1266,279,0.9695452451705933,-1,-1,-1
279,-1,918,166,1079,304,0.9104662537574768,-1,-1,-1
280,-1,1093,246,1274,412,0.9915112853050232,-1,-1,-1
280,-1,827,274,1033,452,0.9840633869171143,-1,-1,-1
280,-1,1127,153,1267,275,0.974181056022644,-1,-1,-1
280,-1,917,168,1079,308,0.9380184412002563,-1,-1,-1
281,-1,1089,242,1277,405,0.9925493001937866,-1,-1,-1
281,-1,827,281,1035,458,0.9856078624725342,-1,-1,-1
281,-1,1128,150,1269,272,0.9756572246551514,-1,-1,-1
281,-1,918,171,1079,313,0.9446131587028503,-1,-1,-1
282,-1,1090,236,1276,399,0.9939145445823669,-1,-1,-1
282,-1,823,283,1029,467,0.9867187142372131,-1,-1,-1
282,-1,1128,148,1269,267,0.9801969528198242,-1,-1,-1
282,-1,916,174,1079,316,0.9288138151168823,-1,-1,-1
283,-1,1091,235,1273,392,0.9931136965751648,-1,-1,-1
283,-1,819,286,1026,474,0.9851626753807068,-1,-1,-1
283,-1,1128,146,1268,265,0.976722776889801,-1,-1,-1
283,-1,911,176,1079,319,0.9250952005386353,-1,-1,-1
284,-1,1093,229,1273,386,0.9938341379165649,-1,-1,-1
284,-1,809,291,1026,478,0.9900760054588318,-1,-1,-1
284,-1,1128,142,1267,260,0.9626909494400024,-1,-1,-1
284,-1,910,176,1077,322,0.9616039991378784,-1,-1,-1
285,-1,1093,224,1274,380,0.9932911396026611,-1,-1,-1
285,-1,812,296,1022,485,0.9896127581596375,-1,-1,-1
285,-1,908,177,1076,327,0.9776891469955444,-1,-1,-1
285,-1,1129,138,1266,258,0.9530739188194275,-1,-1,-1
286,-1,1096,220,1271,376,0.9930052161216736,-1,-1,-1
286,-1,811,301,1022,494,0.9893202781677246,-1,-1,-1
286,-1,910,181,1075,331,0.9651764035224915,-1,-1,-1
286,-1,1130,136,1266,255,0.9551485180854797,-1,-1,-1
287,-1,1096,215,1271,373,0.9915295839309692,-1,-1,-1
287,-1,809,306,1025,501,0.9900116324424744,-1,-1,-1
287,-1,910,184,1073,333,0.9707509875297546,-1,-1,-1
287,-1,1131,135,1266,250,0.9611097574234009,-1,-1,-1
288,-1,1099,210,1273,366,0.9919533133506775,-1,-1,-1
288,-1,805,309,1023,510,0.989926815032959,-1,-1,-1
288,-1,907,187,1075,337,0.9637867212295532,-1,-1,-1
288,-1,1132,133,1268,247,0.9566984176635742,-1,-1,-1
289,-1,1098,208,1273,359,0.9925515651702881,-1,-1,-1
289,-1,802,312,1020,515,0.9901732206344604,-1,-1,-1
289,-1,903,191,1075,341,0.9715367555618286,-1,-1,-1
289,-1,1132,131,1265,243,0.9605101943016052,-1,-1,-1
290,-1,1099,204,1269,356,0.9934391379356384,-1,-1,-1
290,-1,795,319,1017,522,0.9908111095428467,-1,-1,-1
290,-1,902,193,1073,345,0.9716463685035706,-1,-1,-1
290,-1,1133,130,1265,240,0.9659847021102905,-1,-1,-1
291,-1,1099,201,1269,348,0.9923621416091919,-1,-1,-1
291,-1,791,326,1017,529,0.9907508492469788,-1,-1,-1
291,-1,1132,130,1264,235,0.9771954417228699,-1,-1,-1
291,-1,900,194,1068,350,0.9755183458328247,-1,-1,-1
292,-1,1102,199,1268,343,0.994664192199707,-1,-1,-1
292,-1,787,330,1016,536,0.9895052313804626,-1,-1,-1
292,-1,898,198,1067,354,0.9787600636482239,-1,-1,-1
292,-1,1129,128,1266,233,0.96430903673172,-1,-1,-1
293,-1,1106,193,1267,339,0.9928919076919556,-1,-1,-1
293,-1,784,334,1014,548,0.9887102246284485,-1,-1,-1
293,-1,898,201,1073,358,0.9699100852012634,-1,-1,-1
293,-1,1136,124,1264,228,0.945924699306488,-1,-1,-1
294,-1,1104,188,1268,335,0.994428277015686,-1,-1,-1
294,-1,781,340,1011,554,0.988677442073822,-1,-1,-1
294,-1,893,202,1071,360,0.963826060295105,-1,-1,-1
294,-1,1132,120,1266,224,0.9334872961044312,-1,-1,-1
295,-1,1105,186,1265,330,0.9938324689865112,-1,-1,-1
295,-1,777,348,1008,561,0.9914650321006775,-1,-1,-1
295,-1,892,203,1066,367,0.966782808303833,-1,-1,-1
295,-1,1132,119,1264,222,0.9477812647819519,-1,-1,-1
296,-1,1102,183,1267,327,0.9937219023704529,-1,-1,-1
296,-1,771,354,1007,569,0.9912101030349731,-1,-1,-1
296,-1,890,210,1068,371,0.9710363149642944,-1,-1,-1
296,-1,1132,112,1263,220,0.9403470754623413,-1,-1,-1
297,-1,1106,178,1266,323,0.9945620894432068,-1,-1,-1
297,-1,768,359,1008,577,0.9926344752311707,-1,-1,-1
297,-1,888,213,1065,378,0.9814975261688232,-1,-1,-1
297,-1,1131,113,1263,217,0.9586649537086487,-1,-1,-1
298,-1,1107,178,1265,318,0.9943602681159973,-1,-1,-1
298,-1,765,368,1008,586,0.9922038316726685,-1,-1,-1
298,-1,886,215,1065,383,0.984067440032959,-1,-1,-1
298,-1,1133,109,1261,216,0.9513736963272095,-1,-1,-1
299,-1,1105,172,1265,314,0.9945435523986816,-1,-1,-1
299,-1,759,373,1005,595,0.9917240738868713,-1,-1,-1
299,-1,885,221,1066,384,0.9876248836517334,-1,-1,-1
299,-1,1133,108,1262,211,0.9434564113616943,-1,-1,-1
299,-1,1121,145,1260,254,0.6053781509399414,-1,-1,-1
300,-1,1105,171,1264,308,0.9960238933563232,-1,-1,-1
300,-1,755,379,1003,604,0.9921220541000366,-1,-1,-1
300,-1,885,225,1066,388,0.9857640862464905,-1,-1,-1
300,-1,1132,108,1262,204,0.9444185495376587,-1,-1,-1
301,-1,1106,166,1263,304,0.9954439401626587,-1,-1,-1
301,-1,749,388,1001,613,0.9906627535820007,-1,-1,-1
301,-1,883,229,1065,392,0.9827107787132263,-1,-1,-1
301,-1,1133,106,1260,204,0.9369478225708008,-1,-1,-1
302,-1,1106,164,1262,300,0.9955331087112427,-1,-1,-1
302,-1,745,392,999,621,0.9920443296432495,-1,-1,-1
302,-1,880,231,1064,397,0.9820350408554077,-1,-1,-1
302,-1,1132,106,1260,200,0.9193893671035767,-1,-1,-1
303,-1,1107,162,1262,298,0.9968546628952026,-1,-1,-1
303,-1,740,403,996,631,0.992107093334198,-1,-1,-1
303,-1,879,235,1065,404,0.982272744178772,-1,-1,-1
303,-1,1134,104,1261,197,0.8952183723449707,-1,-1,-1
304,-1,1109,156,1261,291,0.9959069490432739,-1,-1,-1
304,-1,736,409,993,640,0.9923736453056335,-1,-1,-1
304,-1,876,241,1064,406,0.9839628338813782,-1,-1,-1
304,-1,1134,101,1263,197,0.8949384689331055,-1,-1,-1
305,-1,1110,157,1258,285,0.9962706565856934,-1,-1,-1
305,-1,735,418,987,647,0.9914819002151489,-1,-1,-1
305,-1,873,244,1064,411,0.982455313205719,-1,-1,-1
305,-1,1135,99,1263,195,0.8980816602706909,-1,-1,-1
306,-1,1107,153,1257,285,0.9967071413993835,-1,-1,-1
306,-1,729,423,984,655,0.9921582937240601,-1,-1,-1
306,-1,870,246,1064,418,0.9836215376853943,-1,-1,-1
306,-1,1136,100,1261,190,0.7729977369308472,-1,-1,-1
307,-1,1105,150,1258,283,0.9958980679512024,-1,-1,-1
307,-1,721,431,981,664,0.9926007390022278,-1,-1,-1
307,-1,867,249,1060,423,0.9843273758888245,-1,-1,-1
307,-1,1136,99,1258,185,0.6828340888023376,-1,-1,-1
308,-1,1109,147,1256,280,0.9966220855712891,-1,-1,-1
308,-1,714,439,980,675,0.9923419952392578,-1,-1,-1
308,-1,866,255,1063,429,0.9870713353157043,-1,-1,-1
308,-1,1136,100,1257,182,0.6702905893325806,-1,-1,-1
309,-1,1111,144,1256,276,0.9960993528366089,-1,-1,-1
309,-1,708,443,981,685,0.99237459897995,-1,-1,-1
309,-1,865,259,1063,433,0.9913212656974792,-1,-1,-1
309,-1,1134,99,1255,179,0.6805239319801331,-1,-1,-1
310,-1,1113,141,1254,273,0.9956148862838745,-1,-1,-1
310,-1,701,451,973,695,0.9920607805252075,-1,-1,-1
310,-1,862,264,1059,441,0.9893011450767517,-1,-1,-1
311,-1,1109,138,1255,268,0.9948261380195618,-1,-1,-1
311,-1,696,459,969,706,0.9936224818229675,-1,-1,-1
311,-1,855,271,1055,445,0.9899420738220215,-1,-1,-1
312,-1,1110,137,1253,265,0.9951030015945435,-1,-1,-1
312,-1,688,467,965,714,0.9914353489875793,-1,-1,-1
312,-1,852,274,1052,449,0.9898353219032288,-1,-1,-1
313,-1,1112,137,1252,260,0.9943828582763672,-1,-1,-1
313,-1,679,479,966,732,0.9896830320358276,-1,-1,-1
313,-1,849,277,1053,456,0.9880566596984863,-1,-1,-1
314,-1,1111,130,1255,258,0.9948134422302246,-1,-1,-1
314,-1,681,489,953,735,0.990860104560852,-1,-1,-1
314,-1,847,283,1055,464,0.9864322543144226,-1,-1,-1
315,-1,1111,128,1254,256,0.9937025308609009,-1,-1,-1
315,-1,668,489,960,744,0.990398645401001,-1,-1,-1
315,-1,845,286,1055,471,0.9874665141105652,-1,-1,-1
316,-1,1111,125,1254,252,0.9948134422302246,-1,-1,-1
316,-1,667,499,952,756,0.9909018278121948,-1,-1,-1
316,-1,836,291,1047,476,0.9845635890960693,-1,-1,-1
317,-1,1112,123,1253,247,0.9939671754837036,-1,-1,-1
317,-1,654,508,950,773,0.991853654384613,-1,-1,-1
317,-1,837,296,1049,482,0.9858008027076721,-1,-1,-1
318,-1,1112,120,1250,245,0.9932191967964172,-1,-1,-1
318,-1,645,519,947,783,0.9901847839355469,-1,-1,-1
318,-1,834,300,1049,490,0.9796935319900513,-1,-1,-1
319,-1,643,525,939,793,0.9927058815956116,-1,-1,-1
319,-1,1112,117,1250,242,0.9919852018356323,-1,-1,-1
319,-1,829,307,1048,497,0.9838926792144775,-1,-1,-1
320,-1,1115,114,1249,239,0.9932882189750671,-1,-1,-1
320,-1,635,539,940,808,0.9925958514213562,-1,-1,-1
320,-1,826,311,1047,502,0.9736550450325012,-1,-1,-1
321,-1,1112,108,1251,238,0.9929046034812927,-1,-1,-1
321,-1,626,542,934,818,0.991626501083374,-1,-1,-1
321,-1,821,314,1046,510,0.985481321811676,-1,-1,-1
322,-1,1111,106,1250,236,0.9935227632522583,-1,-1,-1
322,-1,625,555,929,827,0.9926642775535583,-1,-1,-1
322,-1,814,322,1035,517,0.9887259602546692,-1,-1,-1
323,-1,609,566,928,845,0.9928359389305115,-1,-1,-1
323,-1,1113,107,1250,234,0.9925300478935242,-1,-1,-1
323,-1,810,325,1038,526,0.9907249808311462,-1,-1,-1
324,-1,1114,103,1250,229,0.9921886920928955,-1,-1,-1
324,-1,602,573,922,860,0.991814136505127,-1,-1,-1
324,-1,807,333,1032,533,0.9884580969810486,-1,-1,-1
325,-1,595,581,921,869,0.991978645324707,-1,-1,-1
325,-1,1113,103,1252,226,0.9918968081474304,-1,-1,-1
325,-1,804,340,1030,541,0.9885641932487488,-1,-1,-1
326,-1,1115,100,1250,219,0.9928049445152283,-1,-1,-1
326,-1,582,593,915,883,0.9912728667259216,-1,-1,-1
326,-1,800,345,1029,547,0.9859819412231445,-1,-1,-1
327,-1,576,604,912,896,0.9918950200080872,-1,-1,-1
327,-1,1115,100,1249,219,0.9912793040275574,-1,-1,-1
327,-1,793,353,1025,554,0.987377941608429,-1,-1,-1
328,-1,567,611,912,907,0.9943244457244873,-1,-1,-1
328,-1,1115,98,1247,216,0.9900380373001099,-1,-1,-1
328,-1,787,359,1021,564,0.9819539785385132,-1,-1,-1
329,-1,558,617,906,923,0.9938217401504517,-1,-1,-1
329,-1,1115,98,1248,214,0.9919936656951904,-1,-1,-1
329,-1,780,365,1016,572,0.9873588681221008,-1,-1,-1
329,-1,1015,844,1404,1080,0.8077717423439026,-1,-1,-1
330,-1,546,627,903,937,0.9937460422515869,-1,-1,-1
330,-1,1115,97,1249,213,0.9935890436172485,-1,-1,-1
330,-1,775,373,1012,582,0.9886806011199951,-1,-1,-1
330,-1,1017,810,1408,1079,0.8037357926368713,-1,-1,-1
331,-1,535,639,901,950,0.9947172999382019,-1,-1,-1
331,-1,1117,96,1248,211,0.992377758026123,-1,-1,-1
331,-1,769,375,1014,592,0.9907799363136292,-1,-1,-1
331,-1,1019,801,1403,1080,0.9798796772956848,-1,-1,-1
332,-1,1024,785,1404,1069,0.9938914775848389,-1,-1,-1
332,-1,1116,96,1246,208,0.9928919076919556,-1,-1,-1
332,-1,515,647,886,967,0.9921340942382812,-1,-1,-1
332,-1,767,385,1011,598,0.9920288920402527,-1,-1,-1
333,-1,1027,769,1402,1048,0.9946462512016296,-1,-1,-1
333,-1,511,661,879,985,0.9942183494567871,-1,-1,-1
333,-1,1115,93,1245,206,0.9932877421379089,-1,-1,-1
333,-1,759,391,1003,609,0.990882933139801,-1,-1,-1
334,-1,1025,746,1393,1024,0.9952231049537659,-1,-1,-1
334,-1,504,671,880,996,0.9945251941680908,-1,-1,-1
334,-1,1116,90,1244,203,0.9922378659248352,-1,-1,-1
334,-1,753,394,1003,616,0.9905097484588623,-1,-1,-1
335,-1,1030,724,1389,1004,0.9947236776351929,-1,-1,-1
335,-1,1115,92,1245,199,0.9931551814079285,-1,-1,-1
335,-1,748,401,999,627,0.9922657608985901,-1,-1,-1
335,-1,485,680,870,1014,0.9920021295547485,-1,-1,-1
336,-1,1037,714,1389,987,0.9950792789459229,-1,-1,-1
336,-1,1117,91,1244,197,0.9928446412086487,-1,-1,-1
336,-1,741,410,999,634,0.9918204545974731,-1,-1,-1
336,-1,476,692,855,1038,0.9899537563323975,-1,-1,-1
337,-1,1036,695,1384,963,0.9943751096725464,-1,-1,-1
337,-1,740,414,997,642,0.9917545318603516,-1,-1,-1
337,-1,459,709,856,1050,0.9901031255722046,-1,-1,-1
337,-1,1117,88,1244,194,0.9900872111320496,-1,-1,-1
338,-1,1039,685,1379,942,0.994938850402832,-1,-1,-1
338,-1,734,420,991,650,0.9911931157112122,-1,-1,-1
338,-1,1114,87,1244,193,0.9899039268493652,-1,-1,-1
338,-1,448,714,852,1060,0.9862371683120728,-1,-1,-1
339,-1,1046,674,1377,918,0.9954004883766174,-1,-1,-1
339,-1,1117,84,1244,192,0.9898724555969238,-1,-1,-1
339,-1,735,432,985,658,0.9895200729370117,-1,-1,-1
339,-1,440,724,849,1073,0.9558306932449341,-1,-1,-1
340,-1,1049,661,1375,912,0.9949443936347961,-1,-1,-1
340,-1,728,442,983,670,0.9920378923416138,-1,-1,-1
340,-1,1112,83,1242,186,0.9761344790458679,-1,-1,-1
341,-1,1051,647,1372,891,0.9947139620780945,-1,-1,-1
341,-1,720,453,982,677,0.9926421046257019,-1,-1,-1
341,-1,1117,82,1245,189,0.9875738024711609,-1,-1,-1
342,-1,1054,637,1371,875,0.9945250749588013,-1,-1,-1
342,-1,717,451,977,689,0.990729033946991,-1,-1,-1
342,-1,1118,78,1246,188,0.985040545463562,-1,-1,-1
343,-1,1071,625,1381,858,0.9953250885009766,-1,-1,-1
343,-1,704,455,973,699,0.9896863102912903,-1,-1,-1
343,-1,1119,76,1245,184,0.9849742650985718,-1,-1,-1
344,-1,1068,615,1364,844,0.9934462904930115,-1,-1,-1
344,-1,704,468,974,712,0.9932369589805603,-1,-1,-1
344,-1,1118,74,1244,183,0.9829718470573425,-1,-1,-1
345,-1,1065,600,1369,827,0.9953166246414185,-1,-1,-1
345,-1,698,476,971,720,0.9940902590751648,-1,-1,-1
345,-1,1118,72,1244,181,0.9740703105926514,-1,-1,-1
346,-1,1066,585,1362,811,0.9950236082077026,-1,-1,-1
346,-1,698,484,969,729,0.9943607449531555,-1,-1,-1
346,-1,1117,66,1246,181,0.9779664278030396,-1,-1,-1
347,-1,1074,575,1368,797,0.9949116110801697,-1,-1,-1
347,-1,688,492,971,743,0.9923186302185059,-1,-1,-1
347,-1,1119,67,1246,178,0.9780005216598511,-1,-1,-1
348,-1,1068,557,1356,781,0.9950671195983887,-1,-1,-1
348,-1,679,496,968,747,0.9925777316093445,-1,-1,-1
348,-1,1121,69,1243,175,0.979690670967102,-1,-1,-1
349,-1,1075,549,1354,766,0.9955612421035767,-1,-1,-1
349,-1,683,510,955,767,0.992213785648346,-1,-1,-1
349,-1,1119,67,1245,173,0.9748826622962952,-1,-1,-1
350,-1,1076,538,1356,751,0.9953662157058716,-1,-1,-1
350,-1,680,521,953,778,0.9931807518005371,-1,-1,-1
350,-1,1121,64,1243,171,0.9605183005332947,-1,-1,-1
351,-1,1075,525,1347,735,0.9952479004859924,-1,-1,-1
351,-1,676,532,950,785,0.9927850961685181,-1,-1,-1
351,-1,1122,62,1243,170,0.9663182497024536,-1,-1,-1
352,-1,1077,515,1347,726,0.994615375995636,-1,-1,-1
352,-1,659,537,961,797,0.9936843514442444,-1,-1,-1
352,-1,1121,61,1243,168,0.9618161916732788,-1,-1,-1
353,-1,654,545,957,815,0.9950291514396667,-1,-1,-1
353,-1,1078,508,1343,712,0.9937950372695923,-1,-1,-1
353,-1,1121,60,1245,165,0.9778687357902527,-1,-1,-1
354,-1,1075,494,1340,698,0.9942420125007629,-1,-1,-1
354,-1,655,555,954,821,0.9933886528015137,-1,-1,-1
354,-1,1122,59,1245,164,0.9783639311790466,-1,-1,-1
354,-1,1034,836,1402,1080,0.8923274278640747,-1,-1,-1
355,-1,1076,485,1336,686,0.9937637448310852,-1,-1,-1
355,-1,647,565,954,836,0.9932819604873657,-1,-1,-1
355,-1,1121,60,1245,163,0.9764330983161926,-1,-1,-1
355,-1,1035,814,1398,1078,0.8220680952072144,-1,-1,-1
356,-1,1075,473,1332,668,0.9946223497390747,-1,-1,-1
356,-1,642,574,953,850,0.9936177730560303,-1,-1,-1
356,-1,1040,795,1399,1077,0.9854497909545898,-1,-1,-1
356,-1,1121,61,1244,160,0.9756432771682739,-1,-1,-1
357,-1,1077,464,1325,657,0.9950013756752014,-1,-1,-1
357,-1,630,585,951,860,0.9908299446105957,-1,-1,-1
357,-1,1039,780,1395,1058,0.9902653098106384,-1,-1,-1
357,-1,1123,63,1242,159,0.9662588238716125,-1,-1,-1
357,-1,1033,43,1137,129,0.6277851462364197,-1,-1,-1
358,-1,1072,455,1325,643,0.9947214126586914,-1,-1,-1
358,-1,1048,763,1398,1044,0.9926449060440063,-1,-1,-1
358,-1,621,594,945,872,0.9905281066894531,-1,-1,-1
358,-1,1121,61,1246,158,0.9769949913024902,-1,-1,-1
358,-1,1034,41,1139,129,0.7872232794761658,-1,-1,-1
359,-1,1073,448,1320,631,0.995051920413971,-1,-1,-1
359,-1,615,604,949,884,0.9941946864128113,-1,-1,-1
359,-1,1056,746,1399,1013,0.9933027029037476,-1,-1,-1
359,-1,1122,61,1248,158,0.9771150350570679,-1,-1,-1
359,-1,1033,41,1137,130,0.8054463863372803,-1,-1,-1
360,-1,1056,722,1393,1005,0.9933520555496216,-1,-1,-1
360,-1,602,606,940,903,0.9927310347557068,-1,-1,-1
360,-1,1075,435,1318,621,0.9926195740699768,-1,-1,-1
360,-1,1122,57,1248,157,0.9731994867324829,-1,-1,-1
360,-1,1030,43,1134,132,0.9264528155326843,-1,-1,-1
361,-1,1058,713,1390,981,0.9941210150718689,-1,-1,-1
361,-1,1079,425,1314,609,0.9926942586898804,-1,-1,-1
361,-1,600,614,936,916,0.9919689297676086,-1,-1,-1
361,-1,1029,42,1132,134,0.9265191555023193,-1,-1,-1
361,-1,1125,51,1251,156,0.9064260721206665,-1,-1,-1
362,-1,1072,418,1312,598,0.9943774342536926,-1,-1,-1
362,-1,593,630,935,928,0.994206428527832,-1,-1,-1
362,-1,1064,700,1389,966,0.9930196404457092,-1,-1,-1
362,-1,1027,43,1133,134,0.9296184182167053,-1,-1,-1
362,-1,1126,50,1253,154,0.7959474325180054,-1,-1,-1
363,-1,1066,684,1384,944,0.9948141574859619,-1,-1,-1
363,-1,586,635,937,943,0.9942845702171326,-1,-1,-1
363,-1,1072,410,1308,585,0.9939828515052795,-1,-1,-1
363,-1,1027,43,1134,136,0.9497342109680176,-1,-1,-1
363,-1,1126,50,1249,153,0.915494441986084,-1,-1,-1
364,-1,572,646,931,959,0.9949585795402527,-1,-1,-1
364,-1,1067,675,1381,926,0.9939855933189392,-1,-1,-1
364,-1,1080,399,1303,575,0.9934805631637573,-1,-1,-1
364,-1,1026,43,1135,137,0.9615947008132935,-1,-1,-1
364,-1,1126,49,1251,151,0.9614270925521851,-1,-1,-1
365,-1,567,663,928,974,0.993740975856781,-1,-1,-1
365,-1,1069,663,1378,919,0.9930939674377441,-1,-1,-1
365,-1,1077,392,1304,565,0.9922670722007751,-1,-1,-1
365,-1,1127,51,1248,151,0.9371928572654724,-1,-1,-1
365,-1,1025,46,1135,137,0.936089813709259,-1,-1,-1
366,-1,559,674,927,993,0.9945759773254395,-1,-1,-1
366,-1,1073,647,1374,897,0.9936343431472778,-1,-1,-1
366,-1,1080,381,1299,556,0.9904616475105286,-1,-1,-1
366,-1,1022,46,1134,135,0.9463706016540527,-1,-1,-1
366,-1,1128,53,1245,149,0.9083263278007507,-1,-1,-1
367,-1,554,681,929,1004,0.9939916729927063,-1,-1,-1
367,-1,1074,635,1373,878,0.9939032196998596,-1,-1,-1
367,-1,1080,374,1299,544,0.9923518300056458,-1,-1,-1
367,-1,1020,48,1132,139,0.9062227606773376,-1,-1,-1
367,-1,1128,52,1247,148,0.9019126892089844,-1,-1,-1
368,-1,1078,628,1372,867,0.9932188391685486,-1,-1,-1
368,-1,540,694,920,1021,0.9919909834861755,-1,-1,-1
368,-1,1083,366,1300,530,0.9917470216751099,-1,-1,-1
368,-1,1017,50,1132,139,0.9463640451431274,-1,-1,-1
368,-1,1130,50,1245,148,0.8912094831466675,-1,-1,-1
369,-1,1085,357,1295,521,0.9934890270233154,-1,-1,-1
369,-1,1072,616,1364,850,0.9926972985267639,-1,-1,-1
369,-1,531,705,912,1040,0.9917884469032288,-1,-1,-1
369,-1,1020,51,1132,140,0.9603651165962219,-1,-1,-1
369,-1,1130,48,1250,144,0.9244760870933533,-1,-1,-1
370,-1,1082,347,1297,512,0.9931897521018982,-1,-1,-1
370,-1,1082,602,1365,834,0.992263913154602,-1,-1,-1
370,-1,523,720,910,1055,0.9901795387268066,-1,-1,-1
370,-1,1021,51,1129,140,0.9696053862571716,-1,-1,-1
370,-1,1131,51,1248,142,0.9300785064697266,-1,-1,-1
371,-1,1085,341,1294,503,0.992794930934906,-1,-1,-1
371,-1,1074,592,1355,823,0.9921029210090637,-1,-1,-1
371,-1,506,725,904,1074,0.9792098999023438,-1,-1,-1
371,-1,1019,53,1128,141,0.943638265132904,-1,-1,-1
371,-1,1132,47,1245,143,0.8413270711898804,-1,-1,-1
372,-1,1074,584,1352,807,0.9936268329620361,-1,-1,-1
372,-1,1086,333,1292,495,0.9929100871086121,-1,-1,-1
372,-1,1016,56,1128,142,0.8991157412528992,-1,-1,-1
372,-1,504,744,896,1077,0.8684377074241638,-1,-1,-1
372,-1,1132,46,1244,143,0.6654475331306458,-1,-1,-1
373,-1,1086,327,1292,486,0.992682158946991,-1,-1,-1
373,-1,1077,569,1348,792,0.9924060702323914,-1,-1,-1
373,-1,1015,57,1131,143,0.8801901340484619,-1,-1,-1
373,-1,1133,46,1244,142,0.7690263390541077,-1,-1,-1
374,-1,1078,558,1345,777,0.9937925934791565,-1,-1,-1
374,-1,1089,315,1289,480,0.9908514618873596,-1,-1,-1
374,-1,1015,58,1131,144,0.8780517578125,-1,-1,-1
374,-1,1134,45,1244,142,0.7590894103050232,-1,-1,-1
375,-1,1091,310,1286,471,0.9933266639709473,-1,-1,-1
375,-1,1078,549,1344,762,0.9932367205619812,-1,-1,-1
375,-1,1015,57,1133,146,0.9291044473648071,-1,-1,-1
375,-1,1134,45,1245,142,0.7147819399833679,-1,-1,-1
376,-1,1076,541,1340,752,0.993071973323822,-1,-1,-1
376,-1,1092,306,1288,463,0.991134762763977,-1,-1,-1
376,-1,1014,57,1129,149,0.9426953196525574,-1,-1,-1
376,-1,1135,44,1244,141,0.7666954398155212,-1,-1,-1
377,-1,1075,527,1335,739,0.9912851452827454,-1,-1,-1
377,-1,1094,297,1286,456,0.9891949892044067,-1,-1,-1
377,-1,1013,58,1128,149,0.8817922472953796,-1,-1,-1
377,-1,1134,42,1243,140,0.6469321846961975,-1,-1,-1
378,-1,1075,517,1331,727,0.9924710988998413,-1,-1,-1
378,-1,1094,291,1285,445,0.9918571710586548,-1,-1,-1
378,-1,1008,59,1126,149,0.867260217666626,-1,-1,-1
378,-1,1134,41,1245,139,0.6744680404663086,-1,-1,-1
379,-1,1099,284,1283,436,0.9930135607719421,-1,-1,-1
379,-1,1074,508,1329,715,0.9926531314849854,-1,-1,-1
379,-1,1011,59,1125,152,0.9323848485946655,-1,-1,-1
379,-1,1133,42,1249,137,0.7062462568283081,-1,-1,-1
380,-1,1098,279,1285,432,0.9930052161216736,-1,-1,-1
380,-1,1072,500,1324,702,0.9915887713432312,-1,-1,-1
380,-1,1008,59,1125,153,0.958524227142334,-1,-1,-1
380,-1,1135,40,1248,138,0.681355893611908,-1,-1,-1
381,-1,1098,273,1284,423,0.9935564398765564,-1,-1,-1
381,-1,1071,491,1318,688,0.9890984296798706,-1,-1,-1
381,-1,1007,60,1124,155,0.9677146077156067,-1,-1,-1
381,-1,1136,40,1248,137,0.6207776665687561,-1,-1,-1
382,-1,1102,265,1283,415,0.9935182929039001,-1,-1,-1
382,-1,1070,481,1318,674,0.9929252862930298,-1,-1,-1
382,-1,1007,59,1119,155,0.9795134663581848,-1,-1,-1
383,-1,1102,261,1286,407,0.9919984936714172,-1,-1,-1
383,-1,1069,473,1316,662,0.9915943741798401,-1,-1,-1
383,-1,1005,61,1120,155,0.9835982918739319,-1,-1,-1
384,-1,1102,255,1286,402,0.9923262596130371,-1,-1,-1
384,-1,1074,462,1307,653,0.9905564785003662,-1,-1,-1
384,-1,1003,61,1121,158,0.9868367910385132,-1,-1,-1
385,-1,1104,252,1287,396,0.994090735912323,-1,-1,-1
385,-1,1071,456,1307,640,0.9921323657035828,-1,-1,-1
385,-1,998,63,1121,160,0.9899762272834778,-1,-1,-1
386,-1,1107,246,1288,388,0.9950108528137207,-1,-1,-1
386,-1,1070,447,1305,630,0.9929594993591309,-1,-1,-1
386,-1,999,62,1121,160,0.9891218543052673,-1,-1,-1
387,-1,1109,241,1287,382,0.9942092895507812,-1,-1,-1
387,-1,1074,436,1303,618,0.9936151504516602,-1,-1,-1
387,-1,997,62,1119,163,0.9846722483634949,-1,-1,-1
388,-1,1110,236,1287,376,0.9945213794708252,-1,-1,-1
388,-1,1073,429,1300,608,0.9925575256347656,-1,-1,-1
388,-1,995,64,1116,164,0.9874831438064575,-1,-1,-1
389,-1,1078,420,1300,597,0.9926517605781555,-1,-1,-1
389,-1,1109,229,1285,371,0.9921514987945557,-1,-1,-1
389,-1,994,64,1114,165,0.9857277274131775,-1,-1,-1
390,-1,1074,411,1297,588,0.9937829375267029,-1,-1,-1
390,-1,1113,226,1286,364,0.9927970767021179,-1,-1,-1
390,-1,991,68,1115,163,0.986602783203125,-1,-1,-1
391,-1,1077,399,1291,581,0.9909321069717407,-1,-1,-1
391,-1,1114,222,1285,360,0.9898300766944885,-1,-1,-1
391,-1,992,69,1114,166,0.9894201755523682,-1,-1,-1
392,-1,1081,394,1298,569,0.9933235049247742,-1,-1,-1
392,-1,1115,220,1283,353,0.9916114211082458,-1,-1,-1
392,-1,990,71,1112,166,0.987834095954895,-1,-1,-1
393,-1,1115,216,1281,347,0.9922834038734436,-1,-1,-1
393,-1,1077,385,1290,561,0.9916125535964966,-1,-1,-1
393,-1,990,71,1111,167,0.9830756187438965,-1,-1,-1
394,-1,1081,378,1295,547,0.9930961728096008,-1,-1,-1
394,-1,1112,212,1279,341,0.9907541275024414,-1,-1,-1
394,-1,988,73,1111,168,0.982666015625,-1,-1,-1
395,-1,1080,369,1286,541,0.9930846691131592,-1,-1,-1
395,-1,1108,208,1277,338,0.988781750202179,-1,-1,-1
395,-1,987,73,1111,169,0.9798208475112915,-1,-1,-1
396,-1,1081,362,1283,529,0.9926722049713135,-1,-1,-1
396,-1,1111,204,1274,334,0.9884293079376221,-1,-1,-1
396,-1,984,74,1109,174,0.9775771498680115,-1,-1,-1
397,-1,1083,354,1284,521,0.9917328357696533,-1,-1,-1
397,-1,1109,199,1271,326,0.9837327599525452,-1,-1,-1
397,-1,984,76,1108,176,0.9757904410362244,-1,-1,-1
398,-1,1084,345,1285,512,0.9918408393859863,-1,-1,-1
398,-1,1108,194,1272,322,0.9886029958724976,-1,-1,-1
398,-1,983,76,1107,176,0.9716172218322754,-1,-1,-1
398,-1,1131,26,1255,127,0.6045040488243103,-1,-1,-1
399,-1,1084,337,1283,504,0.9933264255523682,-1,-1,-1
399,-1,1106,190,1271,316,0.9894028902053833,-1,-1,-1
399,-1,981,79,1108,180,0.9775615334510803,-1,-1,-1
399,-1,1131,26,1258,125,0.6187683939933777,-1,-1,-1
400,-1,1085,333,1279,495,0.9925324320793152,-1,-1,-1
400,-1,1106,185,1271,313,0.9885764718055725,-1,-1,-1
400,-1,979,83,1108,182,0.9803420901298523,-1,-1,-1
401,-1,1085,329,1279,487,0.991044282913208,-1,-1,-1
401,-1,1109,181,1268,309,0.9878508448600769,-1,-1,-1
401,-1,980,84,1108,183,0.9851573705673218,-1,-1,-1
402,-1,1111,181,1267,304,0.9912654757499695,-1,-1,-1
402,-1,1087,322,1279,479,0.9912443161010742,-1,-1,-1
402,-1,980,85,1107,183,0.9821422100067139,-1,-1,-1
403,-1,1088,311,1276,474,0.9900485277175903,-1,-1,-1
403,-1,1110,177,1267,301,0.9893761873245239,-1,-1,-1
403,-1,979,86,1107,186,0.9867132902145386,-1,-1,-1
404,-1,1108,172,1266,293,0.9932253956794739,-1,-1,-1
404,-1,1089,306,1275,466,0.9889140725135803,-1,-1,-1
404,-1,977,87,1106,189,0.9859495759010315,-1,-1,-1
405,-1,1087,304,1277,455,0.9925486445426941,-1,-1,-1
405,-1,1109,170,1266,290,0.9914210438728333,-1,-1,-1
405,-1,975,86,1104,190,0.9877217411994934,-1,-1,-1
406,-1,1094,298,1275,448,0.9922518134117126,-1,-1,-1
406,-1,974,88,1104,192,0.989891767501831,-1,-1,-1
406,-1,1113,164,1269,287,0.9881574511528015,-1,-1,-1
407,-1,1093,289,1276,443,0.9924631118774414,-1,-1,-1
407,-1,973,89,1105,193,0.9893977642059326,-1,-1,-1
407,-1,1113,161,1269,283,0.9815189838409424,-1,-1,-1
407,-1,1130,26,1261,122,0.6291061043739319,-1,-1,-1
408,-1,1092,285,1274,435,0.9918870329856873,-1,-1,-1
408,-1,970,90,1104,197,0.9912397265434265,-1,-1,-1
408,-1,1116,158,1270,281,0.9803506731987,-1,-1,-1
409,-1,970,92,1102,199,0.9921648502349854,-1,-1,-1
409,-1,1092,283,1275,427,0.9914668798446655,-1,-1,-1
409,-1,1116,155,1270,276,0.9766128063201904,-1,-1,-1
410,-1,969,93,1102,201,0.9923266172409058,-1,-1,-1
410,-1,1096,277,1274,420,0.991293728351593,-1,-1,-1
410,-1,1120,153,1270,270,0.9860354661941528,-1,-1,-1
411,-1,1094,271,1273,416,0.9910365343093872,-1,-1,-1
411,-1,1120,151,1272,266,0.9895421266555786,-1,-1,-1
411,-1,969,96,1102,203,0.9886047840118408,-1,-1,-1
412,-1,1094,265,1271,408,0.9929446578025818,-1,-1,-1
412,-1,1122,149,1273,265,0.9897301197052002,-1,-1,-1
412,-1,969,99,1101,205,0.9867108464241028,-1,-1,-1
413,-1,1096,262,1269,403,0.9942329525947571,-1,-1,-1
413,-1,1123,145,1277,261,0.9880207180976868,-1,-1,-1
413,-1,966,99,1103,208,0.9865135550498962,-1,-1,-1
414,-1,1096,257,1269,395,0.9940789937973022,-1,-1,-1
414,-1,966,101,1101,209,0.9861489534378052,-1,-1,-1
414,-1,1126,141,1277,259,0.9823238849639893,-1,-1,-1
415,-1,1096,252,1268,391,0.994102418422699,-1,-1,-1
415,-1,963,102,1095,211,0.9861444234848022,-1,-1,-1
415,-1,1127,137,1278,256,0.98356032371521,-1,-1,-1
416,-1,1095,246,1265,385,0.9926039576530457,-1,-1,-1
416,-1,964,103,1097,214,0.9876084327697754,-1,-1,-1
416,-1,1127,136,1274,251,0.9841771125793457,-1,-1,-1
417,-1,1096,242,1264,380,0.99073725938797,-1,-1,-1
417,-1,961,106,1096,216,0.9879962801933289,-1,-1,-1
417,-1,1129,133,1273,247,0.9806705713272095,-1,-1,-1
418,-1,1098,236,1265,375,0.991098940372467,-1,-1,-1
418,-1,961,106,1096,218,0.9867146611213684,-1,-1,-1
418,-1,1130,132,1279,245,0.979712963104248,-1,-1,-1
419,-1,1096,233,1264,372,0.992321789264679,-1,-1,-1
419,-1,962,107,1096,220,0.9884288907051086,-1,-1,-1
419,-1,1131,130,1278,243,0.9833902716636658,-1,-1,-1
420,-1,1098,230,1260,366,0.9914786219596863,-1,-1,-1
420,-1,960,107,1092,223,0.9906831979751587,-1,-1,-1
420,-1,1131,127,1277,240,0.9811551570892334,-1,-1,-1
421,-1,958,110,1091,226,0.9913819432258606,-1,-1,-1
421,-1,1095,221,1258,360,0.9893962740898132,-1,-1,-1
421,-1,1133,124,1277,239,0.9728338122367859,-1,-1,-1
422,-1,1101,219,1259,355,0.9915368556976318,-1,-1,-1
422,-1,956,111,1092,228,0.9907721281051636,-1,-1,-1
422,-1,1134,119,1277,239,0.9632105231285095,-1,-1,-1
423,-1,1103,216,1260,350,0.9904194474220276,-1,-1,-1
423,-1,956,112,1092,230,0.9881316423416138,-1,-1,-1
423,-1,1133,117,1274,232,0.9509245157241821,-1,-1,-1
424,-1,1101,213,1258,345,0.9928258657455444,-1,-1,-1
424,-1,952,114,1089,233,0.9901646971702576,-1,-1,-1
424,-1,1131,116,1273,226,0.9640524387359619,-1,-1,-1
425,-1,1101,208,1258,340,0.9925054907798767,-1,-1,-1
425,-1,950,118,1088,236,0.9923198819160461,-1,-1,-1
425,-1,1133,115,1275,222,0.9580504298210144,-1,-1,-1
426,-1,950,120,1089,237,0.9922084212303162,-1,-1,-1
426,-1,1102,205,1260,335,0.9918443560600281,-1,-1,-1
426,-1,1131,112,1272,218,0.9729936122894287,-1,-1,-1
427,-1,949,120,1088,241,0.9937973022460938,-1,-1,-1
427,-1,1104,203,1261,330,0.992310643196106,-1,-1,-1
427,-1,1131,110,1272,218,0.9547068476676941,-1,-1,-1
428,-1,946,125,1087,244,0.9958162903785706,-1,-1,-1
428,-1,1105,198,1262,328,0.9878842234611511,-1,-1,-1
428,-1,1130,109,1271,217,0.9369792938232422,-1,-1,-1
429,-1,945,127,1086,247,0.994146466255188,-1,-1,-1
429,-1,1108,194,1265,324,0.9889292120933533,-1,-1,-1
429,-1,1130,107,1270,218,0.9542843699455261,-1,-1,-1
430,-1,943,128,1085,248,0.9937855005264282,-1,-1,-1
430,-1,1111,185,1265,319,0.9897454380989075,-1,-1,-1
430,-1,1130,105,1269,213,0.9480243921279907,-1,-1,-1
431,-1,944,131,1083,250,0.9963118433952332,-1,-1,-1
431,-1,1113,187,1266,313,0.9935103058815002,-1,-1,-1
431,-1,1132,101,1268,213,0.9481663703918457,-1,-1,-1
432,-1,943,132,1082,254,0.9953052997589111,-1,-1,-1
432,-1,1115,183,1267,309,0.9922744631767273,-1,-1,-1
432,-1,1131,101,1265,209,0.9502203464508057,-1,-1,-1
433,-1,941,135,1082,257,0.9949325919151306,-1,-1,-1
433,-1,1118,181,1268,308,0.9932430386543274,-1,-1,-1
433,-1,1130,99,1266,206,0.9331954717636108,-1,-1,-1
434,-1,1122,181,1272,303,0.9934005737304688,-1,-1,-1
434,-1,941,137,1081,261,0.9927358627319336,-1,-1,-1
434,-1,1129,99,1267,203,0.938772976398468,-1,-1,-1
435,-1,1124,177,1273,298,0.9921464323997498,-1,-1,-1
435,-1,940,139,1080,263,0.9917799830436707,-1,-1,-1
435,-1,1129,94,1268,202,0.9415230751037598,-1,-1,-1
436,-1,937,142,1080,267,0.9917572140693665,-1,-1,-1
436,-1,1124,174,1273,293,0.9917045831680298,-1,-1,-1
436,-1,1128,94,1266,200,0.9383947253227234,-1,-1,-1
436,-1,1005,64,1124,150,0.7307850122451782,-1,-1,-1
437,-1,1126,169,1275,289,0.991615355014801,-1,-1,-1
437,-1,936,146,1079,272,0.9909048676490784,-1,-1,-1
437,-1,1127,97,1265,193,0.9643201231956482,-1,-1,-1
437,-1,1003,63,1124,152,0.873173177242279,-1,-1,-1
438,-1,1126,165,1275,285,0.9932552576065063,-1,-1,-1
438,-1,934,148,1081,274,0.9916536211967468,-1,-1,-1
438,-1,1128,94,1265,196,0.9438513517379761,-1,-1,-1
438,-1,1001,62,1124,154,0.894598126411438,-1,-1,-1
439,-1,1129,161,1277,283,0.9924649000167847,-1,-1,-1
439,-1,935,151,1082,279,0.990058958530426,-1,-1,-1
439,-1,1130,94,1267,193,0.9407347440719604,-1,-1,-1
439,-1,1004,63,1124,154,0.8918824791908264,-1,-1,-1
440,-1,933,152,1079,282,0.9917696714401245,-1,-1,-1
440,-1,1131,156,1274,279,0.9916700124740601,-1,-1,-1
440,-1,1128,92,1261,191,0.9484768509864807,-1,-1,-1
440,-1,1002,64,1124,156,0.8901441693305969,-1,-1,-1
440,-1,1130,123,1267,232,0.6774284839630127,-1,-1,-1
441,-1,1131,156,1276,275,0.9922101497650146,-1,-1,-1
441,-1,932,155,1076,284,0.9903145432472229,-1,-1,-1
441,-1,1128,92,1261,188,0.9391778707504272,-1,-1,-1
441,-1,1003,63,1121,158,0.9197399020195007,-1,-1,-1
441,-1,1130,123,1267,228,0.6468439102172852,-1,-1,-1
442,-1,1134,154,1275,272,0.9930150508880615,-1,-1,-1
442,-1,929,158,1076,290,0.9905553460121155,-1,-1,-1
442,-1,999,63,1120,160,0.9302710890769958,-1,-1,-1
442,-1,1126,91,1259,182,0.9216175675392151,-1,-1,-1
443,-1,1134,152,1274,267,0.9933496117591858,-1,-1,-1
443,-1,931,161,1075,290,0.9918225407600403,-1,-1,-1
443,-1,997,66,1121,162,0.9184454679489136,-1,-1,-1
443,-1,1125,89,1259,178,0.9122210741043091,-1,-1,-1
444,-1,927,165,1074,294,0.9933967590332031,-1,-1,-1
444,-1,1133,149,1273,262,0.9925340414047241,-1,-1,-1
444,-1,1129,89,1260,174,0.9365109801292419,-1,-1,-1
444,-1,997,67,1121,164,0.9239699840545654,-1,-1,-1
445,-1,926,168,1076,298,0.9939244389533997,-1,-1,-1
445,-1,1135,146,1273,259,0.9929097294807434,-1,-1,-1
445,-1,1130,84,1258,176,0.9383769035339355,-1,-1,-1
445,-1,996,70,1118,166,0.935502290725708,-1,-1,-1
446,-1,1136,142,1273,257,0.995165228843689,-1,-1,-1
446,-1,924,171,1075,301,0.9936550855636597,-1,-1,-1
446,-1,995,70,1119,167,0.9179103970527649,-1,-1,-1
446,-1,1131,84,1259,172,0.9142048358917236,-1,-1,-1
447,-1,1133,140,1273,252,0.9945947527885437,-1,-1,-1
447,-1,921,174,1074,305,0.9931888580322266,-1,-1,-1
447,-1,1130,81,1257,170,0.9439319372177124,-1,-1,-1
447,-1,995,74,1116,166,0.8887473344802856,-1,-1,-1
448,-1,921,176,1072,308,0.9940788745880127,-1,-1,-1
448,-1,1133,138,1272,250,0.9934459328651428,-1,-1,-1
448,-1,1130,81,1256,169,0.9389657974243164,-1,-1,-1
448,-1,993,76,1114,169,0.8547916412353516,-1,-1,-1
449,-1,919,179,1071,311,0.9931121468544006,-1,-1,-1
449,-1,1131,137,1269,247,0.9929310083389282,-1,-1,-1
449,-1,1130,78,1255,169,0.9499995112419128,-1,-1,-1
449,-1,992,76,1117,170,0.8960981965065002,-1,-1,-1
450,-1,917,182,1073,316,0.9941089153289795,-1,-1,-1
450,-1,1132,134,1270,244,0.9931580424308777,-1,-1,-1
450,-1,1131,82,1254,164,0.9452614188194275,-1,-1,-1
450,-1,992,78,1117,172,0.9104230403900146,-1,-1,-1
451,-1,919,184,1070,319,0.9941893815994263,-1,-1,-1
451,-1,1131,133,1267,240,0.9920790791511536,-1,-1,-1
451,-1,1131,81,1258,165,0.9467487931251526,-1,-1,-1
451,-1,991,81,1115,174,0.8802672624588013,-1,-1,-1
452,-1,1130,133,1267,237,0.9920594692230225,-1,-1,-1
452,-1,913,189,1073,321,0.9915731549263,-1,-1,-1
452,-1,1131,78,1256,164,0.9040318131446838,-1,-1,-1
452,-1,990,84,1115,177,0.8975913524627686,-1,-1,-1
452,-1,1131,110,1257,198,0.809892475605011,-1,-1,-1
453,-1,910,192,1071,327,0.9926108717918396,-1,-1,-1
453,-1,1129,130,1266,234,0.9899893999099731,-1,-1,-1
453,-1,989,89,1114,179,0.9095895886421204,-1,-1,-1
453,-1,1133,73,1251,161,0.892533004283905,-1,-1,-1
454,-1,1130,126,1266,232,0.9939287900924683,-1,-1,-1
454,-1,913,197,1068,333,0.9926579594612122,-1,-1,-1
454,-1,989,91,1116,182,0.8857039213180542,-1,-1,-1
454,-1,1130,74,1254,157,0.8856390118598938,-1,-1,-1
455,-1,1131,122,1266,229,0.9950217008590698,-1,-1,-1
455,-1,912,199,1069,336,0.9927862286567688,-1,-1,-1
455,-1,988,91,1118,185,0.9262447953224182,-1,-1,-1
455,-1,1131,71,1259,155,0.7721637487411499,-1,-1,-1
456,-1,1131,120,1264,226,0.9951194524765015,-1,-1,-1
456,-1,909,202,1068,340,0.9929999113082886,-1,-1,-1
456,-1,988,92,1116,187,0.9546334147453308,-1,-1,-1
456,-1,1130,71,1256,154,0.7212569117546082,-1,-1,-1
457,-1,907,204,1066,345,0.9931928515434265,-1,-1,-1
457,-1,1130,118,1261,221,0.9927379488945007,-1,-1,-1
457,-1,983,92,1115,189,0.9651997685432434,-1,-1,-1
457,-1,1130,71,1254,151,0.6425830125808716,-1,-1,-1
458,-1,1128,114,1262,219,0.9941755533218384,-1,-1,-1
458,-1,906,207,1066,350,0.9933823347091675,-1,-1,-1
458,-1,981,93,1113,190,0.9535177946090698,-1,-1,-1
458,-1,1131,69,1252,148,0.7921391129493713,-1,-1,-1
459,-1,1128,112,1262,216,0.9954928159713745,-1,-1,-1
459,-1,905,212,1065,354,0.9905497431755066,-1,-1,-1
459,-1,983,94,1112,192,0.9731929302215576,-1,-1,-1
459,-1,1131,72,1252,153,0.8183058500289917,-1,-1,-1
460,-1,1129,111,1260,213,0.9932258725166321,-1,-1,-1
460,-1,901,215,1065,357,0.990900993347168,-1,-1,-1
460,-1,980,95,1111,195,0.9855684638023376,-1,-1,-1
460,-1,1130,65,1253,146,0.7129972577095032,-1,-1,-1
461,-1,1127,110,1260,208,0.9926226139068604,-1,-1,-1
461,-1,900,222,1063,363,0.9895892143249512,-1,-1,-1
461,-1,978,96,1111,199,0.9859578013420105,-1,-1,-1
461,-1,1131,85,1251,165,0.7317320108413696,-1,-1,-1
462,-1,1130,106,1260,209,0.9928688406944275,-1,-1,-1
462,-1,899,222,1063,367,0.9914869070053101,-1,-1,-1
462,-1,976,96,1111,200,0.986979603767395,-1,-1,-1
463,-1,1130,105,1261,206,0.9942792654037476,-1,-1,-1
463,-1,897,225,1062,375,0.9918361306190491,-1,-1,-1
463,-1,977,99,1111,201,0.9893345236778259,-1,-1,-1
464,-1,1130,103,1259,203,0.9949414134025574,-1,-1,-1
464,-1,892,230,1062,381,0.9893651008605957,-1,-1,-1
464,-1,974,101,1110,204,0.9889944195747375,-1,-1,-1
465,-1,1133,101,1259,202,0.9952172040939331,-1,-1,-1
465,-1,973,103,1108,206,0.9887648820877075,-1,-1,-1
465,-1,890,235,1060,386,0.9883367419242859,-1,-1,-1
466,-1,1134,98,1259,201,0.9946168065071106,-1,-1,-1
466,-1,971,104,1108,209,0.9906875491142273,-1,-1,-1
466,-1,888,241,1061,390,0.9896530508995056,-1,-1,-1
467,-1,1134,97,1256,197,0.9932767748832703,-1,-1,-1
467,-1,887,245,1061,394,0.9913002848625183,-1,-1,-1
467,-1,969,106,1108,211,0.9906671643257141,-1,-1,-1
468,-1,1134,97,1255,195,0.9938932657241821,-1,-1,-1
468,-1,884,249,1057,399,0.9915797710418701,-1,-1,-1
468,-1,968,106,1106,214,0.9883745908737183,-1,-1,-1
469,-1,1134,97,1254,192,0.9929163455963135,-1,-1,-1
469,-1,882,252,1058,403,0.9898009896278381,-1,-1,-1
469,-1,967,107,1107,219,0.9853143692016602,-1,-1,-1
470,-1,1133,95,1255,189,0.993002712726593,-1,-1,-1
470,-1,875,257,1055,411,0.9885342717170715,-1,-1,-1
470,-1,967,107,1105,222,0.9859601259231567,-1,-1,-1
471,-1,964,111,1105,225,0.9944421648979187,-1,-1,-1
471,-1,1134,95,1256,188,0.9922640323638916,-1,-1,-1
471,-1,876,262,1053,416,0.9901713728904724,-1,-1,-1
472,-1,872,266,1048,425,0.9923457503318787,-1,-1,-1
472,-1,964,114,1104,228,0.9884020686149597,-1,-1,-1
472,-1,1134,93,1252,186,0.9877161383628845,-1,-1,-1
473,-1,869,270,1050,431,0.9907419085502625,-1,-1,-1
473,-1,960,117,1103,230,0.987163245677948,-1,-1,-1
473,-1,1132,94,1253,182,0.9828765988349915,-1,-1,-1
474,-1,865,276,1049,435,0.9910577535629272,-1,-1,-1
474,-1,960,120,1103,235,0.9902964234352112,-1,-1,-1
474,-1,1131,90,1250,180,0.9839540719985962,-1,-1,-1
475,-1,958,121,1100,238,0.991658627986908,-1,-1,-1
475,-1,864,280,1049,442,0.9869709014892578,-1,-1,-1
475,-1,1132,84,1248,179,0.9834188222885132,-1,-1,-1
476,-1,958,125,1098,240,0.9921683669090271,-1,-1,-1
476,-1,862,286,1049,447,0.9912368059158325,-1,-1,-1
476,-1,1131,81,1249,175,0.9848137497901917,-1,-1,-1
477,-1,955,127,1095,242,0.994321346282959,-1,-1,-1
477,-1,857,292,1045,453,0.9912838935852051,-1,-1,-1
477,-1,1130,80,1248,173,0.9781328439712524,-1,-1,-1
478,-1,954,129,1095,244,0.9935625791549683,-1,-1,-1
478,-1,855,296,1044,458,0.991382896900177,-1,-1,-1
478,-1,1131,79,1246,172,0.983130693435669,-1,-1,-1
479,-1,950,130,1095,250,0.9925053119659424,-1,-1,-1
479,-1,848,301,1040,468,0.9901061654090881,-1,-1,-1
479,-1,1129,79,1247,173,0.9843363761901855,-1,-1,-1
480,-1,949,133,1095,253,0.9936714172363281,-1,-1,-1
480,-1,845,304,1037,475,0.9895288348197937,-1,-1,-1
480,-1,1129,77,1243,169,0.9769986271858215,-1,-1,-1
481,-1,945,136,1092,257,0.9937137961387634,-1,-1,-1
481,-1,846,314,1039,481,0.9908446669578552,-1,-1,-1
481,-1,1129,74,1244,168,0.9620437622070312,-1,-1,-1
482,-1,946,138,1092,261,0.992895781993866,-1,-1,-1
482,-1,842,318,1036,489,0.9898056983947754,-1,-1,-1
482,-1,1130,74,1243,166,0.9481070041656494,-1,-1,-1
483,-1,944,141,1091,263,0.9937538504600525,-1,-1,-1
483,-1,838,323,1033,495,0.990532398223877,-1,-1,-1
483,-1,1129,68,1245,165,0.9203191995620728,-1,-1,-1
484,-1,941,147,1089,267,0.9952952265739441,-1,-1,-1
484,-1,833,332,1031,504,0.989183783531189,-1,-1,-1
484,-1,1128,68,1245,165,0.9428045153617859,-1,-1,-1
485,-1,938,150,1088,271,0.9955117106437683,-1,-1,-1
485,-1,827,339,1026,514,0.9894052147865295,-1,-1,-1
485,-1,1125,66,1243,161,0.9631378650665283,-1,-1,-1
486,-1,938,150,1087,274,0.9928719401359558,-1,-1,-1
486,-1,821,343,1029,521,0.9896318912506104,-1,-1,-1
486,-1,1126,63,1239,162,0.9638922810554504,-1,-1,-1
487,-1,818,349,1029,527,0.9909997582435608,-1,-1,-1
487,-1,935,154,1087,280,0.9908249974250793,-1,-1,-1
487,-1,1125,61,1239,160,0.9792118072509766,-1,-1,-1
488,-1,814,358,1021,536,0.9910123348236084,-1,-1,-1
488,-1,931,155,1086,284,0.9893653392791748,-1,-1,-1
488,-1,1123,61,1240,158,0.9757032990455627,-1,-1,-1
489,-1,929,160,1085,288,0.9896027445793152,-1,-1,-1
489,-1,812,364,1021,542,0.9894941449165344,-1,-1,-1
489,-1,1124,59,1240,157,0.9780166149139404,-1,-1,-1
490,-1,809,368,1021,554,0.9916101098060608,-1,-1,-1
490,-1,928,165,1083,290,0.9906280040740967,-1,-1,-1
490,-1,1124,59,1240,155,0.9642684459686279,-1,-1,-1
491,-1,798,376,1012,565,0.9913883805274963,-1,-1,-1
491,-1,926,170,1083,294,0.9908700585365295,-1,-1,-1
491,-1,1125,56,1240,155,0.9716349244117737,-1,-1,-1
492,-1,793,384,1010,571,0.9919770359992981,-1,-1,-1
492,-1,924,173,1081,298,0.9855414032936096,-1,-1,-1
492,-1,1125,55,1239,154,0.9719383120536804,-1,-1,-1
493,-1,790,390,1005,583,0.9909602999687195,-1,-1,-1
493,-1,919,175,1078,304,0.9907917976379395,-1,-1,-1
493,-1,1124,56,1238,153,0.9667587280273438,-1,-1,-1
494,-1,783,401,1004,591,0.9914810657501221,-1,-1,-1
494,-1,915,178,1077,312,0.9906219244003296,-1,-1,-1
494,-1,1124,56,1237,152,0.9594359993934631,-1,-1,-1
495,-1,916,183,1077,313,0.9931948184967041,-1,-1,-1
495,-1,775,409,1000,599,0.9913092851638794,-1,-1,-1
495,-1,1125,58,1238,150,0.9246816039085388,-1,-1,-1
496,-1,912,188,1075,318,0.9910812973976135,-1,-1,-1
496,-1,777,411,998,609,0.9884994626045227,-1,-1,-1
496,-1,1125,58,1239,149,0.8890478014945984,-1,-1,-1
497,-1,766,423,1003,618,0.9901922941207886,-1,-1,-1
497,-1,907,188,1074,324,0.9898828864097595,-1,-1,-1
497,-1,1122,59,1239,148,0.8281140327453613,-1,-1,-1
498,-1,904,195,1070,328,0.9910023808479309,-1,-1,-1
498,-1,758,432,990,628,0.9901328086853027,-1,-1,-1
498,-1,1124,59,1236,148,0.8837441205978394,-1,-1,-1
499,-1,903,199,1070,334,0.9908150434494019,-1,-1,-1
499,-1,757,437,991,637,0.9894736409187317,-1,-1,-1
499,-1,1127,56,1240,145,0.8680640459060669,-1,-1,-1
500,-1,900,203,1066,338,0.9921610951423645,-1,-1,-1
500,-1,755,445,984,647,0.9914463758468628,-1,-1,-1
500,-1,1128,55,1241,144,0.7898355722427368,-1,-1,-1
501,-1,898,207,1065,344,0.9927922487258911,-1,-1,-1
501,-1,748,451,979,657,0.9911552667617798,-1,-1,-1
501,-1,1127,55,1240,143,0.6680628657341003,-1,-1,-1
502,-1,740,459,977,666,0.9942072629928589,-1,-1,-1
502,-1,896,212,1063,349,0.9920725226402283,-1,-1,-1
502,-1,1128,54,1241,141,0.61224365234375,-1,-1,-1
503,-1,734,467,974,679,0.9941672086715698,-1,-1,-1
503,-1,891,216,1062,356,0.9923635721206665,-1,-1,-1
503,-1,1130,53,1242,141,0.7720823884010315,-1,-1,-1
504,-1,722,474,972,691,0.9914040565490723,-1,-1,-1
504,-1,888,220,1060,362,0.991277813911438,-1,-1,-1
504,-1,1132,49,1244,138,0.7957695722579956,-1,-1,-1
505,-1,885,226,1062,366,0.9922922849655151,-1,-1,-1
505,-1,716,481,968,702,0.9916994571685791,-1,-1,-1
505,-1,1133,50,1244,137,0.7840597033500671,-1,-1,-1
506,-1,716,494,962,711,0.9939017295837402,-1,-1,-1
506,-1,881,230,1061,376,0.9892221689224243,-1,-1,-1
506,-1,1134,48,1245,140,0.753128170967102,-1,-1,-1
507,-1,710,500,961,723,0.9937571287155151,-1,-1,-1
507,-1,878,237,1057,380,0.9913378953933716,-1,-1,-1
507,-1,1135,46,1245,137,0.7058649659156799,-1,-1,-1
508,-1,705,508,957,734,0.9944049119949341,-1,-1,-1
508,-1,873,242,1056,389,0.9917232394218445,-1,-1,-1
508,-1,1137,44,1248,136,0.7174392938613892,-1,-1,-1
509,-1,696,516,958,749,0.9923239946365356,-1,-1,-1
509,-1,869,246,1052,396,0.9911924004554749,-1,-1,-1
509,-1,1138,44,1250,134,0.697056233882904,-1,-1,-1
510,-1,691,528,954,759,0.9919418096542358,-1,-1,-1
510,-1,864,253,1050,402,0.9909770488739014,-1,-1,-1
510,-1,1139,44,1252,132,0.6547471284866333,-1,-1,-1
511,-1,683,540,947,772,0.9910311698913574,-1,-1,-1
511,-1,863,260,1049,410,0.9908583760261536,-1,-1,-1
511,-1,1143,45,1254,131,0.7087161540985107,-1,-1,-1
512,-1,680,545,946,782,0.9947001934051514,-1,-1,-1
512,-1,860,265,1047,418,0.9909866452217102,-1,-1,-1
512,-1,1144,43,1255,130,0.6684899926185608,-1,-1,-1
513,-1,675,555,940,795,0.9951489567756653,-1,-1,-1
513,-1,853,268,1044,427,0.9914235472679138,-1,-1,-1
513,-1,1144,40,1255,129,0.8061028122901917,-1,-1,-1
514,-1,667,569,936,806,0.9934618473052979,-1,-1,-1
514,-1,847,279,1042,433,0.9902445077896118,-1,-1,-1
514,-1,1027,42,1132,127,0.6386194825172424,-1,-1,-1
515,-1,843,284,1042,446,0.9911552667617798,-1,-1,-1
515,-1,658,579,939,821,0.9903669357299805,-1,-1,-1
515,-1,1028,44,1132,128,0.6143383979797363,-1,-1,-1
516,-1,651,589,936,835,0.9921057224273682,-1,-1,-1
516,-1,843,293,1041,448,0.9917085766792297,-1,-1,-1
516,-1,1030,43,1132,129,0.6116580367088318,-1,-1,-1
517,-1,838,299,1038,458,0.99272620677948,-1,-1,-1
517,-1,644,598,934,848,0.9917859435081482,-1,-1,-1
517,-1,1029,44,1132,130,0.736274242401123,-1,-1,-1
518,-1,637,610,929,862,0.9947555065155029,-1,-1,-1
518,-1,834,304,1037,467,0.9902653098106384,-1,-1,-1
518,-1,1026,47,1131,131,0.7447333931922913,-1,-1,-1
519,-1,830,313,1036,475,0.9919994473457336,-1,-1,-1
519,-1,637,625,922,876,0.9914146065711975,-1,-1,-1
519,-1,1025,47,1131,131,0.7820966839790344,-1,-1,-1
520,-1,625,633,922,891,0.9934502840042114,-1,-1,-1
520,-1,823,319,1030,486,0.9898033142089844,-1,-1,-1
520,-1,1027,45,1131,130,0.8525049686431885,-1,-1,-1
521,-1,618,640,918,903,0.9940162897109985,-1,-1,-1
521,-1,818,329,1027,496,0.9916971921920776,-1,-1,-1
521,-1,1026,45,1131,133,0.9206193685531616,-1,-1,-1
522,-1,611,653,916,919,0.9946909546852112,-1,-1,-1
522,-1,814,338,1023,504,0.9904184937477112,-1,-1,-1
522,-1,1026,45,1131,134,0.9092208743095398,-1,-1,-1
523,-1,602,662,914,937,0.9936882853507996,-1,-1,-1
523,-1,809,344,1023,517,0.9907441735267639,-1,-1,-1
523,-1,1023,46,1129,132,0.8855015635490417,-1,-1,-1
524,-1,589,671,912,949,0.9942846894264221,-1,-1,-1
524,-1,804,353,1026,525,0.9930846691131592,-1,-1,-1
524,-1,1024,46,1129,133,0.9041105508804321,-1,-1,-1
525,-1,583,688,907,964,0.9934324026107788,-1,-1,-1
525,-1,796,361,1021,538,0.9910805821418762,-1,-1,-1
525,-1,1024,48,1127,134,0.8819654583930969,-1,-1,-1
526,-1,572,693,903,985,0.9937877655029297,-1,-1,-1
526,-1,795,373,1019,549,0.9923729300498962,-1,-1,-1
526,-1,1022,50,1128,134,0.9312934279441833,-1,-1,-1
527,-1,559,704,897,1004,0.9930639863014221,-1,-1,-1
527,-1,787,380,1017,562,0.9913384914398193,-1,-1,-1
527,-1,1024,48,1130,135,0.9507375955581665,-1,-1,-1
528,-1,553,715,891,1017,0.9928699135780334,-1,-1,-1
528,-1,782,390,1012,571,0.9890853762626648,-1,-1,-1
528,-1,1022,50,1131,139,0.9499130249023438,-1,-1,-1
529,-1,537,732,886,1038,0.9932389259338379,-1,-1,-1
529,-1,773,400,1007,587,0.9903609752655029,-1,-1,-1
529,-1,1020,53,1127,137,0.9228907227516174,-1,-1,-1
530,-1,526,744,872,1059,0.9911198019981384,-1,-1,-1
530,-1,769,410,1006,596,0.9907798767089844,-1,-1,-1
530,-1,1023,54,1126,140,0.9211479425430298,-1,-1,-1
531,-1,518,760,877,1075,0.9917105436325073,-1,-1,-1
531,-1,761,421,998,608,0.9912340044975281,-1,-1,-1
531,-1,1022,54,1127,140,0.8965739011764526,-1,-1,-1
532,-1,754,430,997,619,0.9917032122612,-1,-1,-1
532,-1,510,776,874,1078,0.9620946645736694,-1,-1,-1
532,-1,1021,54,1129,140,0.9264835119247437,-1,-1,-1
533,-1,747,442,996,632,0.9906717538833618,-1,-1,-1
533,-1,500,797,871,1080,0.9195957183837891,-1,-1,-1
533,-1,1021,55,1127,141,0.8821625709533691,-1,-1,-1
534,-1,742,451,989,648,0.9902119040489197,-1,-1,-1
534,-1,1020,56,1126,143,0.8840712308883667,-1,-1,-1
534,-1,481,809,850,1080,0.7092946767807007,-1,-1,-1
535,-1,735,459,984,659,0.9920456409454346,-1,-1,-1
535,-1,1018,58,1124,144,0.907848596572876,-1,-1,-1
536,-1,729,470,983,674,0.9914823770523071,-1,-1,-1
536,-1,1018,58,1124,145,0.9410865306854248,-1,-1,-1
537,-1,720,477,979,688,0.9904148578643799,-1,-1,-1
537,-1,1017,60,1124,147,0.9489920735359192,-1,-1,-1
538,-1,711,490,976,704,0.9901070594787598,-1,-1,-1
538,-1,1016,60,1126,149,0.9603951573371887,-1,-1,-1
539,-1,704,502,975,719,0.9929406642913818,-1,-1,-1
539,-1,1014,61,1125,149,0.9666274785995483,-1,-1,-1
540,-1,698,512,971,732,0.9921459555625916,-1,-1,-1
540,-1,1014,61,1124,149,0.9758734107017517,-1,-1,-1
541,-1,690,523,965,746,0.9931157231330872,-1,-1,-1
541,-1,1013,62,1124,150,0.9596596956253052,-1,-1,-1
542,-1,680,540,961,764,0.9941831231117249,-1,-1,-1
542,-1,1014,63,1123,150,0.9713388681411743,-1,-1,-1
543,-1,676,547,962,777,0.9931766986846924,-1,-1,-1
543,-1,1015,62,1125,152,0.9748781323432922,-1,-1,-1
544,-1,672,560,958,793,0.9925156235694885,-1,-1,-1
544,-1,1014,62,1123,151,0.9705326557159424,-1,-1,-1
545,-1,668,581,945,813,0.99321448802948,-1,-1,-1
545,-1,1012,63,1124,154,0.9648779034614563,-1,-1,-1
546,-1,653,593,943,830,0.9927453398704529,-1,-1,-1
546,-1,1010,63,1122,154,0.9626568555831909,-1,-1,-1
547,-1,644,610,949,846,0.9943634271621704,-1,-1,-1
547,-1,1010,64,1123,156,0.9794238805770874,-1,-1,-1
548,-1,640,624,937,864,0.9929988384246826,-1,-1,-1
548,-1,1011,65,1124,157,0.9790291786193848,-1,-1,-1
549,-1,630,639,937,883,0.994288444519043,-1,-1,-1
549,-1,1009,67,1123,158,0.9816916584968567,-1,-1,-1
550,-1,608,644,935,905,0.9940844178199768,-1,-1,-1
550,-1,1006,67,1124,160,0.9818468689918518,-1,-1,-1
551,-1,600,662,934,922,0.9942394495010376,-1,-1,-1
551,-1,1004,68,1121,162,0.9879814982414246,-1,-1,-1
552,-1,579,675,923,945,0.9942308664321899,-1,-1,-1
552,-1,1004,69,1121,164,0.9867945313453674,-1,-1,-1
553,-1,575,689,923,967,0.9935258626937866,-1,-1,-1
553,-1,1004,71,1122,166,0.9888047575950623,-1,-1,-1
554,-1,555,707,915,985,0.9936912059783936,-1,-1,-1
554,-1,1003,72,1122,166,0.9899207353591919,-1,-1,-1
555,-1,541,719,903,1009,0.9932730197906494,-1,-1,-1
555,-1,1001,72,1123,167,0.9891002774238586,-1,-1,-1
556,-1,529,745,904,1032,0.9901314973831177,-1,-1,-1
556,-1,1001,72,1122,168,0.987272322177887,-1,-1,-1
557,-1,505,765,888,1055,0.9903724193572998,-1,-1,-1
557,-1,998,73,1119,170,0.9899725914001465,-1,-1,-1
558,-1,996,76,1120,172,0.9900770783424377,-1,-1,-1
558,-1,489,785,884,1077,0.9565579891204834,-1,-1,-1
559,-1,996,77,1122,173,0.9895254373550415,-1,-1,-1
560,-1,998,79,1121,174,0.9902100563049316,-1,-1,-1
561,-1,995,82,1120,175,0.9899784326553345,-1,-1,-1
562,-1,994,83,1119,177,0.9892734885215759,-1,-1,-1
563,-1,994,84,1118,178,0.9911076426506042,-1,-1,-1
564,-1,993,87,1119,179,0.9895700216293335,-1,-1,-1
565,-1,993,87,1118,184,0.9907224178314209,-1,-1,-1
566,-1,991,88,1120,186,0.9919885396957397,-1,-1,-1
567,-1,990,90,1119,186,0.9938795566558838,-1,-1,-1
568,-1,990,89,1119,187,0.9948522448539734,-1,-1,-1
569,-1,989,91,1119,190,0.9947459697723389,-1,-1,-1
570,-1,988,92,1119,193,0.9943857192993164,-1,-1,-1
571,-1,990,93,1118,194,0.9939842820167542,-1,-1,-1
572,-1,989,93,1116,196,0.992890477180481,-1,-1,-1
573,-1,988,96,1114,198,0.9936424493789673,-1,-1,-1
574,-1,985,100,1115,199,0.9943034648895264,-1,-1,-1
575,-1,987,101,1115,201,0.9958803653717041,-1,-1,-1
576,-1,987,102,1117,203,0.9953258037567139,-1,-1,-1
577,-1,987,103,1115,204,0.9954225420951843,-1,-1,-1
578,-1,985,104,1114,206,0.9946216344833374,-1,-1,-1
579,-1,984,104,1116,207,0.9956127405166626,-1,-1,-1
580,-1,986,105,1116,211,0.9949098229408264,-1,-1,-1
581,-1,985,106,1119,214,0.9930787682533264,-1,-1,-1
582,-1,985,109,1116,217,0.9925888776779175,-1,-1,-1
583,-1,986,109,1114,219,0.993591845035553,-1,-1,-1
584,-1,983,110,1114,220,0.994840681552887,-1,-1,-1
585,-1,983,112,1115,224,0.9955083131790161,-1,-1,-1
586,-1,982,113,1114,227,0.9953460097312927,-1,-1,-1
587,-1,981,115,1115,227,0.9946067929267883,-1,-1,-1
588,-1,981,119,1115,230,0.9934543371200562,-1,-1,-1
589,-1,976,120,1114,234,0.9936208128929138,-1,-1,-1
590,-1,975,122,1114,237,0.9936011433601379,-1,-1,-1
591,-1,975,126,1113,239,0.9932212829589844,-1,-1,-1
592,-1,975,127,1114,241,0.993285596370697,-1,-1,-1
593,-1,974,129,1112,244,0.9933198690414429,-1,-1,-1
594,-1,970,131,1109,246,0.9938888549804688,-1,-1,-1
595,-1,967,133,1109,248,0.9969722032546997,-1,-1,-1
596,-1,966,135,1109,252,0.9966152310371399,-1,-1,-1
597,-1,966,137,1109,255,0.9965207576751709,-1,-1,-1
598,-1,963,141,1107,260,0.9966275095939636,-1,-1,-1
599,-1,963,142,1105,262,0.9947612881660461,-1,-1,-1
600,-1,962,145,1104,265,0.9935300946235657,-1,-1,-1
601,-1,958,148,1102,268,0.9954767823219299,-1,-1,-1
602,-1,959,148,1100,272,0.992629885673523,-1,-1,-1
603,-1,959,151,1102,276,0.991134762763977,-1,-1,-1
604,-1,955,154,1103,279,0.9939192533493042,-1,-1,-1
605,-1,955,156,1100,282,0.9950944185256958,-1,-1,-1
606,-1,952,159,1098,284,0.9941954016685486,-1,-1,-1
607,-1,952,162,1097,287,0.9935652613639832,-1,-1,-1
608,-1,951,166,1097,289,0.9944828748703003,-1,-1,-1
609,-1,947,169,1100,293,0.9931582808494568,-1,-1,-1
610,-1,945,172,1097,298,0.9920320510864258,-1,-1,-1
611,-1,943,174,1096,303,0.9922671914100647,-1,-1,-1
612,-1,942,175,1095,306,0.993547260761261,-1,-1,-1
613,-1,942,180,1094,309,0.9948737025260925,-1,-1,-1
614,-1,940,183,1093,312,0.9938469529151917,-1,-1,-1
615,-1,938,187,1091,315,0.992638111114502,-1,-1,-1
616,-1,936,191,1091,319,0.9907795190811157,-1,-1,-1
617,-1,931,192,1091,325,0.9859703183174133,-1,-1,-1
618,-1,930,198,1087,329,0.9925615191459656,-1,-1,-1
619,-1,928,199,1089,333,0.9929225444793701,-1,-1,-1
620,-1,927,201,1086,335,0.9925969839096069,-1,-1,-1
621,-1,925,208,1083,340,0.9938368201255798,-1,-1,-1
622,-1,922,212,1082,346,0.9921098351478577,-1,-1,-1
623,-1,918,212,1080,353,0.9889380931854248,-1,-1,-1
624,-1,915,216,1080,356,0.989790141582489,-1,-1,-1
625,-1,915,219,1081,359,0.9906067848205566,-1,-1,-1
626,-1,911,224,1076,364,0.9914196729660034,-1,-1,-1
627,-1,909,229,1075,371,0.9904444813728333,-1,-1,-1
628,-1,907,232,1074,376,0.9900490045547485,-1,-1,-1
629,-1,905,236,1072,381,0.9890270233154297,-1,-1,-1
630,-1,900,239,1072,386,0.9876915812492371,-1,-1,-1
631,-1,897,246,1070,390,0.9845798015594482,-1,-1,-1
632,-1,895,248,1070,395,0.9860818386077881,-1,-1,-1
633,-1,892,250,1068,402,0.9861365556716919,-1,-1,-1
634,-1,889,257,1065,410,0.9847907423973083,-1,-1,-1
635,-1,887,261,1063,413,0.9875511527061462,-1,-1,-1
636,-1,887,266,1064,421,0.9892526268959045,-1,-1,-1
637,-1,882,270,1063,429,0.9898634552955627,-1,-1,-1
638,-1,878,277,1059,430,0.9903410077095032,-1,-1,-1
639,-1,876,282,1058,438,0.9906942844390869,-1,-1,-1
640,-1,872,289,1055,446,0.990536630153656,-1,-1,-1
641,-1,870,296,1056,450,0.9898837804794312,-1,-1,-1
642,-1,867,302,1055,457,0.9909115433692932,-1,-1,-1
643,-1,862,308,1054,463,0.989141583442688,-1,-1,-1
644,-1,858,311,1052,471,0.9916084408760071,-1,-1,-1
645,-1,855,319,1051,478,0.9925991296768188,-1,-1,-1
646,-1,853,324,1048,487,0.9900308847427368,-1,-1,-1
647,-1,848,329,1048,495,0.9905100464820862,-1,-1,-1
648,-1,845,336,1045,501,0.989804744720459,-1,-1,-1
649,-1,839,341,1044,511,0.9876870512962341,-1,-1,-1
650,-1,834,349,1042,522,0.9898967742919922,-1,-1,-1
651,-1,833,358,1042,526,0.9896005988121033,-1,-1,-1
652,-1,830,365,1038,535,0.9891083240509033,-1,-1,-1
653,-1,823,369,1040,543,0.9905400276184082,-1,-1,-1
654,-1,817,379,1031,553,0.9886654615402222,-1,-1,-1
655,-1,815,383,1031,562,0.9912996888160706,-1,-1,-1
656,-1,812,389,1029,571,0.992112398147583,-1,-1,-1
657,-1,803,399,1026,583,0.9880532026290894,-1,-1,-1
658,-1,801,406,1025,592,0.9891005158424377,-1,-1,-1
659,-1,796,418,1017,601,0.9897398948669434,-1,-1,-1
660,-1,790,424,1017,611,0.9901211261749268,-1,-1,-1
661,-1,788,430,1021,619,0.9919573068618774,-1,-1,-1
662,-1,782,438,1011,636,0.9896302819252014,-1,-1,-1
663,-1,776,451,1013,638,0.9889398217201233,-1,-1,-1
664,-1,775,457,1006,651,0.9853172898292542,-1,-1,-1
665,-1,766,465,1005,663,0.9892423748970032,-1,-1,-1
666,-1,766,473,1001,669,0.9912646412849426,-1,-1,-1
667,-1,762,480,1001,682,0.9897957444190979,-1,-1,-1
668,-1,754,490,1002,694,0.9902991056442261,-1,-1,-1
669,-1,749,498,1001,708,0.9912019968032837,-1,-1,-1
670,-1,745,508,1000,719,0.9926835894584656,-1,-1,-1
671,-1,742,516,999,731,0.9919965863227844,-1,-1,-1
672,-1,738,522,997,739,0.9915487170219421,-1,-1,-1
673,-1,733,538,996,752,0.9931160807609558,-1,-1,-1
674,-1,729,547,996,769,0.9935065507888794,-1,-1,-1
675,-1,727,557,994,779,0.9928643703460693,-1,-1,-1
676,-1,712,565,990,794,0.9913546442985535,-1,-1,-1
677,-1,709,580,988,807,0.9930141568183899,-1,-1,-1
678,-1,709,587,989,823,0.9936996698379517,-1,-1,-1
679,-1,705,599,983,836,0.9929550290107727,-1,-1,-1
680,-1,693,606,984,847,0.9928418397903442,-1,-1,-1
681,-1,692,623,983,861,0.9894687533378601,-1,-1,-1
682,-1,683,632,975,875,0.9908503890037537,-1,-1,-1
683,-1,679,650,974,894,0.9926549196243286,-1,-1,-1
684,-1,675,661,972,906,0.9927500486373901,-1,-1,-1
685,-1,672,673,969,920,0.9919496774673462,-1,-1,-1
686,-1,654,680,974,938,0.9943616390228271,-1,-1,-1
687,-1,637,686,962,954,0.9935339689254761,-1,-1,-1
688,-1,628,703,960,970,0.992139995098114,-1,-1,-1
689,-1,623,719,961,987,0.9941539168357849,-1,-1,-1
690,-1,614,733,966,1006,0.9941747784614563,-1,-1,-1
691,-1,603,747,952,1024,0.9946625828742981,-1,-1,-1
692,-1,587,754,939,1053,0.9889751672744751,-1,-1,-1
693,-1,574,776,941,1065,0.9900533556938171,-1,-1,-1
694,-1,567,789,931,1080,0.9325997829437256,-1,-1,-1
695,-1,551,810,925,1080,0.8962212800979614,-1,-1,-1
696,-1,540,826,916,1080,0.623059868812561,-1,-1,-1
