1,-1,1193,254,1448,436,0.9911851286888123,-1,-1,-1
2,-1,1163,251,1430,429,0.9887118339538574,-1,-1,-1
3,-1,1134,250,1402,422,0.9907979965209961,-1,-1,-1
4,-1,1118,244,1379,417,0.9895563721656799,-1,-1,-1
5,-1,1106,241,1356,409,0.9836687445640564,-1,-1,-1
6,-1,1087,239,1331,405,0.9781559705734253,-1,-1,-1
7,-1,1065,231,1305,401,0.984897792339325,-1,-1,-1
8,-1,1046,225,1281,393,0.982097327709198,-1,-1,-1
9,-1,1028,218,1263,386,0.9820818305015564,-1,-1,-1
10,-1,1014,215,1240,385,0.9722742438316345,-1,-1,-1
11,-1,998,215,1220,376,0.975774347782135,-1,-1,-1
12,-1,980,210,1198,369,0.9807814359664917,-1,-1,-1
13,-1,967,210,1181,365,0.9833857417106628,-1,-1,-1
14,-1,946,207,1168,363,0.9806680679321289,-1,-1,-1
15,-1,934,202,1145,355,0.9686782360076904,-1,-1,-1
16,-1,919,199,1128,351,0.977009654045105,-1,-1,-1
16,-1,1567,326,1918,582,0.7610028386116028,-1,-1,-1
17,-1,902,203,1115,346,0.9858810901641846,-1,-1,-1
17,-1,1538,322,1901,595,0.8397325873374939,-1,-1,-1
18,-1,890,199,1094,340,0.9915109276771545,-1,-1,-1
18,-1,1512,307,1912,588,0.9468044638633728,-1,-1,-1
19,-1,875,194,1075,337,0.9902949333190918,-1,-1,-1
19,-1,1493,292,1915,577,0.9786937236785889,-1,-1,-1
20,-1,864,189,1058,336,0.9886143207550049,-1,-1,-1
20,-1,1457,290,1891,572,0.9847553372383118,-1,-1,-1
21,-1,850,186,1046,328,0.9928687214851379,-1,-1,-1
21,-1,1432,285,1855,562,0.9891812205314636,-1,-1,-1
22,-1,1411,282,1825,553,0.9928313493728638,-1,-1,-1
22,-1,836,183,1030,325,0.990017831325531,-1,-1,-1
23,-1,1389,279,1784,546,0.9926194548606873,-1,-1,-1
23,-1,824,180,1017,321,0.9879988431930542,-1,-1,-1
24,-1,1368,272,1771,536,0.9945793151855469,-1,-1,-1
24,-1,810,175,999,316,0.9806991219520569,-1,-1,-1
25,-1,1347,267,1738,531,0.9952406883239746,-1,-1,-1
25,-1,802,174,986,313,0.9838832020759583,-1,-1,-1
26,-1,1323,268,1713,521,0.9946084022521973,-1,-1,-1
26,-1,786,172,973,311,0.9835700392723083,-1,-1,-1
27,-1,1303,263,1685,514,0.9944842457771301,-1,-1,-1
27,-1,775,170,958,309,0.9911728501319885,-1,-1,-1
28,-1,1286,256,1659,505,0.9935338497161865,-1,-1,-1
28,-1,761,167,947,304,0.9866549968719482,-1,-1,-1
29,-1,1264,251,1635,499,0.9954544305801392,-1,-1,-1
29,-1,753,167,930,299,0.9905672669410706,-1,-1,-1
30,-1,1245,245,1609,489,0.9953794479370117,-1,-1,-1
30,-1,741,163,917,296,0.9912387728691101,-1,-1,-1
31,-1,1226,243,1586,482,0.9946987628936768,-1,-1,-1
31,-1,736,164,907,292,0.9909570217132568,-1,-1,-1
32,-1,1214,238,1562,477,0.9955248832702637,-1,-1,-1
32,-1,723,163,895,289,0.9912240505218506,-1,-1,-1
33,-1,1192,231,1537,471,0.9943201541900635,-1,-1,-1
33,-1,716,159,882,285,0.9919753670692444,-1,-1,-1
34,-1,1182,237,1507,459,0.9935674071311951,-1,-1,-1
34,-1,707,156,872,283,0.9915183186531067,-1,-1,-1
35,-1,1161,221,1492,452,0.9923186302185059,-1,-1,-1
35,-1,697,156,861,279,0.9910789132118225,-1,-1,-1
36,-1,1134,223,1467,449,0.9933096170425415,-1,-1,-1
36,-1,689,154,851,275,0.9889879822731018,-1,-1,-1
37,-1,1124,224,1451,445,0.9935528039932251,-1,-1,-1
37,-1,678,148,840,274,0.9902169704437256,-1,-1,-1
38,-1,673,148,834,270,0.9925066828727722,-1,-1,-1
38,-1,1105,223,1433,438,0.9917818307876587,-1,-1,-1
39,-1,663,145,823,270,0.9915306568145752,-1,-1,-1
39,-1,1093,218,1407,434,0.9903489351272583,-1,-1,-1
40,-1,654,146,816,267,0.9935211539268494,-1,-1,-1
40,-1,1081,214,1387,431,0.9890187978744507,-1,-1,-1
41,-1,643,143,801,263,0.9908171892166138,-1,-1,-1
41,-1,1065,207,1367,429,0.9892438650131226,-1,-1,-1
42,-1,636,138,792,261,0.9919376969337463,-1,-1,-1
42,-1,1051,206,1347,420,0.9918308854103088,-1,-1,-1
43,-1,630,137,785,260,0.9935232400894165,-1,-1,-1
43,-1,1037,205,1331,414,0.9935033917427063,-1,-1,-1
44,-1,623,135,776,256,0.9955267310142517,-1,-1,-1
44,-1,1020,199,1307,408,0.9900857210159302,-1,-1,-1
45,-1,618,132,766,254,0.994905948638916,-1,-1,-1
45,-1,1013,196,1293,404,0.9898334741592407,-1,-1,-1
46,-1,609,132,759,252,0.9925287961959839,-1,-1,-1
46,-1,991,196,1277,399,0.9905093908309937,-1,-1,-1
47,-1,605,133,751,250,0.9950940608978271,-1,-1,-1
47,-1,986,198,1260,394,0.9916109442710876,-1,-1,-1
48,-1,973,196,1250,390,0.9937388896942139,-1,-1,-1
48,-1,598,133,744,248,0.9935715198516846,-1,-1,-1
49,-1,592,128,736,245,0.9853341579437256,-1,-1,-1
49,-1,957,189,1235,388,0.9848893880844116,-1,-1,-1
50,-1,586,130,729,243,0.9920725226402283,-1,-1,-1
50,-1,942,184,1213,381,0.9845543503761292,-1,-1,-1
51,-1,576,130,722,240,0.9908261895179749,-1,-1,-1
51,-1,936,182,1197,376,0.9807425737380981,-1,-1,-1
52,-1,923,182,1176,371,0.9857688546180725,-1,-1,-1
52,-1,570,128,719,238,0.9848959445953369,-1,-1,-1
53,-1,917,184,1162,368,0.9889121055603027,-1,-1,-1
53,-1,565,124,707,236,0.9652939438819885,-1,-1,-1
54,-1,899,182,1151,365,0.9884365797042847,-1,-1,-1
54,-1,558,119,698,234,0.9641076326370239,-1,-1,-1
55,-1,893,180,1134,364,0.9784157872200012,-1,-1,-1
55,-1,551,120,693,230,0.9656877517700195,-1,-1,-1
56,-1,880,178,1122,359,0.9813836216926575,-1,-1,-1
56,-1,546,119,687,230,0.9635594487190247,-1,-1,-1
57,-1,873,172,1110,357,0.9884346723556519,-1,-1,-1
57,-1,542,118,681,227,0.9776687622070312,-1,-1,-1
57,-1,1528,362,1920,583,0.9393706321716309,-1,-1,-1
58,-1,858,173,1093,350,0.9889843463897705,-1,-1,-1
58,-1,532,116,676,228,0.9837580323219299,-1,-1,-1
58,-1,1490,350,1884,573,0.9602445363998413,-1,-1,-1
59,-1,846,172,1090,346,0.9917517304420471,-1,-1,-1
59,-1,1456,344,1833,561,0.9847970008850098,-1,-1,-1
59,-1,529,118,671,225,0.9837897419929504,-1,-1,-1
60,-1,838,169,1074,342,0.9922195672988892,-1,-1,-1
60,-1,1428,332,1784,551,0.9879150390625,-1,-1,-1
60,-1,523,114,663,224,0.9698810577392578,-1,-1,-1
61,-1,831,168,1059,340,0.9929068088531494,-1,-1,-1
61,-1,1396,331,1748,538,0.9917123317718506,-1,-1,-1
61,-1,521,113,657,222,0.9772367477416992,-1,-1,-1
62,-1,1366,316,1706,524,0.9926268458366394,-1,-1,-1
62,-1,818,167,1055,334,0.9921141862869263,-1,-1,-1
62,-1,516,110,649,219,0.9879711270332336,-1,-1,-1
63,-1,509,109,645,217,0.9934432506561279,-1,-1,-1
63,-1,1328,315,1675,507,0.9910075068473816,-1,-1,-1
63,-1,810,165,1049,333,0.9909823536872864,-1,-1,-1
64,-1,505,106,637,215,0.9923875331878662,-1,-1,-1
64,-1,800,162,1035,328,0.9914615154266357,-1,-1,-1
64,-1,1294,305,1638,502,0.9900278449058533,-1,-1,-1
65,-1,501,107,632,213,0.9932053089141846,-1,-1,-1
65,-1,794,158,1022,327,0.9920966625213623,-1,-1,-1
65,-1,1271,292,1599,492,0.9858265519142151,-1,-1,-1
66,-1,790,161,1007,325,0.9926887154579163,-1,-1,-1
66,-1,1242,284,1570,481,0.9916896820068359,-1,-1,-1
66,-1,496,106,628,211,0.9912073016166687,-1,-1,-1
67,-1,776,160,1003,321,0.9930978417396545,-1,-1,-1
67,-1,1210,281,1534,472,0.9906677603721619,-1,-1,-1
67,-1,490,104,624,211,0.9884636998176575,-1,-1,-1
68,-1,1189,273,1503,465,0.9930073022842407,-1,-1,-1
68,-1,766,158,991,319,0.99265456199646,-1,-1,-1
68,-1,484,105,618,210,0.9866829514503479,-1,-1,-1
69,-1,760,156,983,316,0.9936164617538452,-1,-1,-1
69,-1,1161,266,1471,456,0.9923558235168457,-1,-1,-1
69,-1,480,102,609,207,0.9866031408309937,-1,-1,-1
70,-1,755,154,974,314,0.9940074682235718,-1,-1,-1
70,-1,1144,264,1441,447,0.9915661811828613,-1,-1,-1
70,-1,476,101,603,206,0.9876299500465393,-1,-1,-1
71,-1,1119,259,1411,442,0.9927041530609131,-1,-1,-1
71,-1,747,154,959,314,0.9926793575286865,-1,-1,-1
71,-1,470,99,597,204,0.9912599921226501,-1,-1,-1
72,-1,738,154,951,311,0.993036687374115,-1,-1,-1
72,-1,467,95,594,203,0.9921647310256958,-1,-1,-1
72,-1,1106,257,1383,436,0.9858701229095459,-1,-1,-1
73,-1,732,150,944,308,0.9924006462097168,-1,-1,-1
73,-1,463,92,589,202,0.9914867877960205,-1,-1,-1
73,-1,1097,247,1351,432,0.983604371547699,-1,-1,-1
74,-1,725,150,935,304,0.9916889071464539,-1,-1,-1
74,-1,457,90,583,197,0.9907811284065247,-1,-1,-1
74,-1,1063,237,1319,419,0.9835895895957947,-1,-1,-1
75,-1,454,91,580,196,0.9921724796295166,-1,-1,-1
75,-1,723,147,925,301,0.9914485812187195,-1,-1,-1
75,-1,1044,235,1296,414,0.9823163151741028,-1,-1,-1
76,-1,714,145,920,300,0.9912706613540649,-1,-1,-1
76,-1,448,87,577,193,0.9871879816055298,-1,-1,-1
76,-1,1021,230,1280,406,0.9808305501937866,-1,-1,-1
77,-1,706,147,911,296,0.9928050637245178,-1,-1,-1
77,-1,446,89,576,195,0.9865886569023132,-1,-1,-1
77,-1,1003,219,1258,397,0.9839553236961365,-1,-1,-1
78,-1,701,146,903,294,0.9927776455879211,-1,-1,-1
78,-1,994,230,1240,389,0.988937497138977,-1,-1,-1
78,-1,442,88,571,193,0.9873780608177185,-1,-1,-1
79,-1,696,145,896,294,0.9905692338943481,-1,-1,-1
79,-1,439,85,563,193,0.9873098731040955,-1,-1,-1
79,-1,965,221,1218,386,0.9809478521347046,-1,-1,-1
80,-1,687,139,884,293,0.9919918179512024,-1,-1,-1
80,-1,432,89,563,191,0.9856261610984802,-1,-1,-1
80,-1,951,217,1193,379,0.9832735061645508,-1,-1,-1
81,-1,683,144,880,292,0.989166796207428,-1,-1,-1
81,-1,430,90,556,190,0.984056830406189,-1,-1,-1
81,-1,944,214,1167,372,0.9829022884368896,-1,-1,-1
82,-1,677,137,874,290,0.9906253814697266,-1,-1,-1
82,-1,929,211,1149,368,0.9861904382705688,-1,-1,-1
82,-1,423,91,554,189,0.984541654586792,-1,-1,-1
83,-1,668,141,871,287,0.9892355799674988,-1,-1,-1
83,-1,907,212,1143,362,0.9879695177078247,-1,-1,-1
83,-1,423,89,547,188,0.981130063533783,-1,-1,-1
84,-1,667,135,867,289,0.9943835735321045,-1,-1,-1
84,-1,418,87,543,186,0.9771026372909546,-1,-1,-1
84,-1,897,206,1123,356,0.9768933653831482,-1,-1,-1
85,-1,661,133,856,287,0.9922367930412292,-1,-1,-1
85,-1,881,204,1106,353,0.9871214032173157,-1,-1,-1
85,-1,416,85,533,185,0.9643961787223816,-1,-1,-1
86,-1,658,135,848,284,0.9940979480743408,-1,-1,-1
86,-1,874,203,1096,345,0.9901577830314636,-1,-1,-1
86,-1,413,80,533,182,0.9762061834335327,-1,-1,-1
87,-1,657,133,843,282,0.9928172826766968,-1,-1,-1
87,-1,857,201,1079,341,0.9927997589111328,-1,-1,-1
87,-1,404,78,528,181,0.9779542684555054,-1,-1,-1
88,-1,653,137,840,280,0.9930272698402405,-1,-1,-1
88,-1,849,195,1063,336,0.9880385994911194,-1,-1,-1
88,-1,402,80,523,182,0.9791691899299622,-1,-1,-1
89,-1,652,135,836,280,0.9918986558914185,-1,-1,-1
89,-1,840,191,1050,333,0.9870835542678833,-1,-1,-1
89,-1,398,79,519,179,0.9773879647254944,-1,-1,-1
90,-1,649,132,828,277,0.9920855164527893,-1,-1,-1
90,-1,828,189,1042,331,0.9894098043441772,-1,-1,-1
90,-1,396,77,511,179,0.978853166103363,-1,-1,-1
91,-1,647,133,823,276,0.9918334484100342,-1,-1,-1
91,-1,819,189,1030,328,0.989973783493042,-1,-1,-1
91,-1,392,76,508,178,0.9737650156021118,-1,-1,-1
92,-1,646,131,821,275,0.9894469976425171,-1,-1,-1
92,-1,809,187,1018,327,0.9891424179077148,-1,-1,-1
92,-1,388,77,507,178,0.9745721220970154,-1,-1,-1
93,-1,646,132,818,276,0.9902452230453491,-1,-1,-1
93,-1,800,184,1008,324,0.9890276193618774,-1,-1,-1
93,-1,385,77,506,177,0.9671545028686523,-1,-1,-1
94,-1,647,131,815,272,0.9868196249008179,-1,-1,-1
94,-1,797,182,996,320,0.9847481846809387,-1,-1,-1
94,-1,381,76,503,175,0.9376616477966309,-1,-1,-1
95,-1,649,130,814,270,0.9914491772651672,-1,-1,-1
95,-1,785,179,984,317,0.9813821315765381,-1,-1,-1
95,-1,376,74,494,173,0.9379310011863708,-1,-1,-1
96,-1,651,130,812,271,0.988135814666748,-1,-1,-1
96,-1,780,179,977,315,0.9810532927513123,-1,-1,-1
96,-1,371,73,491,173,0.9624284505844116,-1,-1,-1
97,-1,778,175,968,312,0.9887617230415344,-1,-1,-1
97,-1,653,131,810,268,0.9827221035957336,-1,-1,-1
97,-1,367,73,487,172,0.9789103865623474,-1,-1,-1
98,-1,765,172,960,309,0.9840696454048157,-1,-1,-1
98,-1,363,72,484,170,0.9835303425788879,-1,-1,-1
98,-1,654,128,805,266,0.9688760042190552,-1,-1,-1
99,-1,758,170,951,306,0.9887415766716003,-1,-1,-1
99,-1,362,74,483,169,0.9804327487945557,-1,-1,-1
99,-1,651,129,808,266,0.9348800778388977,-1,-1,-1
100,-1,753,169,944,308,0.9861800074577332,-1,-1,-1
100,-1,360,74,480,168,0.9716029167175293,-1,-1,-1
100,-1,656,127,809,265,0.8141742944717407,-1,-1,-1
101,-1,747,170,936,303,0.9874841570854187,-1,-1,-1
101,-1,359,73,478,167,0.9767236709594727,-1,-1,-1
102,-1,739,170,928,303,0.9841704368591309,-1,-1,-1
102,-1,357,72,473,167,0.9781538248062134,-1,-1,-1
103,-1,739,168,920,298,0.9784884452819824,-1,-1,-1
103,-1,359,72,468,167,0.974165141582489,-1,-1,-1
104,-1,357,71,467,165,0.9702706933021545,-1,-1,-1
104,-1,731,170,914,298,0.9677858352661133,-1,-1,-1
105,-1,352,70,467,164,0.969397783279419,-1,-1,-1
105,-1,724,166,907,295,0.9359944462776184,-1,-1,-1
106,-1,353,70,462,164,0.9769273996353149,-1,-1,-1
106,-1,716,163,900,289,0.938478946685791,-1,-1,-1
107,-1,349,70,461,162,0.9625046253204346,-1,-1,-1
107,-1,712,165,893,290,0.9537771940231323,-1,-1,-1
107,-1,1581,371,1920,582,0.8690069913864136,-1,-1,-1
108,-1,349,70,454,163,0.951799213886261,-1,-1,-1
108,-1,1556,367,1912,573,0.9474924206733704,-1,-1,-1
108,-1,690,123,890,294,0.89943927526474,-1,-1,-1
109,-1,346,67,450,162,0.976003110408783,-1,-1,-1
109,-1,1523,357,1895,571,0.9683481454849243,-1,-1,-1
109,-1,693,160,884,287,0.9242640733718872,-1,-1,-1
110,-1,693,161,873,287,0.9833019375801086,-1,-1,-1
110,-1,1496,349,1858,562,0.9826164245605469,-1,-1,-1
110,-1,343,67,445,160,0.9659439325332642,-1,-1,-1
111,-1,1465,347,1823,542,0.986316978931427,-1,-1,-1
111,-1,679,159,868,285,0.9813607335090637,-1,-1,-1
111,-1,340,65,441,159,0.960314154624939,-1,-1,-1
112,-1,1453,342,1794,542,0.9895238280296326,-1,-1,-1
112,-1,672,157,861,283,0.9837316274642944,-1,-1,-1
112,-1,337,64,440,159,0.9225620031356812,-1,-1,-1
113,-1,1413,330,1770,539,0.991748571395874,-1,-1,-1
113,-1,667,154,851,281,0.9774302244186401,-1,-1,-1
113,-1,337,61,435,158,0.8932276368141174,-1,-1,-1
114,-1,1392,329,1744,530,0.9910712242126465,-1,-1,-1
114,-1,659,153,844,281,0.9755212664604187,-1,-1,-1
114,-1,333,63,433,158,0.8945021629333496,-1,-1,-1
115,-1,1372,322,1707,521,0.9925780892372131,-1,-1,-1
115,-1,650,155,836,281,0.9849830269813538,-1,-1,-1
115,-1,331,66,431,158,0.8210321068763733,-1,-1,-1
116,-1,1341,316,1678,512,0.9918205738067627,-1,-1,-1
116,-1,643,151,827,275,0.9853963255882263,-1,-1,-1
116,-1,330,63,433,155,0.8219842910766602,-1,-1,-1
117,-1,1323,310,1653,503,0.9915754199028015,-1,-1,-1
117,-1,635,150,812,272,0.9755379557609558,-1,-1,-1
117,-1,326,64,429,154,0.9436607360839844,-1,-1,-1
118,-1,1290,304,1620,497,0.9912996888160706,-1,-1,-1
118,-1,625,151,808,271,0.9846442937850952,-1,-1,-1
118,-1,318,65,430,151,0.8511925935745239,-1,-1,-1
119,-1,1269,295,1597,488,0.9904639720916748,-1,-1,-1
119,-1,615,149,795,269,0.9837265610694885,-1,-1,-1
119,-1,316,63,424,152,0.7269902229309082,-1,-1,-1
120,-1,610,144,786,266,0.990997314453125,-1,-1,-1
120,-1,1248,291,1559,487,0.9908267855644226,-1,-1,-1
121,-1,604,150,780,267,0.9922540187835693,-1,-1,-1
121,-1,1227,286,1537,477,0.9885281324386597,-1,-1,-1
122,-1,1203,285,1512,466,0.9931267499923706,-1,-1,-1
122,-1,599,146,769,264,0.9925169348716736,-1,-1,-1
123,-1,1184,279,1489,461,0.9935532808303833,-1,-1,-1
123,-1,596,146,762,262,0.9922864437103271,-1,-1,-1
124,-1,1163,275,1463,455,0.9940834641456604,-1,-1,-1
124,-1,594,144,754,262,0.993899941444397,-1,-1,-1
124,-1,312,61,410,148,0.6866421103477478,-1,-1,-1
125,-1,1146,274,1439,450,0.9935663342475891,-1,-1,-1
125,-1,588,142,748,259,0.993016242980957,-1,-1,-1
125,-1,312,60,409,148,0.6341347098350525,-1,-1,-1
126,-1,578,143,743,258,0.9931186437606812,-1,-1,-1
126,-1,1113,269,1414,439,0.9929936528205872,-1,-1,-1
126,-1,308,61,408,148,0.7300271987915039,-1,-1,-1
127,-1,1105,264,1391,437,0.9936332702636719,-1,-1,-1
127,-1,579,142,735,258,0.9901946187019348,-1,-1,-1
127,-1,309,61,407,148,0.6753056645393372,-1,-1,-1
128,-1,1093,260,1368,430,0.9917579293251038,-1,-1,-1
128,-1,575,140,730,254,0.9915754199028015,-1,-1,-1
128,-1,308,58,407,143,0.6247430443763733,-1,-1,-1
129,-1,573,139,724,251,0.9921262264251709,-1,-1,-1
129,-1,1084,258,1345,426,0.9867197871208191,-1,-1,-1
130,-1,1068,248,1325,424,0.9881954193115234,-1,-1,-1
130,-1,570,136,719,251,0.9862198829650879,-1,-1,-1
131,-1,566,135,718,249,0.9921877384185791,-1,-1,-1
131,-1,1053,242,1306,415,0.9876757860183716,-1,-1,-1
132,-1,564,134,711,248,0.9935168027877808,-1,-1,-1
132,-1,1040,238,1291,413,0.9838539958000183,-1,-1,-1
133,-1,562,132,706,244,0.9889421463012695,-1,-1,-1
133,-1,1025,238,1261,407,0.9888027310371399,-1,-1,-1
134,-1,557,131,702,243,0.99048912525177,-1,-1,-1
134,-1,1012,235,1243,400,0.9828373193740845,-1,-1,-1
135,-1,554,132,697,242,0.9920667409896851,-1,-1,-1
135,-1,999,235,1237,390,0.98143470287323,-1,-1,-1
136,-1,549,130,699,240,0.9885110855102539,-1,-1,-1
136,-1,975,229,1217,389,0.9884021878242493,-1,-1,-1
137,-1,548,128,693,239,0.9844756722450256,-1,-1,-1
137,-1,954,231,1193,379,0.9833654761314392,-1,-1,-1
138,-1,949,222,1180,380,0.9899388551712036,-1,-1,-1
138,-1,545,127,691,238,0.9839844107627869,-1,-1,-1
139,-1,940,220,1163,373,0.9815370440483093,-1,-1,-1
139,-1,541,124,686,236,0.9762300252914429,-1,-1,-1
140,-1,536,120,683,235,0.9839969873428345,-1,-1,-1
140,-1,923,217,1148,370,0.9834703803062439,-1,-1,-1
141,-1,911,213,1138,366,0.9893016219139099,-1,-1,-1
141,-1,532,121,679,233,0.982848584651947,-1,-1,-1
142,-1,898,213,1125,360,0.9938504695892334,-1,-1,-1
142,-1,526,119,674,231,0.9868693947792053,-1,-1,-1
143,-1,886,213,1103,357,0.987797200679779,-1,-1,-1
143,-1,522,119,667,229,0.9669708013534546,-1,-1,-1
144,-1,876,210,1092,354,0.992172122001648,-1,-1,-1
144,-1,521,117,661,229,0.973543107509613,-1,-1,-1
145,-1,866,207,1079,349,0.9849269390106201,-1,-1,-1
145,-1,516,117,658,227,0.9724348187446594,-1,-1,-1
146,-1,856,205,1061,344,0.9895093441009521,-1,-1,-1
146,-1,513,114,654,225,0.9867963790893555,-1,-1,-1
146,-1,1103,89,1407,222,0.7679813504219055,-1,-1,-1
147,-1,839,203,1049,341,0.9932552576065063,-1,-1,-1
147,-1,504,113,653,223,0.986504077911377,-1,-1,-1
147,-1,1122,89,1428,222,0.8670252561569214,-1,-1,-1
147,-1,239,62,345,152,0.6450875997543335,-1,-1,-1
148,-1,827,199,1037,337,0.9913108348846436,-1,-1,-1
148,-1,500,112,648,221,0.9899590611457825,-1,-1,-1
148,-1,1137,88,1444,222,0.7973868250846863,-1,-1,-1
148,-1,240,62,347,153,0.6238314509391785,-1,-1,-1
149,-1,819,195,1023,334,0.9954079985618591,-1,-1,-1
149,-1,499,110,639,219,0.9907536506652832,-1,-1,-1
149,-1,1150,86,1460,220,0.8342493176460266,-1,-1,-1
149,-1,246,62,348,155,0.6518104076385498,-1,-1,-1
150,-1,802,191,1010,331,0.992304265499115,-1,-1,-1
150,-1,496,110,635,217,0.9884324669837952,-1,-1,-1
150,-1,1164,86,1465,222,0.8717780709266663,-1,-1,-1
150,-1,248,62,350,154,0.6731292009353638,-1,-1,-1
151,-1,796,188,997,328,0.9921503067016602,-1,-1,-1
151,-1,494,111,633,216,0.9854063987731934,-1,-1,-1
151,-1,1186,83,1481,221,0.890091061592102,-1,-1,-1
151,-1,249,63,356,156,0.8048848509788513,-1,-1,-1
152,-1,784,187,984,325,0.9903272986412048,-1,-1,-1
152,-1,488,109,629,214,0.9755746126174927,-1,-1,-1
152,-1,250,61,359,157,0.8689947724342346,-1,-1,-1
153,-1,780,184,972,320,0.9911059737205505,-1,-1,-1
153,-1,481,107,624,214,0.9554832577705383,-1,-1,-1
153,-1,252,61,360,158,0.9374975562095642,-1,-1,-1
154,-1,767,182,961,317,0.986748456954956,-1,-1,-1
154,-1,253,61,364,160,0.9281638860702515,-1,-1,-1
154,-1,477,109,615,209,0.9136075973510742,-1,-1,-1
154,-1,1244,80,1508,214,0.8345699310302734,-1,-1,-1
155,-1,760,179,949,315,0.990510880947113,-1,-1,-1
155,-1,475,104,606,207,0.9697320461273193,-1,-1,-1
155,-1,254,62,364,161,0.9570107460021973,-1,-1,-1
156,-1,472,103,601,207,0.9808550477027893,-1,-1,-1
156,-1,748,176,939,314,0.9802557229995728,-1,-1,-1
156,-1,253,62,369,163,0.9553327560424805,-1,-1,-1
157,-1,746,174,926,310,0.9897361993789673,-1,-1,-1
157,-1,468,101,597,204,0.9839591383934021,-1,-1,-1
157,-1,257,62,371,165,0.9527994990348816,-1,-1,-1
158,-1,736,173,917,307,0.9932522177696228,-1,-1,-1
158,-1,463,99,589,201,0.986151397228241,-1,-1,-1
158,-1,258,64,375,165,0.9639849662780762,-1,-1,-1
159,-1,730,173,905,304,0.9925938248634338,-1,-1,-1
159,-1,458,93,586,199,0.9870285987854004,-1,-1,-1
159,-1,260,68,378,166,0.980717122554779,-1,-1,-1
160,-1,721,170,897,301,0.993266224861145,-1,-1,-1
160,-1,455,89,582,197,0.9887384176254272,-1,-1,-1
160,-1,264,70,380,168,0.9844242930412292,-1,-1,-1
161,-1,712,168,888,296,0.9943245053291321,-1,-1,-1
161,-1,266,72,383,169,0.985872745513916,-1,-1,-1
161,-1,450,87,582,196,0.9844139814376831,-1,-1,-1
162,-1,706,166,880,294,0.9940060377120972,-1,-1,-1
162,-1,269,74,387,170,0.9858412742614746,-1,-1,-1
162,-1,447,85,577,194,0.981273889541626,-1,-1,-1
163,-1,702,165,872,291,0.9956281185150146,-1,-1,-1
163,-1,270,73,390,170,0.98223876953125,-1,-1,-1
163,-1,446,88,575,192,0.9795160889625549,-1,-1,-1
164,-1,698,163,865,290,0.9941790103912354,-1,-1,-1
164,-1,273,74,395,173,0.9839097857475281,-1,-1,-1
164,-1,445,87,570,191,0.969253420829773,-1,-1,-1
165,-1,691,163,858,287,0.9944789409637451,-1,-1,-1
165,-1,274,74,397,177,0.990263819694519,-1,-1,-1
165,-1,440,85,566,191,0.9695512652397156,-1,-1,-1
166,-1,686,157,848,284,0.9940645098686218,-1,-1,-1
166,-1,275,74,401,178,0.9937292337417603,-1,-1,-1
166,-1,435,89,559,191,0.9694501757621765,-1,-1,-1
167,-1,277,75,404,180,0.9942637085914612,-1,-1,-1
167,-1,679,159,844,283,0.9935116171836853,-1,-1,-1
167,-1,432,88,555,189,0.9671300053596497,-1,-1,-1
168,-1,278,77,405,179,0.9953475594520569,-1,-1,-1
168,-1,675,159,837,283,0.993800938129425,-1,-1,-1
168,-1,427,85,553,188,0.9530788064002991,-1,-1,-1
169,-1,283,74,407,180,0.9937179088592529,-1,-1,-1
169,-1,671,157,832,280,0.9934525489807129,-1,-1,-1
169,-1,425,88,550,187,0.9778088927268982,-1,-1,-1
170,-1,285,75,410,181,0.993606686592102,-1,-1,-1
170,-1,664,155,826,280,0.9918326139450073,-1,-1,-1
170,-1,422,90,544,185,0.9696645736694336,-1,-1,-1
171,-1,659,153,820,273,0.9922258853912354,-1,-1,-1
171,-1,287,76,411,181,0.9897934198379517,-1,-1,-1
171,-1,420,91,538,182,0.9521117210388184,-1,-1,-1
172,-1,651,152,815,271,0.9920275807380676,-1,-1,-1
172,-1,290,76,417,182,0.988229513168335,-1,-1,-1
172,-1,415,84,535,180,0.9747790098190308,-1,-1,-1
173,-1,648,150,806,270,0.991976797580719,-1,-1,-1
173,-1,293,78,423,184,0.9917550086975098,-1,-1,-1
173,-1,416,80,531,177,0.9677928686141968,-1,-1,-1
174,-1,296,85,430,186,0.9925752878189087,-1,-1,-1
174,-1,642,147,801,267,0.9914118051528931,-1,-1,-1
174,-1,412,79,528,177,0.9194045662879944,-1,-1,-1
175,-1,637,146,789,262,0.9937044978141785,-1,-1,-1
175,-1,300,81,433,188,0.9936760067939758,-1,-1,-1
175,-1,410,81,524,177,0.8783917427062988,-1,-1,-1
176,-1,631,145,789,262,0.9936326146125793,-1,-1,-1
176,-1,305,84,434,190,0.9923403263092041,-1,-1,-1
176,-1,406,81,519,175,0.8491860628128052,-1,-1,-1
177,-1,629,143,782,262,0.9949142932891846,-1,-1,-1
177,-1,308,85,441,192,0.993025541305542,-1,-1,-1
177,-1,405,78,514,174,0.6443867683410645,-1,-1,-1
178,-1,621,143,776,261,0.9950487017631531,-1,-1,-1
178,-1,311,86,442,196,0.9892560243606567,-1,-1,-1
179,-1,615,144,771,259,0.9943649768829346,-1,-1,-1
179,-1,314,85,449,199,0.9913904666900635,-1,-1,-1
180,-1,612,142,765,256,0.9921135902404785,-1,-1,-1
180,-1,320,87,453,200,0.9884393215179443,-1,-1,-1
181,-1,322,89,458,202,0.992599606513977,-1,-1,-1
181,-1,608,140,757,254,0.9916757345199585,-1,-1,-1
182,-1,601,141,750,253,0.9938826560974121,-1,-1,-1
182,-1,327,88,462,203,0.9922487735748291,-1,-1,-1
183,-1,597,139,748,251,0.9950768351554871,-1,-1,-1
183,-1,331,90,471,205,0.9901319742202759,-1,-1,-1
184,-1,593,135,742,247,0.9917274713516235,-1,-1,-1
184,-1,336,88,477,206,0.9915962815284729,-1,-1,-1
185,-1,589,134,737,246,0.9906733632087708,-1,-1,-1
185,-1,341,87,482,210,0.9903973340988159,-1,-1,-1
186,-1,584,133,732,245,0.9919912219047546,-1,-1,-1
186,-1,348,87,483,212,0.9900027513504028,-1,-1,-1
187,-1,578,133,725,242,0.9917517304420471,-1,-1,-1
187,-1,352,90,490,214,0.9895025491714478,-1,-1,-1
188,-1,575,132,720,242,0.9930205941200256,-1,-1,-1
188,-1,355,88,496,217,0.9888030886650085,-1,-1,-1
189,-1,363,96,500,220,0.9924346208572388,-1,-1,-1
189,-1,567,132,714,242,0.9877104163169861,-1,-1,-1
190,-1,364,98,509,223,0.9920788407325745,-1,-1,-1
190,-1,566,133,711,240,0.9786231517791748,-1,-1,-1
191,-1,367,101,517,227,0.9931386113166809,-1,-1,-1
191,-1,562,129,706,238,0.9783663749694824,-1,-1,-1
192,-1,373,104,522,229,0.9917920827865601,-1,-1,-1
192,-1,558,128,698,238,0.9889793395996094,-1,-1,-1
193,-1,378,106,530,228,0.9948654770851135,-1,-1,-1
193,-1,551,129,694,233,0.9748789072036743,-1,-1,-1
194,-1,386,108,536,232,0.994283139705658,-1,-1,-1
194,-1,546,126,692,233,0.9814279079437256,-1,-1,-1
195,-1,390,110,540,232,0.9926655888557434,-1,-1,-1
195,-1,545,124,688,231,0.9817388653755188,-1,-1,-1
196,-1,396,107,550,235,0.9947733283042908,-1,-1,-1
196,-1,542,124,680,229,0.9700255990028381,-1,-1,-1
197,-1,400,110,558,236,0.99458247423172,-1,-1,-1
197,-1,538,120,675,227,0.961048424243927,-1,-1,-1
198,-1,401,115,567,241,0.9951274394989014,-1,-1,-1
198,-1,535,120,673,227,0.9454967379570007,-1,-1,-1
199,-1,406,116,572,243,0.9950448274612427,-1,-1,-1
199,-1,533,118,665,227,0.7103710770606995,-1,-1,-1
200,-1,417,116,580,248,0.9956402778625488,-1,-1,-1
201,-1,424,117,590,251,0.9962460398674011,-1,-1,-1
202,-1,430,118,597,254,0.9960029721260071,-1,-1,-1
203,-1,435,119,606,256,0.9961835741996765,-1,-1,-1
204,-1,442,121,612,259,0.9957160353660583,-1,-1,-1
205,-1,448,123,620,262,0.9956329464912415,-1,-1,-1
206,-1,456,124,630,267,0.9943163990974426,-1,-1,-1
207,-1,462,125,638,267,0.9952711462974548,-1,-1,-1
208,-1,472,121,647,273,0.9957841038703918,-1,-1,-1
209,-1,481,120,655,277,0.9923519492149353,-1,-1,-1
210,-1,486,120,670,282,0.9915496110916138,-1,-1,-1
211,-1,495,129,676,288,0.9931380152702332,-1,-1,-1
212,-1,502,136,688,290,0.9934644103050232,-1,-1,-1
213,-1,506,140,700,293,0.9956042766571045,-1,-1,-1
214,-1,519,140,708,298,0.9937030673027039,-1,-1,-1
215,-1,521,146,723,301,0.9941455125808716,-1,-1,-1
216,-1,534,145,735,305,0.9926866292953491,-1,-1,-1
216,-1,467,100,594,200,0.8836863040924072,-1,-1,-1
217,-1,542,149,744,310,0.993129312992096,-1,-1,-1
217,-1,462,99,592,202,0.9619537591934204,-1,-1,-1
218,-1,552,152,758,317,0.9895203113555908,-1,-1,-1
218,-1,463,98,589,201,0.9777989983558655,-1,-1,-1
219,-1,560,153,773,319,0.991809070110321,-1,-1,-1
219,-1,458,94,585,198,0.98346346616745,-1,-1,-1
220,-1,568,160,783,324,0.9919368028640747,-1,-1,-1
220,-1,455,91,581,197,0.9863959550857544,-1,-1,-1
221,-1,581,161,798,331,0.989785373210907,-1,-1,-1
221,-1,449,91,579,197,0.9816694855690002,-1,-1,-1
222,-1,589,168,812,337,0.9915447235107422,-1,-1,-1
222,-1,448,91,578,195,0.984421968460083,-1,-1,-1
223,-1,598,169,828,342,0.993003785610199,-1,-1,-1
223,-1,445,90,573,195,0.9848107099533081,-1,-1,-1
224,-1,611,170,838,348,0.9910894632339478,-1,-1,-1
224,-1,443,91,574,194,0.9887224435806274,-1,-1,-1
225,-1,617,175,857,351,0.9924888610839844,-1,-1,-1
225,-1,441,95,568,193,0.9913432598114014,-1,-1,-1
226,-1,636,178,873,357,0.9907397031784058,-1,-1,-1
226,-1,437,95,563,194,0.986687183380127,-1,-1,-1
227,-1,646,180,887,362,0.9914012551307678,-1,-1,-1
227,-1,434,92,557,190,0.9850354194641113,-1,-1,-1
228,-1,659,185,903,368,0.9904406070709229,-1,-1,-1
228,-1,431,94,553,191,0.9753296971321106,-1,-1,-1
229,-1,669,189,924,376,0.9903632998466492,-1,-1,-1
229,-1,428,93,553,188,0.9429048895835876,-1,-1,-1
230,-1,681,191,940,382,0.9859665036201477,-1,-1,-1
230,-1,424,92,550,186,0.9415009617805481,-1,-1,-1
231,-1,695,196,959,392,0.9901965856552124,-1,-1,-1
231,-1,424,94,541,188,0.9629445672035217,-1,-1,-1
232,-1,708,201,977,397,0.9900978803634644,-1,-1,-1
232,-1,421,94,537,188,0.9707128405570984,-1,-1,-1
233,-1,722,199,998,409,0.989111602306366,-1,-1,-1
233,-1,415,92,534,184,0.9702991843223572,-1,-1,-1
234,-1,735,206,1017,413,0.9896370768547058,-1,-1,-1
234,-1,413,93,532,182,0.9669297933578491,-1,-1,-1
235,-1,750,213,1036,421,0.9905299544334412,-1,-1,-1
235,-1,411,89,526,183,0.9665772914886475,-1,-1,-1
235,-1,1540,312,1919,579,0.8594533205032349,-1,-1,-1
236,-1,762,214,1058,430,0.9903166890144348,-1,-1,-1
236,-1,407,88,523,182,0.9553130865097046,-1,-1,-1
236,-1,1507,302,1915,572,0.9546463489532471,-1,-1,-1
237,-1,779,218,1077,436,0.9918210506439209,-1,-1,-1
237,-1,1473,293,1909,564,0.9804002046585083,-1,-1,-1
237,-1,403,88,519,180,0.9636837840080261,-1,-1,-1
238,-1,797,222,1100,448,0.9918639659881592,-1,-1,-1
238,-1,1445,287,1873,553,0.9857925772666931,-1,-1,-1
238,-1,399,84,517,177,0.9791758060455322,-1,-1,-1
239,-1,814,230,1123,452,0.9919843077659607,-1,-1,-1
239,-1,1417,282,1838,542,0.9892616271972656,-1,-1,-1
239,-1,397,87,512,178,0.9638561606407166,-1,-1,-1
240,-1,1391,278,1805,533,0.9939530491828918,-1,-1,-1
240,-1,833,240,1138,459,0.9894348978996277,-1,-1,-1
240,-1,394,83,510,176,0.9430935978889465,-1,-1,-1
241,-1,1364,272,1769,527,0.9946710467338562,-1,-1,-1
241,-1,846,236,1174,471,0.9932993650436401,-1,-1,-1
241,-1,392,84,509,177,0.9482563734054565,-1,-1,-1
242,-1,861,244,1201,479,0.9933810234069824,-1,-1,-1
242,-1,1339,268,1735,516,0.9925093650817871,-1,-1,-1
242,-1,390,81,506,176,0.9257448315620422,-1,-1,-1
243,-1,878,250,1219,489,0.9943822622299194,-1,-1,-1
243,-1,1311,264,1703,507,0.9927589893341064,-1,-1,-1
243,-1,387,84,502,176,0.934943675994873,-1,-1,-1
244,-1,897,256,1245,504,0.9935263395309448,-1,-1,-1
244,-1,1288,260,1673,499,0.9928616881370544,-1,-1,-1
244,-1,384,83,499,175,0.9345970749855042,-1,-1,-1
245,-1,911,256,1271,511,0.9930766820907593,-1,-1,-1
245,-1,1268,255,1640,486,0.9925507307052612,-1,-1,-1
245,-1,380,78,498,172,0.9477199912071228,-1,-1,-1
246,-1,934,263,1299,523,0.993267297744751,-1,-1,-1
246,-1,1248,249,1611,480,0.9920892715454102,-1,-1,-1
246,-1,378,79,494,172,0.9507871866226196,-1,-1,-1
247,-1,956,269,1331,532,0.9942907094955444,-1,-1,-1
247,-1,1246,244,1572,475,0.9606366753578186,-1,-1,-1
247,-1,377,81,489,172,0.9414688348770142,-1,-1,-1
248,-1,972,269,1353,543,0.9943434000015259,-1,-1,-1
248,-1,1238,238,1551,461,0.9524915218353271,-1,-1,-1
248,-1,376,79,485,170,0.9500476121902466,-1,-1,-1
249,-1,995,275,1380,552,0.9949105381965637,-1,-1,-1
249,-1,371,79,485,170,0.962648868560791,-1,-1,-1
249,-1,1221,233,1521,461,0.6389069557189941,-1,-1,-1
250,-1,1020,286,1414,566,0.9920451641082764,-1,-1,-1
250,-1,367,80,483,170,0.9722954034805298,-1,-1,-1
251,-1,1040,291,1448,578,0.9914518594741821,-1,-1,-1
251,-1,365,79,481,168,0.9703594446182251,-1,-1,-1
252,-1,1064,301,1475,588,0.9859835505485535,-1,-1,-1
252,-1,364,78,479,167,0.9595237970352173,-1,-1,-1
253,-1,1082,299,1504,601,0.9888176918029785,-1,-1,-1
253,-1,364,78,475,167,0.9183233976364136,-1,-1,-1
254,-1,1106,308,1537,616,0.988114058971405,-1,-1,-1
254,-1,363,77,472,166,0.8722251653671265,-1,-1,-1
255,-1,1134,318,1570,629,0.9921112060546875,-1,-1,-1
255,-1,361,76,471,167,0.8816303610801697,-1,-1,-1
256,-1,1156,329,1608,645,0.9934329986572266,-1,-1,-1
256,-1,361,75,465,163,0.8499699831008911,-1,-1,-1
256,-1,1049,202,1340,407,0.8290072083473206,-1,-1,-1
257,-1,1189,333,1646,655,0.9915208220481873,-1,-1,-1
257,-1,1027,207,1326,403,0.9619231820106506,-1,-1,-1
257,-1,362,78,464,163,0.6597790718078613,-1,-1,-1
258,-1,1207,340,1683,671,0.9928190112113953,-1,-1,-1
258,-1,1011,199,1305,400,0.9832538962364197,-1,-1,-1
258,-1,361,78,462,161,0.7426386475563049,-1,-1,-1
259,-1,1236,347,1719,687,0.9950963854789734,-1,-1,-1
259,-1,999,196,1288,400,0.9833055138587952,-1,-1,-1
259,-1,357,76,458,161,0.8160303831100464,-1,-1,-1
260,-1,1254,359,1749,696,0.9923166036605835,-1,-1,-1
260,-1,984,193,1267,397,0.9869438409805298,-1,-1,-1
260,-1,354,76,456,161,0.7983838319778442,-1,-1,-1
261,-1,1276,366,1791,710,0.9908917546272278,-1,-1,-1
261,-1,973,193,1249,388,0.9892429113388062,-1,-1,-1
261,-1,350,74,455,161,0.8386462926864624,-1,-1,-1
262,-1,1304,367,1830,730,0.9760574698448181,-1,-1,-1
262,-1,953,179,1243,381,0.9724055528640747,-1,-1,-1
262,-1,347,76,448,161,0.7795397639274597,-1,-1,-1
263,-1,938,181,1215,373,0.9839881062507629,-1,-1,-1
263,-1,1337,380,1842,749,0.9513322710990906,-1,-1,-1
263,-1,343,76,447,162,0.8777487277984619,-1,-1,-1
264,-1,930,186,1188,370,0.979651153087616,-1,-1,-1
264,-1,1358,392,1849,766,0.9533466696739197,-1,-1,-1
264,-1,345,76,441,156,0.6247684955596924,-1,-1,-1
265,-1,921,185,1172,364,0.9832808375358582,-1,-1,-1
265,-1,1392,394,1920,783,0.9588208794593811,-1,-1,-1
266,-1,907,184,1154,364,0.9902295470237732,-1,-1,-1
266,-1,1444,413,1920,787,0.8983685374259949,-1,-1,-1
267,-1,900,179,1135,361,0.9798552989959717,-1,-1,-1
267,-1,1477,407,1920,807,0.8781182169914246,-1,-1,-1
268,-1,885,175,1124,358,0.9779953956604004,-1,-1,-1
268,-1,1486,424,1920,833,0.6469760537147522,-1,-1,-1
269,-1,875,172,1109,355,0.9879099130630493,-1,-1,-1
270,-1,856,171,1103,345,0.991034209728241,-1,-1,-1
271,-1,851,170,1081,343,0.9905673861503601,-1,-1,-1
272,-1,838,169,1070,341,0.9930402040481567,-1,-1,-1
273,-1,826,166,1056,338,0.9916587471961975,-1,-1,-1
274,-1,817,165,1044,333,0.9926208257675171,-1,-1,-1
275,-1,811,164,1032,330,0.9916313290596008,-1,-1,-1
276,-1,798,162,1027,326,0.9914279580116272,-1,-1,-1
277,-1,792,161,1007,323,0.9920708537101746,-1,-1,-1
278,-1,778,158,1002,319,0.988474428653717,-1,-1,-1
279,-1,771,157,986,318,0.9911715388298035,-1,-1,-1
280,-1,759,155,979,316,0.9896098375320435,-1,-1,-1
281,-1,751,153,974,312,0.9885331392288208,-1,-1,-1
282,-1,743,151,958,310,0.991925060749054,-1,-1,-1
283,-1,730,148,951,309,0.9906538128852844,-1,-1,-1
284,-1,723,147,939,303,0.9894893765449524,-1,-1,-1
285,-1,712,146,928,301,0.9905847907066345,-1,-1,-1
286,-1,703,145,915,297,0.991584300994873,-1,-1,-1
287,-1,694,146,907,295,0.9932157397270203,-1,-1,-1
288,-1,680,144,897,294,0.9904893636703491,-1,-1,-1
289,-1,673,136,886,292,0.9902603030204773,-1,-1,-1
290,-1,659,141,876,293,0.9918230175971985,-1,-1,-1
291,-1,651,137,866,291,0.993701696395874,-1,-1,-1
292,-1,641,135,862,289,0.9937252402305603,-1,-1,-1
293,-1,622,130,843,284,0.9926965236663818,-1,-1,-1
294,-1,613,140,842,284,0.9943680167198181,-1,-1,-1
295,-1,592,135,830,282,0.9929100871086121,-1,-1,-1
296,-1,573,132,815,281,0.9942389726638794,-1,-1,-1
297,-1,561,130,799,279,0.9918530583381653,-1,-1,-1
298,-1,555,130,789,275,0.993455708026886,-1,-1,-1
299,-1,523,127,775,277,0.9940904974937439,-1,-1,-1
300,-1,513,129,758,274,0.9945248365402222,-1,-1,-1
301,-1,497,131,744,269,0.9928144812583923,-1,-1,-1
302,-1,477,132,733,269,0.9936435222625732,-1,-1,-1
303,-1,453,127,716,269,0.9926359057426453,-1,-1,-1
304,-1,427,127,697,271,0.9943081736564636,-1,-1,-1
305,-1,407,127,681,272,0.9938709735870361,-1,-1,-1
306,-1,381,127,662,271,0.9926234483718872,-1,-1,-1
307,-1,360,127,643,270,0.9931668639183044,-1,-1,-1
308,-1,345,127,628,266,0.9924494028091431,-1,-1,-1
309,-1,323,127,608,266,0.9922277331352234,-1,-1,-1
310,-1,295,126,586,268,0.9925103187561035,-1,-1,-1
311,-1,272,128,565,266,0.9928255081176758,-1,-1,-1
312,-1,241,125,550,267,0.9913669228553772,-1,-1,-1
313,-1,217,126,519,267,0.9909740090370178,-1,-1,-1
314,-1,181,130,496,271,0.9928372502326965,-1,-1,-1
315,-1,165,129,472,267,0.9863942265510559,-1,-1,-1
316,-1,129,131,441,272,0.9858101010322571,-1,-1,-1
317,-1,104,138,409,273,0.9873623847961426,-1,-1,-1
318,-1,74,137,390,274,0.9846845865249634,-1,-1,-1
319,-1,48,142,362,273,0.9854462146759033,-1,-1,-1
319,-1,248,71,353,160,0.6466880440711975,-1,-1,-1
320,-1,20,142,331,272,0.9717925786972046,-1,-1,-1
320,-1,252,67,354,159,0.6309348344802856,-1,-1,-1
321,-1,5,143,307,271,0.8368863463401794,-1,-1,-1
321,-1,253,68,357,158,0.7299253344535828,-1,-1,-1
322,-1,253,66,357,161,0.9096710681915283,-1,-1,-1
322,-1,4,145,279,272,0.8161976337432861,-1,-1,-1
323,-1,254,62,358,161,0.9139910340309143,-1,-1,-1
324,-1,257,68,361,160,0.7970672249794006,-1,-1,-1
325,-1,259,69,363,165,0.7335442304611206,-1,-1,-1
326,-1,256,66,364,166,0.8984001874923706,-1,-1,-1
327,-1,260,73,364,167,0.8865612745285034,-1,-1,-1
328,-1,263,83,368,170,0.9432573914527893,-1,-1,-1
329,-1,266,86,374,171,0.9634838700294495,-1,-1,-1
330,-1,268,84,373,173,0.9770150184631348,-1,-1,-1
331,-1,269,84,380,172,0.9749012589454651,-1,-1,-1
332,-1,268,85,382,173,0.9804671406745911,-1,-1,-1
333,-1,273,85,382,176,0.983812689781189,-1,-1,-1
334,-1,274,87,384,176,0.9815789461135864,-1,-1,-1
335,-1,276,88,386,177,0.9892957806587219,-1,-1,-1
336,-1,275,89,389,177,0.9880625009536743,-1,-1,-1
337,-1,277,89,392,177,0.9888806343078613,-1,-1,-1
338,-1,280,90,396,179,0.98624587059021,-1,-1,-1
339,-1,279,88,399,179,0.9905603528022766,-1,-1,-1
340,-1,281,90,401,182,0.9915540814399719,-1,-1,-1
341,-1,285,91,405,183,0.9940260648727417,-1,-1,-1
342,-1,287,92,406,182,0.9913780689239502,-1,-1,-1
343,-1,290,93,405,184,0.9850451350212097,-1,-1,-1
344,-1,292,92,407,184,0.9820718169212341,-1,-1,-1
345,-1,293,91,409,184,0.9745631814002991,-1,-1,-1
346,-1,298,93,411,185,0.9798585176467896,-1,-1,-1
347,-1,301,93,416,189,0.9870975613594055,-1,-1,-1
348,-1,300,95,421,190,0.9905548691749573,-1,-1,-1
349,-1,308,95,423,193,0.9919286966323853,-1,-1,-1
350,-1,309,98,428,195,0.992784857749939,-1,-1,-1
351,-1,310,97,437,196,0.9910238981246948,-1,-1,-1
352,-1,315,97,436,196,0.990500271320343,-1,-1,-1
353,-1,318,97,444,197,0.9911729693412781,-1,-1,-1
354,-1,321,98,445,201,0.9902433753013611,-1,-1,-1
355,-1,325,98,450,200,0.9899150133132935,-1,-1,-1
356,-1,333,99,452,203,0.9911388754844666,-1,-1,-1
357,-1,338,100,456,203,0.9901847839355469,-1,-1,-1
358,-1,341,102,461,205,0.9918944239616394,-1,-1,-1
358,-1,1283,125,1453,240,0.7117093801498413,-1,-1,-1
359,-1,341,101,465,208,0.9950518012046814,-1,-1,-1
359,-1,1278,126,1451,241,0.8434096574783325,-1,-1,-1
360,-1,346,101,470,210,0.9943621158599854,-1,-1,-1
360,-1,1271,125,1450,244,0.915338933467865,-1,-1,-1
361,-1,349,107,474,212,0.9954702854156494,-1,-1,-1
361,-1,1270,125,1446,239,0.9115903973579407,-1,-1,-1
362,-1,354,106,477,214,0.9964021444320679,-1,-1,-1
362,-1,1263,124,1443,240,0.8984859585762024,-1,-1,-1
363,-1,355,107,481,216,0.9937500357627869,-1,-1,-1
363,-1,1256,125,1438,240,0.9543108344078064,-1,-1,-1
363,-1,227,64,336,155,0.6849079132080078,-1,-1,-1
364,-1,358,109,486,216,0.9913641214370728,-1,-1,-1
364,-1,1249,124,1433,239,0.9499643445014954,-1,-1,-1
364,-1,227,64,338,153,0.6098964810371399,-1,-1,-1
365,-1,361,112,493,218,0.9943088889122009,-1,-1,-1
365,-1,1245,122,1429,241,0.9665603637695312,-1,-1,-1
365,-1,226,64,340,154,0.7408344745635986,-1,-1,-1
