12,-1,1368,326,1919,611,0.9199081063270569,-1,-1,-1
13,-1,1349,315,1918,606,0.9749030470848083,-1,-1,-1
14,-1,1322,315,1908,602,0.9788600206375122,-1,-1,-1
15,-1,1301,305,1875,603,0.9668462872505188,-1,-1,-1
16,-1,1262,305,1837,599,0.9628102779388428,-1,-1,-1
17,-1,1234,299,1822,593,0.9733396172523499,-1,-1,-1
18,-1,1194,292,1788,587,0.970481812953949,-1,-1,-1
19,-1,1177,282,1749,572,0.9766785502433777,-1,-1,-1
20,-1,1145,276,1728,557,0.9774734973907471,-1,-1,-1
21,-1,1116,274,1691,551,0.975898265838623,-1,-1,-1
22,-1,1078,267,1651,544,0.9770004749298096,-1,-1,-1
23,-1,1057,265,1625,530,0.9866471290588379,-1,-1,-1
24,-1,1017,259,1576,523,0.9869588017463684,-1,-1,-1
25,-1,986,258,1530,513,0.9862284660339355,-1,-1,-1
26,-1,968,254,1506,503,0.9831574559211731,-1,-1,-1
27,-1,929,250,1460,495,0.9829303622245789,-1,-1,-1
28,-1,898,245,1430,495,0.9842150807380676,-1,-1,-1
29,-1,867,236,1395,479,0.9868818521499634,-1,-1,-1
30,-1,834,233,1359,471,0.9878677129745483,-1,-1,-1
31,-1,820,229,1306,468,0.987663209438324,-1,-1,-1
32,-1,782,228,1286,453,0.9900919198989868,-1,-1,-1
33,-1,747,227,1246,448,0.990021288394928,-1,-1,-1
34,-1,716,214,1197,443,0.9881802797317505,-1,-1,-1
35,-1,693,216,1170,431,0.9876733422279358,-1,-1,-1
36,-1,670,214,1127,422,0.9912716746330261,-1,-1,-1
37,-1,631,213,1086,420,0.9909232258796692,-1,-1,-1
38,-1,612,206,1043,408,0.9916568994522095,-1,-1,-1
39,-1,588,204,1012,404,0.990632176399231,-1,-1,-1
40,-1,562,200,979,397,0.991061270236969,-1,-1,-1
41,-1,533,200,938,391,0.9913386106491089,-1,-1,-1
42,-1,517,198,908,384,0.9927477240562439,-1,-1,-1
43,-1,490,194,870,380,0.9938363432884216,-1,-1,-1
44,-1,473,192,841,370,0.9942566752433777,-1,-1,-1
45,-1,451,191,805,367,0.9944578409194946,-1,-1,-1
46,-1,426,191,778,363,0.9951441287994385,-1,-1,-1
47,-1,405,183,740,362,0.9939775466918945,-1,-1,-1
48,-1,380,182,707,353,0.9949541687965393,-1,-1,-1
49,-1,364,183,678,344,0.994975209236145,-1,-1,-1
50,-1,349,176,652,342,0.9935831427574158,-1,-1,-1
51,-1,322,182,623,339,0.9930852651596069,-1,-1,-1
52,-1,314,180,601,331,0.9926561117172241,-1,-1,-1
53,-1,290,175,563,328,0.9945354461669922,-1,-1,-1
54,-1,273,173,539,324,0.9950666427612305,-1,-1,-1
55,-1,269,171,517,317,0.9942383766174316,-1,-1,-1
56,-1,244,171,495,315,0.9938673377037048,-1,-1,-1
57,-1,226,170,472,314,0.9945995807647705,-1,-1,-1
58,-1,218,170,448,308,0.9939152598381042,-1,-1,-1
59,-1,201,170,426,305,0.9959563612937927,-1,-1,-1
60,-1,194,171,407,302,0.9952764511108398,-1,-1,-1
61,-1,174,170,390,301,0.9947510361671448,-1,-1,-1
62,-1,167,171,369,297,0.9956697225570679,-1,-1,-1
63,-1,148,171,352,296,0.9960047602653503,-1,-1,-1
64,-1,135,168,334,294,0.9950531125068665,-1,-1,-1
65,-1,129,169,316,290,0.9948098659515381,-1,-1,-1
66,-1,108,165,298,291,0.9936594367027283,-1,-1,-1
67,-1,105,163,282,285,0.9903491735458374,-1,-1,-1
68,-1,93,167,268,283,0.9874128103256226,-1,-1,-1
69,-1,82,166,253,281,0.9895220398902893,-1,-1,-1
70,-1,69,167,238,280,0.9897841811180115,-1,-1,-1
71,-1,62,166,223,277,0.9837180972099304,-1,-1,-1
72,-1,50,165,208,276,0.9799953103065491,-1,-1,-1
73,-1,41,164,198,275,0.9848837852478027,-1,-1,-1
74,-1,35,164,183,274,0.9731661081314087,-1,-1,-1
75,-1,24,164,171,273,0.974125325679779,-1,-1,-1
76,-1,15,165,160,271,0.9869874715805054,-1,-1,-1
77,-1,9,164,147,268,0.9905657172203064,-1,-1,-1
78,-1,2,166,135,266,0.9722455143928528,-1,-1,-1
79,-1,4,165,123,263,0.9528104662895203,-1,-1,-1
80,-1,3,167,114,264,0.8082626461982727,-1,-1,-1
81,-1,0,165,103,261,0.6742680668830872,-1,-1,-1
121,-1,0,196,119,319,0.8969882130622864,-1,-1,-1
122,-1,0,194,126,323,0.9531692266464233,-1,-1,-1
123,-1,0,195,136,324,0.9393043518066406,-1,-1,-1
124,-1,0,196,147,326,0.9282376766204834,-1,-1,-1
125,-1,0,194,159,330,0.9700146317481995,-1,-1,-1
126,-1,4,198,169,333,0.9569395780563354,-1,-1,-1
127,-1,4,197,177,338,0.9800058603286743,-1,-1,-1
128,-1,6,197,190,341,0.9886435866355896,-1,-1,-1
129,-1,4,197,200,341,0.9922637939453125,-1,-1,-1
130,-1,12,200,209,341,0.9920984506607056,-1,-1,-1
131,-1,15,198,223,347,0.9916580319404602,-1,-1,-1
132,-1,19,200,230,347,0.9942272901535034,-1,-1,-1
133,-1,24,202,237,349,0.9932981133460999,-1,-1,-1
134,-1,31,202,245,353,0.9933322072029114,-1,-1,-1
135,-1,32,204,260,352,0.9907512664794922,-1,-1,-1
136,-1,40,202,271,360,0.9924139380455017,-1,-1,-1
137,-1,45,204,281,361,0.9939162135124207,-1,-1,-1
138,-1,46,208,284,359,0.9928818941116333,-1,-1,-1
139,-1,59,203,291,364,0.9921408891677856,-1,-1,-1
140,-1,61,207,309,368,0.9927581548690796,-1,-1,-1
141,-1,58,209,308,364,0.992967963218689,-1,-1,-1
142,-1,70,207,323,369,0.9923484325408936,-1,-1,-1
143,-1,76,208,335,371,0.993317723274231,-1,-1,-1
144,-1,82,209,340,372,0.9942210912704468,-1,-1,-1
145,-1,83,208,349,375,0.9946693778038025,-1,-1,-1
146,-1,86,208,356,379,0.9943931102752686,-1,-1,-1
147,-1,89,212,362,380,0.9945183396339417,-1,-1,-1
148,-1,97,212,372,382,0.993769109249115,-1,-1,-1
149,-1,106,212,380,385,0.9945250749588013,-1,-1,-1
150,-1,107,212,388,387,0.994642972946167,-1,-1,-1
150,-1,1483,127,1593,210,0.6353201270103455,-1,-1,-1
151,-1,113,213,399,388,0.9952301979064941,-1,-1,-1
151,-1,1474,126,1589,213,0.7203740477561951,-1,-1,-1
152,-1,117,215,408,390,0.9948953986167908,-1,-1,-1
153,-1,127,212,427,395,0.9930821061134338,-1,-1,-1
154,-1,130,212,439,399,0.9932680726051331,-1,-1,-1
155,-1,138,213,448,407,0.993154764175415,-1,-1,-1
156,-1,144,213,461,407,0.9936907291412354,-1,-1,-1
156,-1,1432,131,1558,223,0.8170309662818909,-1,-1,-1
157,-1,155,217,476,407,0.9944098591804504,-1,-1,-1
157,-1,1420,133,1547,228,0.8288589715957642,-1,-1,-1
158,-1,160,218,491,411,0.9943349361419678,-1,-1,-1
158,-1,1413,137,1542,228,0.7649189829826355,-1,-1,-1
159,-1,169,220,513,415,0.9939318895339966,-1,-1,-1
159,-1,1402,136,1535,231,0.7478855848312378,-1,-1,-1
160,-1,179,223,533,422,0.9936696887016296,-1,-1,-1
160,-1,1391,137,1525,235,0.8870722055435181,-1,-1,-1
161,-1,197,224,551,428,0.9927682876586914,-1,-1,-1
161,-1,1382,140,1519,235,0.9631357192993164,-1,-1,-1
162,-1,213,224,572,431,0.991859495639801,-1,-1,-1
162,-1,1372,142,1511,239,0.9420567154884338,-1,-1,-1
163,-1,226,227,601,435,0.9935579895973206,-1,-1,-1
163,-1,1363,142,1502,240,0.9838428497314453,-1,-1,-1
164,-1,236,226,623,443,0.9930994510650635,-1,-1,-1
164,-1,1352,145,1495,242,0.9749563336372375,-1,-1,-1
165,-1,256,231,664,451,0.9936855435371399,-1,-1,-1
165,-1,1343,146,1488,245,0.9833699464797974,-1,-1,-1
166,-1,267,234,693,461,0.9941434264183044,-1,-1,-1
166,-1,1329,148,1482,247,0.9886602163314819,-1,-1,-1
167,-1,284,234,720,472,0.9946245551109314,-1,-1,-1
167,-1,1322,148,1473,250,0.9841630458831787,-1,-1,-1
168,-1,306,237,762,481,0.994709849357605,-1,-1,-1
168,-1,1310,149,1465,252,0.9900426864624023,-1,-1,-1
169,-1,347,241,798,491,0.9913305044174194,-1,-1,-1
169,-1,1300,149,1457,257,0.9899309873580933,-1,-1,-1
170,-1,353,245,846,504,0.991633415222168,-1,-1,-1
170,-1,1288,151,1450,256,0.9873251914978027,-1,-1,-1
171,-1,396,251,886,516,0.9922046661376953,-1,-1,-1
171,-1,1280,151,1444,261,0.9904590845108032,-1,-1,-1
172,-1,421,252,947,528,0.9911694526672363,-1,-1,-1
172,-1,1266,153,1435,262,0.9875023365020752,-1,-1,-1
173,-1,458,258,1010,543,0.9929378628730774,-1,-1,-1
173,-1,1259,154,1427,263,0.9888446927070618,-1,-1,-1
174,-1,499,266,1067,558,0.9922009706497192,-1,-1,-1
174,-1,1250,155,1419,267,0.9884161949157715,-1,-1,-1
175,-1,1241,157,1412,268,0.9913922548294067,-1,-1,-1
175,-1,536,272,1135,577,0.9911088943481445,-1,-1,-1
176,-1,572,273,1214,594,0.9890590310096741,-1,-1,-1
176,-1,1232,160,1403,273,0.9810173511505127,-1,-1,-1
177,-1,629,286,1292,618,0.9868849515914917,-1,-1,-1
177,-1,1221,162,1396,275,0.9847427606582642,-1,-1,-1
178,-1,691,287,1362,642,0.9796236157417297,-1,-1,-1
178,-1,1211,164,1389,281,0.9759374856948853,-1,-1,-1
179,-1,732,302,1477,662,0.9829341769218445,-1,-1,-1
179,-1,1201,164,1381,280,0.9581042528152466,-1,-1,-1
180,-1,780,313,1556,695,0.985847532749176,-1,-1,-1
180,-1,1192,167,1374,284,0.9845883250236511,-1,-1,-1
181,-1,876,319,1667,721,0.9835126996040344,-1,-1,-1
181,-1,1182,168,1366,285,0.9648752212524414,-1,-1,-1
182,-1,1175,170,1363,288,0.9841480255126953,-1,-1,-1
182,-1,940,329,1760,759,0.9736475944519043,-1,-1,-1
183,-1,1166,171,1354,289,0.9894002079963684,-1,-1,-1
183,-1,1047,359,1856,780,0.9708948135375977,-1,-1,-1
184,-1,1153,171,1347,291,0.9775782823562622,-1,-1,-1
184,-1,1127,364,1920,809,0.9463699460029602,-1,-1,-1
185,-1,1145,173,1342,293,0.9842138290405273,-1,-1,-1
186,-1,1141,174,1334,295,0.9885127544403076,-1,-1,-1
187,-1,1128,175,1328,296,0.9804586172103882,-1,-1,-1
188,-1,1122,175,1322,298,0.9834291338920593,-1,-1,-1
189,-1,1115,177,1316,299,0.9849729537963867,-1,-1,-1
190,-1,1100,180,1307,303,0.9868859052658081,-1,-1,-1
191,-1,1095,181,1304,305,0.9847508668899536,-1,-1,-1
192,-1,1088,183,1298,306,0.9860370755195618,-1,-1,-1
193,-1,1081,182,1297,308,0.9886844754219055,-1,-1,-1
194,-1,1075,185,1291,310,0.9909504652023315,-1,-1,-1
195,-1,1072,185,1288,311,0.9927983283996582,-1,-1,-1
196,-1,1066,185,1284,313,0.9931847453117371,-1,-1,-1
197,-1,1060,185,1282,314,0.9933091402053833,-1,-1,-1
198,-1,1057,186,1278,317,0.9918850660324097,-1,-1,-1
199,-1,1054,186,1275,318,0.9916994571685791,-1,-1,-1
200,-1,1057,187,1276,316,0.9900012016296387,-1,-1,-1
201,-1,1047,187,1272,318,0.9911279678344727,-1,-1,-1
202,-1,1044,186,1269,319,0.9910927414894104,-1,-1,-1
203,-1,1043,187,1267,319,0.9911773204803467,-1,-1,-1
203,-1,1528,393,1920,622,0.6635066270828247,-1,-1,-1
204,-1,1041,187,1266,320,0.990998387336731,-1,-1,-1
204,-1,1502,385,1920,619,0.9530391693115234,-1,-1,-1
205,-1,1041,187,1266,321,0.9914440512657166,-1,-1,-1
205,-1,1482,378,1920,611,0.9860094785690308,-1,-1,-1
206,-1,1040,187,1265,321,0.991953432559967,-1,-1,-1
206,-1,1454,372,1912,607,0.9902635812759399,-1,-1,-1
207,-1,1040,187,1265,321,0.9919954538345337,-1,-1,-1
207,-1,1440,366,1881,600,0.9883484840393066,-1,-1,-1
208,-1,1041,187,1266,321,0.9919393658638,-1,-1,-1
208,-1,1403,363,1850,589,0.988459050655365,-1,-1,-1
209,-1,1041,187,1266,321,0.9917523264884949,-1,-1,-1
209,-1,1356,361,1823,587,0.9903201460838318,-1,-1,-1
210,-1,1310,354,1781,572,0.9913656711578369,-1,-1,-1
210,-1,1041,187,1266,321,0.9912700653076172,-1,-1,-1
211,-1,1287,341,1739,561,0.9923474788665771,-1,-1,-1
211,-1,1041,188,1265,320,0.9902510643005371,-1,-1,-1
212,-1,1240,337,1697,553,0.9941225647926331,-1,-1,-1
212,-1,1041,188,1265,320,0.9895867109298706,-1,-1,-1
213,-1,1194,331,1662,547,0.9941202998161316,-1,-1,-1
213,-1,1040,188,1265,320,0.9887552261352539,-1,-1,-1
214,-1,1169,323,1611,535,0.9923288226127625,-1,-1,-1
214,-1,1040,188,1265,320,0.9878494143486023,-1,-1,-1
215,-1,1127,315,1566,523,0.9927932024002075,-1,-1,-1
215,-1,1040,188,1265,320,0.9870452284812927,-1,-1,-1
216,-1,1081,309,1523,517,0.9933099746704102,-1,-1,-1
216,-1,1040,188,1265,320,0.9857299327850342,-1,-1,-1
217,-1,1054,294,1472,504,0.9920411705970764,-1,-1,-1
217,-1,1040,188,1265,320,0.9856199026107788,-1,-1,-1
218,-1,996,295,1422,493,0.9940721392631531,-1,-1,-1
218,-1,1037,189,1265,318,0.9796980619430542,-1,-1,-1
219,-1,964,290,1379,482,0.9928030371665955,-1,-1,-1
219,-1,1042,189,1265,319,0.9658578634262085,-1,-1,-1
220,-1,908,282,1327,475,0.9941807389259338,-1,-1,-1
220,-1,1042,187,1268,318,0.9158154726028442,-1,-1,-1
221,-1,890,281,1272,461,0.9943087697029114,-1,-1,-1
221,-1,1042,189,1265,317,0.93404221534729,-1,-1,-1
222,-1,848,275,1224,457,0.9940685033798218,-1,-1,-1
222,-1,1044,189,1264,317,0.9614076018333435,-1,-1,-1
223,-1,809,267,1177,447,0.9941032528877258,-1,-1,-1
223,-1,1043,190,1266,318,0.9686212539672852,-1,-1,-1
224,-1,753,257,1138,436,0.9950575828552246,-1,-1,-1
224,-1,1041,187,1265,320,0.9731219410896301,-1,-1,-1
225,-1,715,254,1089,430,0.9950743317604065,-1,-1,-1
225,-1,1037,188,1263,321,0.9863792657852173,-1,-1,-1
226,-1,676,250,1037,423,0.9942881464958191,-1,-1,-1
226,-1,1035,188,1262,322,0.9907513856887817,-1,-1,-1
227,-1,639,241,989,414,0.9940007328987122,-1,-1,-1
227,-1,1033,189,1260,323,0.9930189251899719,-1,-1,-1
228,-1,610,237,947,405,0.9930540919303894,-1,-1,-1
228,-1,1031,189,1258,323,0.9915987253189087,-1,-1,-1
229,-1,582,236,901,393,0.9934824109077454,-1,-1,-1
229,-1,1028,190,1255,324,0.9920846223831177,-1,-1,-1
230,-1,549,232,853,387,0.9933238625526428,-1,-1,-1
230,-1,1022,191,1252,324,0.9915632009506226,-1,-1,-1
231,-1,519,231,816,378,0.991709291934967,-1,-1,-1
231,-1,1014,192,1246,326,0.991374671459198,-1,-1,-1
232,-1,488,223,778,371,0.9933845400810242,-1,-1,-1
232,-1,1006,191,1241,328,0.9907468557357788,-1,-1,-1
233,-1,450,218,730,367,0.993416428565979,-1,-1,-1
233,-1,994,193,1239,328,0.9881448745727539,-1,-1,-1
234,-1,425,213,689,361,0.9911482334136963,-1,-1,-1
234,-1,998,193,1240,329,0.98592209815979,-1,-1,-1
235,-1,397,211,655,355,0.9916982650756836,-1,-1,-1
235,-1,979,195,1225,333,0.9911672472953796,-1,-1,-1
236,-1,372,210,623,351,0.9925191402435303,-1,-1,-1
236,-1,978,195,1219,335,0.9889843463897705,-1,-1,-1
237,-1,349,208,592,346,0.9927892088890076,-1,-1,-1
237,-1,959,199,1211,335,0.9910420179367065,-1,-1,-1
238,-1,948,200,1202,343,0.9917731881141663,-1,-1,-1
238,-1,327,206,560,338,0.9915288686752319,-1,-1,-1
239,-1,931,205,1192,346,0.9927458167076111,-1,-1,-1
239,-1,305,203,528,334,0.9900839328765869,-1,-1,-1
240,-1,930,208,1182,350,0.991273820400238,-1,-1,-1
240,-1,284,201,499,329,0.9816688895225525,-1,-1,-1
241,-1,902,209,1170,351,0.9905633926391602,-1,-1,-1
241,-1,271,199,472,323,0.9881749153137207,-1,-1,-1
242,-1,884,210,1158,358,0.9908415079116821,-1,-1,-1
242,-1,251,197,447,320,0.9777892231941223,-1,-1,-1
243,-1,864,213,1146,361,0.9907562136650085,-1,-1,-1
243,-1,232,195,423,315,0.980089545249939,-1,-1,-1
244,-1,840,218,1128,365,0.9916236996650696,-1,-1,-1
244,-1,218,194,400,311,0.9879873991012573,-1,-1,-1
245,-1,817,219,1114,373,0.9915295839309692,-1,-1,-1
245,-1,200,195,377,306,0.9892059564590454,-1,-1,-1
246,-1,181,194,358,303,0.9935033917427063,-1,-1,-1
246,-1,804,224,1098,375,0.9924138188362122,-1,-1,-1
247,-1,167,192,336,301,0.994521975517273,-1,-1,-1
247,-1,775,229,1080,381,0.9911448359489441,-1,-1,-1
248,-1,151,191,316,298,0.9910725951194763,-1,-1,-1
248,-1,754,228,1061,388,0.990687906742096,-1,-1,-1
249,-1,719,233,1038,395,0.9899857044219971,-1,-1,-1
249,-1,136,188,295,297,0.9869138598442078,-1,-1,-1
250,-1,694,239,1023,401,0.9915181994438171,-1,-1,-1
250,-1,120,189,279,293,0.9848836064338684,-1,-1,-1
251,-1,665,247,999,408,0.9920479655265808,-1,-1,-1
251,-1,109,186,259,291,0.9601185917854309,-1,-1,-1
252,-1,633,252,975,416,0.9927154183387756,-1,-1,-1
252,-1,95,186,242,286,0.948315441608429,-1,-1,-1
253,-1,590,249,939,429,0.9917791485786438,-1,-1,-1
253,-1,87,184,223,285,0.749565064907074,-1,-1,-1
254,-1,553,258,925,436,0.9904493689537048,-1,-1,-1
254,-1,71,182,212,284,0.8517901301383972,-1,-1,-1
255,-1,504,263,887,453,0.9902564287185669,-1,-1,-1
255,-1,56,184,196,281,0.926673173904419,-1,-1,-1
256,-1,480,275,845,462,0.9922261238098145,-1,-1,-1
256,-1,46,181,181,281,0.8891569375991821,-1,-1,-1
257,-1,436,274,812,476,0.9917430281639099,-1,-1,-1
257,-1,36,181,166,278,0.8938539028167725,-1,-1,-1
258,-1,370,287,778,498,0.991524338722229,-1,-1,-1
258,-1,26,178,152,276,0.8248856067657471,-1,-1,-1
259,-1,314,297,727,514,0.9934138655662537,-1,-1,-1
259,-1,16,180,137,274,0.667492687702179,-1,-1,-1
260,-1,253,308,687,533,0.991817831993103,-1,-1,-1
260,-1,6,176,126,271,0.8851419687271118,-1,-1,-1
