1,-1,423,510,765,764,0.9923535585403442,-1,-1,-1
1,-1,1015,412,1211,577,0.9873595833778381,-1,-1,-1
1,-1,1220,459,1478,677,0.8485172390937805,-1,-1,-1
1,-1,1161,267,1290,383,0.7867282032966614,-1,-1,-1
2,-1,408,513,751,769,0.9939857125282288,-1,-1,-1
2,-1,1011,411,1207,577,0.9877421855926514,-1,-1,-1
2,-1,1223,459,1480,673,0.8345517516136169,-1,-1,-1
2,-1,1156,268,1294,383,0.6844179630279541,-1,-1,-1
3,-1,385,518,739,781,0.9924417734146118,-1,-1,-1
3,-1,1006,413,1206,579,0.9856169819831848,-1,-1,-1
3,-1,1225,460,1480,672,0.9059382677078247,-1,-1,-1
3,-1,1160,268,1289,382,0.8112104535102844,-1,-1,-1
4,-1,357,521,722,786,0.993803858757019,-1,-1,-1
4,-1,1004,417,1203,582,0.986585259437561,-1,-1,-1
4,-1,1229,456,1484,669,0.8351970314979553,-1,-1,-1
4,-1,1155,271,1297,385,0.7920824885368347,-1,-1,-1
5,-1,340,527,714,804,0.9930514097213745,-1,-1,-1
5,-1,999,414,1202,582,0.9851241707801819,-1,-1,-1
5,-1,1157,274,1290,386,0.9061778783798218,-1,-1,-1
5,-1,1231,456,1485,672,0.8587504029273987,-1,-1,-1
6,-1,312,531,689,814,0.9929406642913818,-1,-1,-1
6,-1,998,419,1198,583,0.9865447878837585,-1,-1,-1
6,-1,1158,275,1288,387,0.887148916721344,-1,-1,-1
6,-1,1238,457,1486,670,0.8578556180000305,-1,-1,-1
7,-1,291,532,672,825,0.992962658405304,-1,-1,-1
7,-1,994,415,1195,584,0.9871901869773865,-1,-1,-1
7,-1,1157,274,1288,389,0.9230712056159973,-1,-1,-1
7,-1,1242,461,1487,668,0.9131435751914978,-1,-1,-1
8,-1,269,547,654,829,0.9936649799346924,-1,-1,-1
8,-1,990,418,1193,587,0.9873532056808472,-1,-1,-1
8,-1,1156,275,1288,390,0.9312250018119812,-1,-1,-1
8,-1,1244,458,1489,661,0.8831340074539185,-1,-1,-1
9,-1,237,554,637,858,0.992298424243927,-1,-1,-1
9,-1,989,417,1189,587,0.9896140694618225,-1,-1,-1
9,-1,1156,276,1288,392,0.950810968875885,-1,-1,-1
9,-1,1248,459,1491,659,0.9188655018806458,-1,-1,-1
10,-1,204,564,615,856,0.9920166730880737,-1,-1,-1
10,-1,981,419,1189,591,0.9880840182304382,-1,-1,-1
10,-1,1155,276,1288,393,0.9427959322929382,-1,-1,-1
10,-1,1251,456,1492,656,0.8527605533599854,-1,-1,-1
11,-1,179,568,588,879,0.9883936047554016,-1,-1,-1
11,-1,977,419,1185,593,0.9859303832054138,-1,-1,-1
11,-1,1156,279,1288,394,0.9204154014587402,-1,-1,-1
11,-1,1256,454,1498,656,0.8381826281547546,-1,-1,-1
12,-1,143,577,556,894,0.993097722530365,-1,-1,-1
12,-1,970,420,1183,595,0.9875927567481995,-1,-1,-1
12,-1,1155,279,1288,395,0.9378727674484253,-1,-1,-1
12,-1,1255,451,1495,656,0.8251232504844666,-1,-1,-1
13,-1,114,586,543,910,0.9904537200927734,-1,-1,-1
13,-1,967,420,1181,596,0.9865108728408813,-1,-1,-1
13,-1,1154,280,1289,395,0.939175009727478,-1,-1,-1
13,-1,1263,449,1504,653,0.9012482762336731,-1,-1,-1
14,-1,75,603,516,920,0.9892099499702454,-1,-1,-1
14,-1,965,419,1188,594,0.986718475818634,-1,-1,-1
14,-1,1153,281,1289,396,0.9262673854827881,-1,-1,-1
14,-1,1266,446,1511,646,0.8706274032592773,-1,-1,-1
15,-1,38,617,491,941,0.9860585331916809,-1,-1,-1
15,-1,962,420,1184,597,0.9853695631027222,-1,-1,-1
15,-1,1152,282,1289,397,0.9279802441596985,-1,-1,-1
15,-1,1266,436,1504,650,0.8427433967590332,-1,-1,-1
16,-1,957,421,1169,599,0.9808146953582764,-1,-1,-1
16,-1,0,634,464,956,0.9791406393051147,-1,-1,-1
16,-1,1151,284,1288,398,0.9120187759399414,-1,-1,-1
16,-1,1269,445,1496,647,0.8573248982429504,-1,-1,-1
17,-1,953,421,1169,598,0.9835004806518555,-1,-1,-1
17,-1,1150,285,1287,400,0.9156712293624878,-1,-1,-1
17,-1,1271,436,1505,645,0.8584917783737183,-1,-1,-1
17,-1,4,643,426,968,0.84564208984375,-1,-1,-1
17,-1,1386,395,1663,627,0.7309132218360901,-1,-1,-1
18,-1,948,422,1164,600,0.9852403402328491,-1,-1,-1
18,-1,1273,440,1501,644,0.9422034621238708,-1,-1,-1
18,-1,1149,284,1289,403,0.9206246733665466,-1,-1,-1
18,-1,0,659,390,988,0.8601458668708801,-1,-1,-1
18,-1,1420,393,1687,621,0.8074155449867249,-1,-1,-1
19,-1,942,423,1161,602,0.9890796542167664,-1,-1,-1
19,-1,1274,442,1503,643,0.9618023037910461,-1,-1,-1
19,-1,1149,286,1289,404,0.9203813672065735,-1,-1,-1
19,-1,1427,396,1703,625,0.8675941228866577,-1,-1,-1
20,-1,937,422,1161,606,0.9904403686523438,-1,-1,-1
20,-1,1275,436,1505,642,0.9639403223991394,-1,-1,-1
20,-1,1149,286,1289,405,0.9253969788551331,-1,-1,-1
21,-1,929,421,1158,609,0.9856524467468262,-1,-1,-1
21,-1,1282,420,1501,634,0.9388887882232666,-1,-1,-1
21,-1,1147,287,1287,405,0.9382883906364441,-1,-1,-1
22,-1,921,419,1151,609,0.9902303814888,-1,-1,-1
22,-1,1146,288,1287,407,0.9275271892547607,-1,-1,-1
22,-1,1437,401,1791,635,0.919590175151825,-1,-1,-1
22,-1,1284,419,1500,634,0.9099835753440857,-1,-1,-1
23,-1,921,422,1147,613,0.9894829392433167,-1,-1,-1
23,-1,1146,289,1286,410,0.9294735193252563,-1,-1,-1
23,-1,1282,430,1505,635,0.921299397945404,-1,-1,-1
24,-1,914,421,1142,613,0.9848976731300354,-1,-1,-1
24,-1,1286,428,1510,634,0.9400656223297119,-1,-1,-1
24,-1,1146,290,1287,410,0.9342027306556702,-1,-1,-1
24,-1,1471,396,1865,627,0.9302562475204468,-1,-1,-1
25,-1,909,422,1138,614,0.9886437654495239,-1,-1,-1
25,-1,1510,396,1892,625,0.9353013038635254,-1,-1,-1
25,-1,1289,431,1512,631,0.9348059892654419,-1,-1,-1
25,-1,1146,292,1286,411,0.9217679500579834,-1,-1,-1
26,-1,905,426,1137,617,0.9843851327896118,-1,-1,-1
26,-1,1509,393,1920,613,0.9687429666519165,-1,-1,-1
26,-1,1291,435,1511,627,0.8881195783615112,-1,-1,-1
26,-1,1144,292,1290,412,0.8866965770721436,-1,-1,-1
27,-1,901,423,1130,617,0.9854103326797485,-1,-1,-1
27,-1,1146,292,1286,414,0.9469095468521118,-1,-1,-1
27,-1,1293,434,1509,627,0.8645279407501221,-1,-1,-1
27,-1,1546,392,1918,616,0.8364279866218567,-1,-1,-1
28,-1,892,423,1129,618,0.9874516129493713,-1,-1,-1
28,-1,1144,296,1288,415,0.936791181564331,-1,-1,-1
28,-1,1296,431,1511,626,0.9360560774803162,-1,-1,-1
28,-1,1580,389,1920,610,0.6808191537857056,-1,-1,-1
29,-1,888,427,1123,620,0.987808346748352,-1,-1,-1
29,-1,1297,431,1513,624,0.9481989741325378,-1,-1,-1
29,-1,1145,297,1288,417,0.9422981142997742,-1,-1,-1
29,-1,1601,391,1919,608,0.6205805540084839,-1,-1,-1
30,-1,875,425,1119,620,0.9823793768882751,-1,-1,-1
30,-1,1146,298,1284,417,0.9538838267326355,-1,-1,-1
30,-1,1297,428,1512,621,0.9399387240409851,-1,-1,-1
31,-1,872,428,1115,624,0.9892674088478088,-1,-1,-1
31,-1,1146,298,1281,418,0.9468880295753479,-1,-1,-1
31,-1,1298,431,1511,618,0.9420318603515625,-1,-1,-1
32,-1,865,426,1108,624,0.986756443977356,-1,-1,-1
32,-1,1299,430,1511,616,0.9449329376220703,-1,-1,-1
32,-1,1145,300,1280,420,0.9442548155784607,-1,-1,-1
33,-1,862,426,1107,632,0.9837270975112915,-1,-1,-1
33,-1,1301,426,1511,615,0.9453740119934082,-1,-1,-1
33,-1,1144,301,1281,420,0.9450938701629639,-1,-1,-1
34,-1,855,426,1102,634,0.9805908799171448,-1,-1,-1
34,-1,1304,427,1511,612,0.9485703706741333,-1,-1,-1
34,-1,1144,302,1280,421,0.9280368685722351,-1,-1,-1
35,-1,848,427,1097,638,0.9839335083961487,-1,-1,-1
35,-1,1306,424,1511,611,0.9465148448944092,-1,-1,-1
35,-1,1143,304,1278,422,0.9456242322921753,-1,-1,-1
36,-1,841,427,1092,638,0.9852157831192017,-1,-1,-1
36,-1,1307,429,1511,608,0.9478181004524231,-1,-1,-1
36,-1,1143,305,1277,423,0.9471570253372192,-1,-1,-1
37,-1,833,426,1086,639,0.9826329946517944,-1,-1,-1
37,-1,1141,306,1279,425,0.9598440527915955,-1,-1,-1
37,-1,1311,407,1507,608,0.9443355202674866,-1,-1,-1
38,-1,1141,307,1279,426,0.9689582586288452,-1,-1,-1
38,-1,831,426,1079,637,0.9611672163009644,-1,-1,-1
38,-1,1311,417,1507,608,0.9256684184074402,-1,-1,-1
39,-1,1139,308,1278,426,0.9620096683502197,-1,-1,-1
39,-1,822,423,1076,642,0.9507526755332947,-1,-1,-1
39,-1,1312,415,1506,606,0.9378207921981812,-1,-1,-1
40,-1,815,425,1067,637,0.9487499594688416,-1,-1,-1
40,-1,1141,309,1277,426,0.9440078735351562,-1,-1,-1
40,-1,1313,416,1505,604,0.9197484254837036,-1,-1,-1
41,-1,1140,309,1276,428,0.9301773309707642,-1,-1,-1
41,-1,1311,422,1506,599,0.8912338018417358,-1,-1,-1
41,-1,806,422,1058,640,0.8261629939079285,-1,-1,-1
42,-1,1139,310,1275,430,0.9248613715171814,-1,-1,-1
42,-1,1311,420,1505,598,0.8926932215690613,-1,-1,-1
43,-1,1140,311,1276,433,0.8975724577903748,-1,-1,-1
43,-1,1315,422,1506,596,0.8725223541259766,-1,-1,-1
44,-1,1314,420,1506,594,0.8873685598373413,-1,-1,-1
44,-1,1138,312,1275,435,0.8862254619598389,-1,-1,-1
45,-1,1315,420,1505,594,0.9210052490234375,-1,-1,-1
45,-1,1135,312,1274,436,0.8427756428718567,-1,-1,-1
46,-1,1316,406,1501,591,0.9026380181312561,-1,-1,-1
46,-1,1135,311,1275,437,0.7868178486824036,-1,-1,-1
47,-1,1317,405,1500,589,0.8814347386360168,-1,-1,-1
47,-1,1135,316,1273,437,0.7827963829040527,-1,-1,-1
48,-1,1317,406,1500,588,0.8812615275382996,-1,-1,-1
48,-1,1133,314,1277,440,0.7704125046730042,-1,-1,-1
48,-1,762,509,1311,1080,0.6380756497383118,-1,-1,-1
49,-1,785,505,1310,1080,0.8849614262580872,-1,-1,-1
49,-1,1134,317,1274,440,0.8601621985435486,-1,-1,-1
49,-1,1319,406,1499,586,0.8530934453010559,-1,-1,-1
50,-1,799,487,1321,1065,0.938795804977417,-1,-1,-1
50,-1,1133,319,1271,441,0.8032664656639099,-1,-1,-1
50,-1,1319,404,1497,585,0.6902721524238586,-1,-1,-1
51,-1,807,466,1328,1075,0.9650296568870544,-1,-1,-1
51,-1,1319,403,1495,584,0.7916982769966125,-1,-1,-1
51,-1,1133,319,1269,441,0.7294034957885742,-1,-1,-1
52,-1,824,456,1331,1067,0.979430615901947,-1,-1,-1
52,-1,1134,321,1269,440,0.7284232378005981,-1,-1,-1
53,-1,838,444,1349,1043,0.9856263995170593,-1,-1,-1
53,-1,1131,320,1271,443,0.8275730609893799,-1,-1,-1
53,-1,696,440,948,671,0.8005406856536865,-1,-1,-1
53,-1,1321,411,1497,579,0.7556831240653992,-1,-1,-1
54,-1,852,425,1334,1034,0.9910189509391785,-1,-1,-1
54,-1,684,442,948,677,0.8361865878105164,-1,-1,-1
54,-1,1129,323,1268,442,0.8303443193435669,-1,-1,-1
54,-1,1319,417,1498,574,0.7423089742660522,-1,-1,-1
55,-1,868,418,1340,1010,0.9892886877059937,-1,-1,-1
55,-1,675,442,946,678,0.9551212191581726,-1,-1,-1
55,-1,1125,324,1268,444,0.8395465612411499,-1,-1,-1
55,-1,1321,410,1497,575,0.7432482838630676,-1,-1,-1
56,-1,882,410,1352,986,0.9927477240562439,-1,-1,-1
56,-1,663,442,943,680,0.9833598136901855,-1,-1,-1
56,-1,1124,324,1271,450,0.8238627314567566,-1,-1,-1
56,-1,1321,415,1497,572,0.7272452116012573,-1,-1,-1
57,-1,896,407,1348,965,0.9932097792625427,-1,-1,-1
57,-1,650,443,944,683,0.9896805882453918,-1,-1,-1
57,-1,1321,416,1498,571,0.8044180274009705,-1,-1,-1
57,-1,1126,326,1263,444,0.7553527355194092,-1,-1,-1
58,-1,892,402,1351,951,0.9924290776252747,-1,-1,-1
58,-1,640,442,939,686,0.9858040809631348,-1,-1,-1
58,-1,1322,418,1498,570,0.8581534624099731,-1,-1,-1
58,-1,1125,327,1264,443,0.6695265769958496,-1,-1,-1
59,-1,917,389,1355,936,0.9932233095169067,-1,-1,-1
59,-1,632,451,927,688,0.9908445477485657,-1,-1,-1
59,-1,1322,415,1495,569,0.7281595468521118,-1,-1,-1
60,-1,925,390,1365,912,0.9933694005012512,-1,-1,-1
60,-1,617,445,922,689,0.9922113418579102,-1,-1,-1
61,-1,937,380,1369,896,0.9946333169937134,-1,-1,-1
61,-1,606,446,913,698,0.9936256408691406,-1,-1,-1
61,-1,1327,407,1494,565,0.6685131192207336,-1,-1,-1
62,-1,946,374,1381,883,0.9935030341148376,-1,-1,-1
62,-1,596,450,905,702,0.993104875087738,-1,-1,-1
63,-1,967,364,1388,871,0.994515061378479,-1,-1,-1
63,-1,574,446,894,701,0.9932652711868286,-1,-1,-1
64,-1,981,363,1391,856,0.9949325919151306,-1,-1,-1
64,-1,561,445,883,706,0.9938398003578186,-1,-1,-1
65,-1,990,348,1395,840,0.9947916269302368,-1,-1,-1
65,-1,549,446,873,711,0.9932060241699219,-1,-1,-1
66,-1,1001,346,1400,828,0.9946736693382263,-1,-1,-1
66,-1,537,456,868,715,0.9919286966323853,-1,-1,-1
67,-1,1008,345,1405,819,0.9938609600067139,-1,-1,-1
67,-1,521,453,856,718,0.9928258657455444,-1,-1,-1
68,-1,513,454,843,721,0.9940056800842285,-1,-1,-1
68,-1,1024,346,1405,800,0.9922595620155334,-1,-1,-1
69,-1,499,456,837,723,0.9941290616989136,-1,-1,-1
69,-1,1034,339,1418,787,0.9928109049797058,-1,-1,-1
70,-1,476,457,822,727,0.9937093257904053,-1,-1,-1
70,-1,1046,337,1416,787,0.9930024743080139,-1,-1,-1
71,-1,463,457,812,740,0.9923837780952454,-1,-1,-1
71,-1,1050,341,1419,772,0.9912508726119995,-1,-1,-1
72,-1,1061,330,1424,766,0.9938588738441467,-1,-1,-1
72,-1,452,463,795,739,0.9930635094642639,-1,-1,-1
73,-1,1071,326,1427,761,0.9948374629020691,-1,-1,-1
73,-1,430,463,786,754,0.9917404651641846,-1,-1,-1
74,-1,409,467,775,756,0.9928526282310486,-1,-1,-1
74,-1,1082,323,1434,746,0.9921626448631287,-1,-1,-1
75,-1,395,466,768,763,0.9926490187644958,-1,-1,-1
75,-1,1085,329,1437,739,0.9925474524497986,-1,-1,-1
76,-1,1091,322,1442,734,0.9941465854644775,-1,-1,-1
76,-1,381,467,744,771,0.9925240874290466,-1,-1,-1
77,-1,1101,325,1443,727,0.993749737739563,-1,-1,-1
77,-1,366,466,730,778,0.9919191002845764,-1,-1,-1
78,-1,1110,333,1449,726,0.992908239364624,-1,-1,-1
78,-1,344,463,709,781,0.9917775392532349,-1,-1,-1
79,-1,1112,325,1447,716,0.9933645725250244,-1,-1,-1
79,-1,330,470,710,784,0.9915697574615479,-1,-1,-1
80,-1,1123,322,1448,714,0.9926294088363647,-1,-1,-1
80,-1,307,478,687,796,0.9916574358940125,-1,-1,-1
81,-1,290,482,675,808,0.9929128289222717,-1,-1,-1
81,-1,1128,319,1451,710,0.9917441010475159,-1,-1,-1
82,-1,1133,323,1458,701,0.9928337335586548,-1,-1,-1
82,-1,265,487,660,819,0.9923589825630188,-1,-1,-1
83,-1,1146,322,1462,692,0.9906546473503113,-1,-1,-1
83,-1,246,488,641,828,0.9894425868988037,-1,-1,-1
84,-1,1149,325,1466,693,0.9901906251907349,-1,-1,-1
84,-1,224,492,621,834,0.989200234413147,-1,-1,-1
84,-1,1033,384,1187,514,0.8376340270042419,-1,-1,-1
85,-1,1156,322,1470,689,0.9923646450042725,-1,-1,-1
85,-1,205,499,619,842,0.991265594959259,-1,-1,-1
85,-1,1042,387,1193,513,0.9358655214309692,-1,-1,-1
86,-1,1162,316,1471,685,0.9926355481147766,-1,-1,-1
86,-1,180,508,594,858,0.991024374961853,-1,-1,-1
86,-1,1038,378,1203,515,0.8410413861274719,-1,-1,-1
87,-1,1170,317,1474,681,0.9915850162506104,-1,-1,-1
87,-1,155,520,575,870,0.9915726184844971,-1,-1,-1
87,-1,1048,380,1210,516,0.8914754986763,-1,-1,-1
88,-1,137,522,563,874,0.9923230409622192,-1,-1,-1
88,-1,1178,321,1482,671,0.9918335676193237,-1,-1,-1
88,-1,1054,380,1214,516,0.8926926851272583,-1,-1,-1
89,-1,1183,323,1483,675,0.9924914240837097,-1,-1,-1
89,-1,115,526,544,888,0.9876305460929871,-1,-1,-1
89,-1,1058,384,1220,515,0.9656934142112732,-1,-1,-1
90,-1,1186,325,1485,672,0.9935101866722107,-1,-1,-1
90,-1,87,537,524,899,0.988143265247345,-1,-1,-1
90,-1,1065,382,1228,516,0.977561891078949,-1,-1,-1
91,-1,1191,326,1485,670,0.9928508996963501,-1,-1,-1
91,-1,1069,384,1235,516,0.9882774949073792,-1,-1,-1
91,-1,51,551,509,912,0.9857928156852722,-1,-1,-1
92,-1,1207,321,1491,666,0.9924231767654419,-1,-1,-1
92,-1,1078,385,1239,517,0.986473560333252,-1,-1,-1
92,-1,23,557,483,931,0.9816346764564514,-1,-1,-1
93,-1,1210,323,1494,665,0.9911932349205017,-1,-1,-1
93,-1,6,561,462,939,0.9876991510391235,-1,-1,-1
93,-1,1080,386,1246,518,0.9852020144462585,-1,-1,-1
94,-1,1213,329,1495,658,0.9891229271888733,-1,-1,-1
94,-1,1086,382,1249,518,0.9883226752281189,-1,-1,-1
94,-1,0,568,441,955,0.943549394607544,-1,-1,-1
95,-1,1223,329,1498,657,0.989476203918457,-1,-1,-1
95,-1,1092,383,1252,522,0.9840696454048157,-1,-1,-1
96,-1,1231,324,1504,656,0.991642951965332,-1,-1,-1
96,-1,1093,385,1256,522,0.986547589302063,-1,-1,-1
96,-1,0,599,396,983,0.6594760417938232,-1,-1,-1
97,-1,1236,326,1507,655,0.9917335510253906,-1,-1,-1
97,-1,1096,388,1259,520,0.989258348941803,-1,-1,-1
98,-1,1240,329,1510,652,0.9922153353691101,-1,-1,-1
98,-1,1098,387,1262,520,0.9878395199775696,-1,-1,-1
99,-1,1242,332,1508,650,0.9915580749511719,-1,-1,-1
99,-1,1101,388,1262,521,0.9897722601890564,-1,-1,-1
100,-1,1106,385,1267,522,0.9919288158416748,-1,-1,-1
100,-1,1245,336,1512,645,0.9882816672325134,-1,-1,-1
100,-1,1013,341,1183,467,0.6167076826095581,-1,-1,-1
101,-1,1106,388,1267,522,0.991367757320404,-1,-1,-1
101,-1,1254,332,1514,644,0.9909723997116089,-1,-1,-1
101,-1,1014,342,1175,468,0.6623583436012268,-1,-1,-1
102,-1,1260,335,1516,641,0.9926028847694397,-1,-1,-1
102,-1,1107,387,1269,522,0.9882189035415649,-1,-1,-1
102,-1,1011,343,1174,468,0.7788697481155396,-1,-1,-1
103,-1,1264,334,1516,638,0.9909797310829163,-1,-1,-1
103,-1,1109,389,1272,524,0.9893552660942078,-1,-1,-1
103,-1,1009,347,1178,468,0.7218588590621948,-1,-1,-1
104,-1,1111,389,1273,524,0.9898513555526733,-1,-1,-1
104,-1,1265,334,1516,636,0.9891729354858398,-1,-1,-1
104,-1,1004,348,1172,467,0.7818430662155151,-1,-1,-1
105,-1,1111,390,1273,525,0.9911862015724182,-1,-1,-1
105,-1,1268,332,1518,634,0.9890226125717163,-1,-1,-1
105,-1,998,346,1168,466,0.787513256072998,-1,-1,-1
106,-1,1113,390,1273,526,0.9903040528297424,-1,-1,-1
106,-1,1269,334,1519,631,0.9882472157478333,-1,-1,-1
106,-1,991,349,1165,464,0.7770756483078003,-1,-1,-1
107,-1,1114,390,1274,526,0.9906506538391113,-1,-1,-1
107,-1,1272,335,1521,627,0.9880615472793579,-1,-1,-1
107,-1,983,349,1165,464,0.661980390548706,-1,-1,-1
108,-1,1115,390,1275,527,0.990675151348114,-1,-1,-1
108,-1,1276,337,1521,625,0.9887961149215698,-1,-1,-1
108,-1,983,348,1162,465,0.6297785639762878,-1,-1,-1
109,-1,1115,389,1276,527,0.9907979965209961,-1,-1,-1
109,-1,1279,337,1523,624,0.9903644919395447,-1,-1,-1
109,-1,981,347,1159,465,0.6458213925361633,-1,-1,-1
110,-1,1115,388,1277,527,0.9906443357467651,-1,-1,-1
110,-1,1280,337,1526,623,0.9889468550682068,-1,-1,-1
110,-1,982,348,1157,463,0.7098519206047058,-1,-1,-1
111,-1,1114,390,1277,528,0.9922128319740295,-1,-1,-1
111,-1,1285,335,1525,622,0.9873140454292297,-1,-1,-1
112,-1,1114,390,1277,529,0.9927640557289124,-1,-1,-1
112,-1,1288,335,1526,620,0.9887905120849609,-1,-1,-1
112,-1,974,353,1153,455,0.7424734234809875,-1,-1,-1
113,-1,1115,390,1277,531,0.9912257790565491,-1,-1,-1
113,-1,1291,333,1527,619,0.9894640445709229,-1,-1,-1
113,-1,972,354,1155,454,0.8004122972488403,-1,-1,-1
114,-1,1113,382,1275,533,0.9898607730865479,-1,-1,-1
114,-1,1292,332,1527,617,0.9896225929260254,-1,-1,-1
114,-1,975,348,1156,455,0.8574827313423157,-1,-1,-1
115,-1,1111,382,1277,534,0.9906800389289856,-1,-1,-1
115,-1,1294,333,1530,616,0.989155113697052,-1,-1,-1
115,-1,975,349,1155,454,0.8638973236083984,-1,-1,-1
116,-1,1108,382,1277,535,0.9898310303688049,-1,-1,-1
116,-1,1295,332,1529,613,0.9878751635551453,-1,-1,-1
116,-1,974,350,1153,456,0.8777719736099243,-1,-1,-1
117,-1,1107,383,1281,536,0.991289496421814,-1,-1,-1
117,-1,1296,344,1529,610,0.9862449765205383,-1,-1,-1
117,-1,975,348,1150,455,0.859951376914978,-1,-1,-1
118,-1,1104,382,1276,537,0.9915739893913269,-1,-1,-1
118,-1,1300,344,1529,607,0.9874207377433777,-1,-1,-1
118,-1,971,350,1152,463,0.8655346632003784,-1,-1,-1
118,-1,861,766,1335,1080,0.7872040271759033,-1,-1,-1
118,-1,1221,366,1348,489,0.611636757850647,-1,-1,-1
119,-1,1102,382,1276,537,0.9907408952713013,-1,-1,-1
119,-1,1302,340,1530,603,0.9888970255851746,-1,-1,-1
119,-1,871,751,1334,1078,0.876455545425415,-1,-1,-1
119,-1,969,352,1154,462,0.8332669138908386,-1,-1,-1
120,-1,1100,385,1275,540,0.9909648895263672,-1,-1,-1
120,-1,1303,340,1530,599,0.9892809987068176,-1,-1,-1
120,-1,967,350,1154,463,0.8385011553764343,-1,-1,-1
120,-1,877,733,1339,1079,0.8306731581687927,-1,-1,-1
121,-1,1105,387,1273,538,0.9904087781906128,-1,-1,-1
121,-1,1308,339,1533,598,0.9867842793464661,-1,-1,-1
121,-1,892,720,1351,1078,0.8909785747528076,-1,-1,-1
121,-1,967,350,1155,464,0.822708785533905,-1,-1,-1
122,-1,1091,384,1276,539,0.9872409701347351,-1,-1,-1
122,-1,1310,340,1533,596,0.9813854694366455,-1,-1,-1
122,-1,900,700,1347,1075,0.9078516364097595,-1,-1,-1
122,-1,973,347,1153,463,0.8138291239738464,-1,-1,-1
123,-1,1089,385,1275,543,0.9863916635513306,-1,-1,-1
123,-1,1311,340,1531,596,0.9814485907554626,-1,-1,-1
123,-1,904,678,1355,1071,0.9692524075508118,-1,-1,-1
123,-1,967,349,1154,468,0.7825623750686646,-1,-1,-1
124,-1,925,673,1352,1072,0.9878211617469788,-1,-1,-1
124,-1,1084,385,1276,545,0.987405002117157,-1,-1,-1
124,-1,1313,342,1532,593,0.9792383313179016,-1,-1,-1
124,-1,966,349,1153,470,0.7098907232284546,-1,-1,-1
125,-1,1085,389,1273,542,0.9898272752761841,-1,-1,-1
125,-1,913,663,1356,1061,0.989700436592102,-1,-1,-1
125,-1,1318,337,1531,590,0.9788708686828613,-1,-1,-1
125,-1,966,349,1152,470,0.6817391514778137,-1,-1,-1
126,-1,923,645,1366,1033,0.9912897348403931,-1,-1,-1
126,-1,1082,390,1272,543,0.988243579864502,-1,-1,-1
126,-1,1319,340,1535,591,0.9727283716201782,-1,-1,-1
126,-1,966,349,1151,472,0.6465567350387573,-1,-1,-1
127,-1,938,634,1364,1018,0.9928164482116699,-1,-1,-1
127,-1,1080,389,1272,545,0.9910128712654114,-1,-1,-1
127,-1,1313,342,1539,587,0.9757624268531799,-1,-1,-1
127,-1,965,348,1147,470,0.7176626920700073,-1,-1,-1
128,-1,948,621,1367,997,0.9918232560157776,-1,-1,-1
128,-1,1079,387,1270,547,0.9901609420776367,-1,-1,-1
128,-1,1315,344,1538,582,0.9747289419174194,-1,-1,-1
129,-1,958,608,1369,977,0.9924972057342529,-1,-1,-1
129,-1,1079,389,1269,548,0.9890561103820801,-1,-1,-1
129,-1,1317,344,1539,579,0.9752272367477417,-1,-1,-1
130,-1,963,590,1375,959,0.9940600991249084,-1,-1,-1
130,-1,1076,384,1263,551,0.9865173697471619,-1,-1,-1
130,-1,1320,344,1538,578,0.9745226502418518,-1,-1,-1
131,-1,976,572,1369,942,0.9912108182907104,-1,-1,-1
131,-1,1077,389,1260,551,0.9856323003768921,-1,-1,-1
131,-1,1324,341,1539,576,0.9804343581199646,-1,-1,-1
132,-1,980,561,1379,925,0.9930968880653381,-1,-1,-1
132,-1,1072,393,1259,550,0.983662486076355,-1,-1,-1
132,-1,1326,340,1538,574,0.9806147217750549,-1,-1,-1
133,-1,984,552,1383,903,0.993323028087616,-1,-1,-1
133,-1,1328,340,1538,573,0.9820099472999573,-1,-1,-1
133,-1,1070,392,1255,551,0.9774576425552368,-1,-1,-1
134,-1,999,544,1386,893,0.9921718835830688,-1,-1,-1
134,-1,1337,340,1535,570,0.9755182266235352,-1,-1,-1
134,-1,1065,392,1257,555,0.9739457964897156,-1,-1,-1
135,-1,1008,538,1391,878,0.9923714399337769,-1,-1,-1
135,-1,1335,335,1538,574,0.9789765477180481,-1,-1,-1
135,-1,1059,388,1253,553,0.9688791632652283,-1,-1,-1
136,-1,1019,525,1391,865,0.9924450516700745,-1,-1,-1
136,-1,1336,335,1538,572,0.9798343777656555,-1,-1,-1
136,-1,1057,391,1251,557,0.9721546769142151,-1,-1,-1
137,-1,1025,525,1397,857,0.9924271106719971,-1,-1,-1
137,-1,1337,334,1538,571,0.97846519947052,-1,-1,-1
137,-1,1053,396,1250,558,0.9664989709854126,-1,-1,-1
138,-1,1045,506,1393,839,0.9924023151397705,-1,-1,-1
138,-1,1337,334,1535,570,0.9755328297615051,-1,-1,-1
138,-1,1049,393,1249,558,0.9403930902481079,-1,-1,-1
139,-1,1049,512,1410,826,0.9943768382072449,-1,-1,-1
139,-1,1335,340,1537,566,0.9700099229812622,-1,-1,-1
139,-1,1048,392,1247,559,0.8231414556503296,-1,-1,-1
139,-1,1602,445,1918,594,0.6130051016807556,-1,-1,-1
140,-1,1049,504,1409,813,0.9943418502807617,-1,-1,-1
140,-1,1340,332,1533,569,0.958884596824646,-1,-1,-1
140,-1,1581,443,1920,596,0.876948893070221,-1,-1,-1
140,-1,1041,394,1243,562,0.8273627161979675,-1,-1,-1
141,-1,1063,500,1416,807,0.9946094751358032,-1,-1,-1
141,-1,1342,337,1534,569,0.9532449245452881,-1,-1,-1
141,-1,1554,440,1920,599,0.8406293988227844,-1,-1,-1
141,-1,1031,391,1245,564,0.7387334704399109,-1,-1,-1
142,-1,1066,501,1419,800,0.9923778772354126,-1,-1,-1
142,-1,1525,439,1920,594,0.9716950058937073,-1,-1,-1
142,-1,1344,334,1534,568,0.916157066822052,-1,-1,-1
142,-1,1027,391,1234,567,0.7431817650794983,-1,-1,-1
143,-1,1076,487,1421,787,0.992641031742096,-1,-1,-1
143,-1,1506,438,1902,593,0.9668589234352112,-1,-1,-1
143,-1,1343,335,1536,564,0.9025582075119019,-1,-1,-1
143,-1,1025,389,1221,568,0.6584917902946472,-1,-1,-1
144,-1,1085,487,1431,778,0.9936169385910034,-1,-1,-1
144,-1,1471,441,1882,592,0.9847245216369629,-1,-1,-1
144,-1,1345,335,1533,558,0.6480181813240051,-1,-1,-1
145,-1,1093,483,1431,769,0.9931902289390564,-1,-1,-1
145,-1,1450,439,1849,591,0.9795895218849182,-1,-1,-1
145,-1,1015,388,1211,572,0.8823488354682922,-1,-1,-1
145,-1,970,351,1150,461,0.6390124559402466,-1,-1,-1
145,-1,1147,290,1278,400,0.6016451120376587,-1,-1,-1
146,-1,1099,482,1434,759,0.9945456981658936,-1,-1,-1
146,-1,1417,437,1814,595,0.9847384691238403,-1,-1,-1
146,-1,1003,395,1208,575,0.9133873581886292,-1,-1,-1
147,-1,1106,477,1439,757,0.9941834807395935,-1,-1,-1
147,-1,1393,439,1780,594,0.9819018244743347,-1,-1,-1
147,-1,1004,397,1205,576,0.9442542195320129,-1,-1,-1
148,-1,1117,468,1442,747,0.9946823716163635,-1,-1,-1
148,-1,1377,436,1747,596,0.9778554439544678,-1,-1,-1
148,-1,1000,398,1197,579,0.965820848941803,-1,-1,-1
149,-1,1124,466,1445,738,0.9937962293624878,-1,-1,-1
149,-1,993,399,1198,580,0.9739083647727966,-1,-1,-1
149,-1,1382,440,1716,594,0.9687748551368713,-1,-1,-1
150,-1,1131,463,1450,732,0.9935349225997925,-1,-1,-1
150,-1,984,399,1195,582,0.976915717124939,-1,-1,-1
150,-1,1382,434,1690,591,0.935266375541687,-1,-1,-1
151,-1,1138,458,1453,727,0.9935757517814636,-1,-1,-1
151,-1,979,400,1192,585,0.9828333854675293,-1,-1,-1
151,-1,1387,436,1665,591,0.906196653842926,-1,-1,-1
152,-1,1147,458,1461,720,0.9937259554862976,-1,-1,-1
152,-1,976,399,1190,587,0.9841620922088623,-1,-1,-1
152,-1,1391,432,1643,595,0.7633873224258423,-1,-1,-1
153,-1,1154,454,1464,715,0.9949656128883362,-1,-1,-1
153,-1,970,401,1184,591,0.9859766960144043,-1,-1,-1
153,-1,1382,434,1619,597,0.7142122983932495,-1,-1,-1
154,-1,1164,448,1469,712,0.9942405223846436,-1,-1,-1
154,-1,964,403,1182,592,0.9874445199966431,-1,-1,-1
155,-1,1173,446,1473,707,0.9941672086715698,-1,-1,-1
155,-1,956,404,1177,593,0.9886731505393982,-1,-1,-1
156,-1,1173,445,1476,701,0.9928143620491028,-1,-1,-1
156,-1,952,403,1173,596,0.9877888560295105,-1,-1,-1
156,-1,956,354,1148,448,0.6016178727149963,-1,-1,-1
157,-1,1180,445,1480,693,0.9916542768478394,-1,-1,-1
157,-1,943,405,1173,592,0.9909693598747253,-1,-1,-1
158,-1,1192,442,1483,692,0.9943262934684753,-1,-1,-1
158,-1,938,405,1169,595,0.990208625793457,-1,-1,-1
158,-1,1121,413,1262,530,0.6457189917564392,-1,-1,-1
159,-1,1199,441,1487,689,0.9936355352401733,-1,-1,-1
159,-1,935,406,1160,600,0.9897811412811279,-1,-1,-1
159,-1,1119,413,1261,534,0.6797875165939331,-1,-1,-1
160,-1,1198,443,1490,687,0.991762638092041,-1,-1,-1
160,-1,929,407,1155,603,0.9904958009719849,-1,-1,-1
160,-1,1120,413,1262,535,0.9001199007034302,-1,-1,-1
161,-1,922,405,1155,602,0.9928489923477173,-1,-1,-1
161,-1,1211,445,1493,679,0.9892555475234985,-1,-1,-1
161,-1,1117,414,1263,536,0.9215312004089355,-1,-1,-1
162,-1,1217,437,1490,679,0.9911778569221497,-1,-1,-1
162,-1,909,406,1147,605,0.9898887276649475,-1,-1,-1
162,-1,1115,416,1264,536,0.9469723701477051,-1,-1,-1
163,-1,1221,438,1489,675,0.9906314611434937,-1,-1,-1
163,-1,905,406,1142,608,0.9897856116294861,-1,-1,-1
163,-1,1111,416,1262,537,0.9261451363563538,-1,-1,-1
164,-1,1228,438,1497,670,0.9892258048057556,-1,-1,-1
164,-1,902,405,1140,613,0.9888514876365662,-1,-1,-1
164,-1,1103,413,1265,537,0.9626250267028809,-1,-1,-1
165,-1,1234,437,1500,667,0.9899377822875977,-1,-1,-1
165,-1,896,408,1135,615,0.9888843297958374,-1,-1,-1
165,-1,1090,410,1263,538,0.9602022171020508,-1,-1,-1
166,-1,886,409,1128,617,0.9902503490447998,-1,-1,-1
166,-1,1237,434,1501,666,0.9895663261413574,-1,-1,-1
166,-1,1093,410,1263,539,0.9658303260803223,-1,-1,-1
167,-1,1242,433,1503,662,0.9916205406188965,-1,-1,-1
167,-1,878,410,1122,620,0.9912183880805969,-1,-1,-1
167,-1,1093,410,1261,541,0.9858522415161133,-1,-1,-1
168,-1,871,412,1114,616,0.9909804463386536,-1,-1,-1
168,-1,1244,433,1504,662,0.9905024766921997,-1,-1,-1
168,-1,1092,410,1261,541,0.987619161605835,-1,-1,-1
169,-1,1249,433,1507,660,0.9916003942489624,-1,-1,-1
169,-1,860,412,1112,625,0.9915378093719482,-1,-1,-1
169,-1,1098,411,1261,544,0.9888488054275513,-1,-1,-1
170,-1,851,412,1105,626,0.9933542013168335,-1,-1,-1
170,-1,1100,410,1260,544,0.9917879700660706,-1,-1,-1
170,-1,1252,434,1509,658,0.9891481995582581,-1,-1,-1
171,-1,844,413,1101,624,0.9939616322517395,-1,-1,-1
171,-1,1099,409,1261,548,0.9909313917160034,-1,-1,-1
171,-1,1254,434,1511,660,0.9859094023704529,-1,-1,-1
172,-1,834,412,1097,633,0.9929711222648621,-1,-1,-1
172,-1,1101,409,1259,546,0.9913607239723206,-1,-1,-1
172,-1,1257,434,1512,658,0.9863379597663879,-1,-1,-1
173,-1,826,411,1087,629,0.9926525354385376,-1,-1,-1
173,-1,1098,410,1259,547,0.9919226169586182,-1,-1,-1
173,-1,1262,434,1513,654,0.9868518710136414,-1,-1,-1
174,-1,819,412,1081,632,0.9933955073356628,-1,-1,-1
174,-1,1097,413,1258,548,0.9903811812400818,-1,-1,-1
174,-1,1270,431,1513,650,0.9888917803764343,-1,-1,-1
175,-1,798,409,1074,638,0.993472695350647,-1,-1,-1
175,-1,1095,412,1259,550,0.9916669726371765,-1,-1,-1
175,-1,1274,431,1517,647,0.9902880191802979,-1,-1,-1
176,-1,791,407,1067,640,0.9935054779052734,-1,-1,-1
176,-1,1094,413,1258,551,0.9918555021286011,-1,-1,-1
176,-1,1277,431,1516,646,0.9889180064201355,-1,-1,-1
177,-1,790,413,1061,640,0.9937044978141785,-1,-1,-1
177,-1,1090,415,1257,550,0.9918070435523987,-1,-1,-1
177,-1,1277,431,1525,645,0.9872077107429504,-1,-1,-1
178,-1,1085,412,1256,552,0.9929376244544983,-1,-1,-1
178,-1,780,412,1049,644,0.9915152788162231,-1,-1,-1
178,-1,1282,430,1526,639,0.9857959747314453,-1,-1,-1
179,-1,1083,412,1256,554,0.9937831163406372,-1,-1,-1
179,-1,769,412,1042,645,0.9913855791091919,-1,-1,-1
179,-1,1285,430,1526,637,0.9852674007415771,-1,-1,-1
180,-1,1083,416,1256,556,0.9931710958480835,-1,-1,-1
180,-1,749,413,1033,651,0.9922053217887878,-1,-1,-1
180,-1,1290,426,1525,635,0.98270183801651,-1,-1,-1
181,-1,740,413,1023,654,0.9943898320198059,-1,-1,-1
181,-1,1082,414,1252,558,0.9942755103111267,-1,-1,-1
181,-1,1296,425,1529,632,0.9884273409843445,-1,-1,-1
182,-1,1079,416,1250,559,0.9951883554458618,-1,-1,-1
182,-1,724,414,1016,659,0.993817150592804,-1,-1,-1
182,-1,1298,426,1530,631,0.9818423986434937,-1,-1,-1
183,-1,704,409,1001,660,0.993910551071167,-1,-1,-1
183,-1,1076,417,1247,561,0.9928091764450073,-1,-1,-1
183,-1,1301,427,1531,628,0.9804072976112366,-1,-1,-1
184,-1,1074,419,1244,562,0.9935178756713867,-1,-1,-1
184,-1,692,410,990,664,0.9934229254722595,-1,-1,-1
184,-1,1305,425,1532,625,0.9820510149002075,-1,-1,-1
185,-1,680,415,983,668,0.9947972893714905,-1,-1,-1
185,-1,1071,420,1243,563,0.9928624033927917,-1,-1,-1
185,-1,1306,427,1532,625,0.9812189936637878,-1,-1,-1
186,-1,668,424,964,669,0.9948590993881226,-1,-1,-1
186,-1,1065,419,1240,564,0.992901623249054,-1,-1,-1
186,-1,1312,424,1531,622,0.9828600287437439,-1,-1,-1
187,-1,652,419,952,674,0.9946185350418091,-1,-1,-1
187,-1,1061,420,1236,564,0.9933152794837952,-1,-1,-1
187,-1,1312,424,1531,621,0.9808727502822876,-1,-1,-1
188,-1,633,414,947,679,0.9938063621520996,-1,-1,-1
188,-1,1059,421,1235,566,0.9922711849212646,-1,-1,-1
188,-1,1318,425,1534,619,0.9785556793212891,-1,-1,-1
189,-1,608,421,940,684,0.9951936602592468,-1,-1,-1
189,-1,1057,424,1236,571,0.9937410950660706,-1,-1,-1
189,-1,1317,427,1537,617,0.9749074578285217,-1,-1,-1
190,-1,596,417,927,690,0.9948727488517761,-1,-1,-1
190,-1,1054,424,1233,572,0.9938279986381531,-1,-1,-1
190,-1,1317,426,1539,615,0.9755860567092896,-1,-1,-1
191,-1,578,417,914,695,0.9948884844779968,-1,-1,-1
191,-1,1051,424,1234,573,0.9927268028259277,-1,-1,-1
191,-1,1319,426,1539,613,0.9726423025131226,-1,-1,-1
191,-1,1120,324,1264,450,0.6706340312957764,-1,-1,-1
192,-1,557,419,897,703,0.9949136972427368,-1,-1,-1
192,-1,1049,425,1231,575,0.9928971529006958,-1,-1,-1
192,-1,1324,424,1539,617,0.970451295375824,-1,-1,-1
192,-1,1119,331,1256,450,0.6730155944824219,-1,-1,-1
193,-1,533,421,884,705,0.995064914226532,-1,-1,-1
193,-1,1047,428,1229,577,0.9933809041976929,-1,-1,-1
193,-1,1324,426,1541,612,0.9751092195510864,-1,-1,-1
193,-1,1111,329,1259,454,0.6364477276802063,-1,-1,-1
194,-1,511,426,868,709,0.9954286813735962,-1,-1,-1
194,-1,1045,428,1221,578,0.9903877377510071,-1,-1,-1
194,-1,1327,426,1541,609,0.9654918909072876,-1,-1,-1
195,-1,496,427,852,714,0.9936152696609497,-1,-1,-1
195,-1,1040,430,1220,578,0.9865086078643799,-1,-1,-1
195,-1,1331,424,1539,607,0.967202365398407,-1,-1,-1
196,-1,470,429,836,722,0.9931836724281311,-1,-1,-1
196,-1,1036,431,1217,579,0.9878863096237183,-1,-1,-1
196,-1,1333,423,1539,605,0.9602949023246765,-1,-1,-1
196,-1,1105,333,1249,449,0.674217939376831,-1,-1,-1
197,-1,449,428,821,728,0.9928612112998962,-1,-1,-1
197,-1,1035,432,1214,582,0.9888082146644592,-1,-1,-1
197,-1,1336,424,1543,604,0.9611416459083557,-1,-1,-1
198,-1,433,432,805,733,0.9934561848640442,-1,-1,-1
198,-1,1028,435,1211,581,0.9904863238334656,-1,-1,-1
198,-1,1337,423,1543,601,0.953683078289032,-1,-1,-1
199,-1,404,433,788,737,0.9929399490356445,-1,-1,-1
199,-1,1023,436,1207,582,0.9925107955932617,-1,-1,-1
199,-1,1338,424,1544,600,0.956437349319458,-1,-1,-1
200,-1,383,429,768,745,0.9933410286903381,-1,-1,-1
200,-1,1018,439,1203,587,0.9915338158607483,-1,-1,-1
200,-1,1344,422,1542,600,0.9660198092460632,-1,-1,-1
201,-1,362,437,750,753,0.9934993982315063,-1,-1,-1
201,-1,1015,440,1200,589,0.991080105304718,-1,-1,-1
201,-1,1345,421,1542,599,0.9646977186203003,-1,-1,-1
202,-1,338,438,732,762,0.9936410784721375,-1,-1,-1
202,-1,1009,438,1198,591,0.9899191856384277,-1,-1,-1
202,-1,1344,422,1545,596,0.9662119746208191,-1,-1,-1
203,-1,306,440,718,773,0.991982638835907,-1,-1,-1
203,-1,1007,438,1195,594,0.9887625575065613,-1,-1,-1
203,-1,1345,419,1548,595,0.9697769284248352,-1,-1,-1
204,-1,283,444,696,784,0.9924142956733704,-1,-1,-1
204,-1,1002,438,1191,593,0.9920299053192139,-1,-1,-1
204,-1,1348,415,1547,591,0.9752016067504883,-1,-1,-1
205,-1,1000,441,1189,594,0.9939178228378296,-1,-1,-1
205,-1,260,442,666,796,0.9907456636428833,-1,-1,-1
205,-1,1350,416,1547,588,0.9756537079811096,-1,-1,-1
205,-1,1282,336,1438,503,0.6452895402908325,-1,-1,-1
206,-1,993,441,1187,597,0.9935964345932007,-1,-1,-1
206,-1,230,445,658,805,0.9918252229690552,-1,-1,-1
206,-1,1352,416,1547,587,0.9663853049278259,-1,-1,-1
206,-1,1276,337,1434,502,0.7606845498085022,-1,-1,-1
207,-1,986,445,1183,601,0.993893563747406,-1,-1,-1
207,-1,208,455,630,817,0.9919831156730652,-1,-1,-1
207,-1,1351,419,1549,583,0.9710319638252258,-1,-1,-1
207,-1,1270,334,1430,501,0.7437777519226074,-1,-1,-1
208,-1,979,448,1181,599,0.9911041259765625,-1,-1,-1
208,-1,182,464,609,830,0.9906654357910156,-1,-1,-1
208,-1,1357,415,1546,581,0.9598265886306763,-1,-1,-1
208,-1,1266,335,1429,501,0.7751891016960144,-1,-1,-1
209,-1,977,445,1176,601,0.9934752583503723,-1,-1,-1
209,-1,146,471,586,846,0.9920003414154053,-1,-1,-1
209,-1,1356,412,1547,580,0.9698271155357361,-1,-1,-1
209,-1,1256,336,1421,500,0.8909221887588501,-1,-1,-1
209,-1,1111,414,1254,541,0.6315116286277771,-1,-1,-1
210,-1,972,446,1171,604,0.9922822117805481,-1,-1,-1
210,-1,115,477,566,851,0.9910252094268799,-1,-1,-1
210,-1,1356,412,1548,578,0.977770984172821,-1,-1,-1
210,-1,1245,330,1423,500,0.9176546931266785,-1,-1,-1
210,-1,859,801,1312,1080,0.6783833503723145,-1,-1,-1
211,-1,83,490,540,868,0.9907902479171753,-1,-1,-1
211,-1,964,446,1167,610,0.9888830780982971,-1,-1,-1
211,-1,1358,412,1545,580,0.9747335910797119,-1,-1,-1
211,-1,1236,330,1417,495,0.9678232669830322,-1,-1,-1
211,-1,864,781,1324,1079,0.9284577965736389,-1,-1,-1
212,-1,961,449,1165,610,0.9903420209884644,-1,-1,-1
212,-1,51,495,524,888,0.9870182871818542,-1,-1,-1
212,-1,1228,326,1413,494,0.9780718088150024,-1,-1,-1
212,-1,1358,410,1548,576,0.9773504734039307,-1,-1,-1
212,-1,884,765,1331,1073,0.9075288772583008,-1,-1,-1
212,-1,1104,418,1261,544,0.6514769196510315,-1,-1,-1
213,-1,956,452,1162,609,0.9918696880340576,-1,-1,-1
213,-1,22,505,498,900,0.9875584840774536,-1,-1,-1
213,-1,1212,328,1403,495,0.9822691679000854,-1,-1,-1
213,-1,1360,409,1550,573,0.9727280139923096,-1,-1,-1
213,-1,895,740,1341,1073,0.9579198956489563,-1,-1,-1
213,-1,1101,418,1262,546,0.7014696598052979,-1,-1,-1
214,-1,946,451,1157,612,0.9891951084136963,-1,-1,-1
214,-1,0,516,462,922,0.984135091304779,-1,-1,-1
214,-1,1201,328,1394,493,0.9798136353492737,-1,-1,-1
214,-1,915,724,1356,1067,0.9795956015586853,-1,-1,-1
214,-1,1364,411,1548,569,0.9792159199714661,-1,-1,-1
214,-1,1098,418,1259,542,0.8708157539367676,-1,-1,-1
215,-1,940,450,1152,614,0.9891479015350342,-1,-1,-1
215,-1,917,701,1364,1046,0.9872148036956787,-1,-1,-1
215,-1,1365,409,1547,570,0.9865058064460754,-1,-1,-1
215,-1,1191,326,1386,494,0.972505509853363,-1,-1,-1
215,-1,1098,418,1261,545,0.9143369197845459,-1,-1,-1
215,-1,0,525,449,935,0.8518310189247131,-1,-1,-1
216,-1,941,689,1372,1025,0.98850017786026,-1,-1,-1
216,-1,930,451,1147,616,0.9872148036956787,-1,-1,-1
216,-1,1365,411,1547,567,0.9871249794960022,-1,-1,-1
216,-1,1179,326,1373,492,0.9679632782936096,-1,-1,-1
216,-1,1096,417,1261,547,0.9127106666564941,-1,-1,-1
217,-1,954,674,1377,1003,0.9907335042953491,-1,-1,-1
217,-1,921,450,1141,619,0.9888610243797302,-1,-1,-1
217,-1,1367,411,1547,564,0.9849997758865356,-1,-1,-1
217,-1,1168,326,1361,488,0.949107825756073,-1,-1,-1
217,-1,1099,415,1261,548,0.9307265877723694,-1,-1,-1
218,-1,970,656,1386,980,0.9903115034103394,-1,-1,-1
218,-1,916,449,1137,620,0.9884771108627319,-1,-1,-1
218,-1,1368,411,1547,564,0.9860967993736267,-1,-1,-1
218,-1,1162,324,1348,486,0.9199628829956055,-1,-1,-1
218,-1,1096,414,1261,550,0.914898693561554,-1,-1,-1
219,-1,986,644,1395,957,0.9903153777122498,-1,-1,-1
219,-1,908,450,1131,624,0.9896564483642578,-1,-1,-1
219,-1,1368,410,1547,563,0.9878894686698914,-1,-1,-1
219,-1,1092,406,1259,551,0.942608654499054,-1,-1,-1
219,-1,1144,322,1333,484,0.8782990574836731,-1,-1,-1
220,-1,999,628,1388,944,0.9909959435462952,-1,-1,-1
220,-1,903,450,1125,628,0.988679826259613,-1,-1,-1
220,-1,1369,410,1548,561,0.9882606267929077,-1,-1,-1
220,-1,1088,414,1263,551,0.939049482345581,-1,-1,-1
220,-1,1128,320,1323,479,0.6677569150924683,-1,-1,-1
221,-1,1011,617,1404,918,0.9905586242675781,-1,-1,-1
221,-1,1371,409,1547,560,0.9895873069763184,-1,-1,-1
221,-1,897,450,1118,630,0.9891284108161926,-1,-1,-1
221,-1,1089,400,1262,554,0.9532402753829956,-1,-1,-1
222,-1,1024,604,1411,902,0.9936721324920654,-1,-1,-1
222,-1,886,455,1113,632,0.9871020913124084,-1,-1,-1
222,-1,1372,409,1548,560,0.9804770946502686,-1,-1,-1
222,-1,1089,398,1262,553,0.956799328327179,-1,-1,-1
223,-1,1033,590,1414,886,0.9901277422904968,-1,-1,-1
223,-1,881,451,1106,634,0.9842126965522766,-1,-1,-1
223,-1,1089,392,1262,553,0.9803301692008972,-1,-1,-1
223,-1,1374,409,1547,559,0.9797291159629822,-1,-1,-1
224,-1,1044,584,1428,875,0.9905635118484497,-1,-1,-1
224,-1,1091,393,1262,553,0.9807499051094055,-1,-1,-1
224,-1,868,456,1096,640,0.9806278944015503,-1,-1,-1
224,-1,1375,408,1547,557,0.9773240685462952,-1,-1,-1
225,-1,1058,572,1428,855,0.9930115342140198,-1,-1,-1
225,-1,862,457,1091,641,0.9867095351219177,-1,-1,-1
225,-1,1087,389,1261,553,0.9709036946296692,-1,-1,-1
225,-1,1376,407,1548,555,0.960500180721283,-1,-1,-1
226,-1,1067,559,1430,840,0.9882954359054565,-1,-1,-1
226,-1,855,459,1084,643,0.9871182441711426,-1,-1,-1
226,-1,1379,406,1549,553,0.9668865203857422,-1,-1,-1
226,-1,1090,399,1264,556,0.9551677703857422,-1,-1,-1
227,-1,1079,553,1447,833,0.9932520985603333,-1,-1,-1
227,-1,842,463,1074,643,0.9859774112701416,-1,-1,-1
227,-1,1380,406,1549,553,0.9685643315315247,-1,-1,-1
227,-1,1091,403,1265,556,0.9534770250320435,-1,-1,-1
228,-1,1094,544,1445,821,0.9916049242019653,-1,-1,-1
228,-1,834,463,1069,647,0.986912727355957,-1,-1,-1
228,-1,1379,408,1549,551,0.9624786972999573,-1,-1,-1
228,-1,1090,398,1265,559,0.9606165289878845,-1,-1,-1
229,-1,1106,541,1452,803,0.9939153790473938,-1,-1,-1
229,-1,824,464,1060,647,0.9837035536766052,-1,-1,-1
229,-1,1380,409,1548,550,0.9552373886108398,-1,-1,-1
229,-1,1088,410,1264,558,0.9418842792510986,-1,-1,-1
230,-1,1118,534,1459,795,0.9922014474868774,-1,-1,-1
230,-1,811,460,1060,651,0.9802079796791077,-1,-1,-1
230,-1,1381,408,1548,549,0.952287495136261,-1,-1,-1
230,-1,1091,405,1263,560,0.9466066956520081,-1,-1,-1
231,-1,1123,529,1464,781,0.9920274615287781,-1,-1,-1
231,-1,807,464,1047,654,0.9795743823051453,-1,-1,-1
231,-1,1087,412,1264,561,0.9493350982666016,-1,-1,-1
231,-1,1380,407,1549,549,0.9040325284004211,-1,-1,-1
232,-1,1136,524,1472,779,0.9928328990936279,-1,-1,-1
232,-1,794,457,1039,657,0.9908093214035034,-1,-1,-1
232,-1,1086,417,1264,562,0.9694697856903076,-1,-1,-1
232,-1,1378,405,1548,553,0.8991180658340454,-1,-1,-1
233,-1,1149,521,1460,765,0.9925658702850342,-1,-1,-1
233,-1,780,449,1031,659,0.9888361096382141,-1,-1,-1
233,-1,1083,417,1264,563,0.9729905724525452,-1,-1,-1
233,-1,1382,403,1546,549,0.8764594197273254,-1,-1,-1
234,-1,1154,509,1481,761,0.9945167899131775,-1,-1,-1
234,-1,764,441,1022,663,0.981717586517334,-1,-1,-1
234,-1,1081,421,1263,565,0.9778245091438293,-1,-1,-1
234,-1,1379,404,1547,550,0.9086846709251404,-1,-1,-1
235,-1,1162,504,1483,750,0.9949142932891846,-1,-1,-1
235,-1,760,455,1016,667,0.9862215518951416,-1,-1,-1
235,-1,1079,423,1264,565,0.9715518355369568,-1,-1,-1
236,-1,1176,501,1490,741,0.9935977458953857,-1,-1,-1
236,-1,748,459,1008,671,0.9914296269416809,-1,-1,-1
236,-1,1077,424,1263,568,0.9695525169372559,-1,-1,-1
237,-1,1181,500,1487,739,0.9925724267959595,-1,-1,-1
237,-1,732,462,1000,676,0.9920348525047302,-1,-1,-1
237,-1,1075,428,1261,569,0.9659731984138489,-1,-1,-1
238,-1,1190,492,1491,730,0.9936665892601013,-1,-1,-1
238,-1,717,464,987,679,0.9915875792503357,-1,-1,-1
238,-1,1072,429,1259,570,0.982862651348114,-1,-1,-1
239,-1,702,467,975,683,0.9920603036880493,-1,-1,-1
239,-1,1198,486,1498,723,0.9919862747192383,-1,-1,-1
239,-1,1069,430,1258,570,0.9864598512649536,-1,-1,-1
240,-1,691,468,966,687,0.9920998215675354,-1,-1,-1
240,-1,1205,487,1502,716,0.9920291900634766,-1,-1,-1
240,-1,1065,431,1258,573,0.987274169921875,-1,-1,-1
241,-1,680,476,955,687,0.9935990571975708,-1,-1,-1
241,-1,1206,480,1505,713,0.9914393424987793,-1,-1,-1
241,-1,1063,431,1254,577,0.9875863790512085,-1,-1,-1
242,-1,659,478,939,696,0.993016242980957,-1,-1,-1
242,-1,1059,432,1253,578,0.9911126494407654,-1,-1,-1
242,-1,1217,479,1510,707,0.9906531572341919,-1,-1,-1
243,-1,646,477,927,699,0.9933229088783264,-1,-1,-1
243,-1,1224,476,1511,701,0.9881181120872498,-1,-1,-1
243,-1,1055,432,1252,579,0.987748384475708,-1,-1,-1
244,-1,626,484,917,706,0.9930157661437988,-1,-1,-1
244,-1,1231,474,1515,696,0.9893547296524048,-1,-1,-1
244,-1,1052,433,1250,581,0.9888687133789062,-1,-1,-1
245,-1,1052,434,1250,583,0.9914112091064453,-1,-1,-1
245,-1,609,483,905,704,0.9906608462333679,-1,-1,-1
245,-1,1240,465,1518,691,0.9886112809181213,-1,-1,-1
246,-1,600,484,893,709,0.9940104484558105,-1,-1,-1
246,-1,1246,471,1523,687,0.992032527923584,-1,-1,-1
246,-1,1050,435,1249,583,0.989080548286438,-1,-1,-1
247,-1,575,488,880,718,0.9937159419059753,-1,-1,-1
247,-1,1252,471,1527,683,0.9921995997428894,-1,-1,-1
247,-1,1040,435,1242,586,0.9850351810455322,-1,-1,-1
248,-1,553,491,862,726,0.9921234250068665,-1,-1,-1
248,-1,1254,470,1530,682,0.9878551363945007,-1,-1,-1
248,-1,1038,437,1239,587,0.9816298484802246,-1,-1,-1
249,-1,541,497,842,726,0.9928014278411865,-1,-1,-1
249,-1,1261,470,1529,676,0.9892618656158447,-1,-1,-1
249,-1,1036,435,1236,589,0.9823172092437744,-1,-1,-1
250,-1,1265,469,1532,673,0.9919536709785461,-1,-1,-1
250,-1,521,497,829,730,0.9919202327728271,-1,-1,-1
250,-1,1031,437,1229,590,0.9876167178153992,-1,-1,-1
251,-1,499,500,806,740,0.9913415312767029,-1,-1,-1
251,-1,1271,469,1535,671,0.989654541015625,-1,-1,-1
251,-1,1025,439,1226,594,0.9858375191688538,-1,-1,-1
252,-1,479,502,797,749,0.9907880425453186,-1,-1,-1
252,-1,1275,467,1539,668,0.9887586832046509,-1,-1,-1
252,-1,1018,437,1225,595,0.9823091626167297,-1,-1,-1
253,-1,452,502,785,753,0.9941019415855408,-1,-1,-1
253,-1,1287,465,1541,665,0.9878902435302734,-1,-1,-1
253,-1,1014,436,1223,595,0.9766001105308533,-1,-1,-1
253,-1,1243,381,1414,496,0.842000424861908,-1,-1,-1
254,-1,433,511,761,761,0.9939457774162292,-1,-1,-1
254,-1,1287,466,1544,662,0.9879900813102722,-1,-1,-1
254,-1,1007,437,1220,600,0.981450080871582,-1,-1,-1
254,-1,1228,381,1398,494,0.7501415014266968,-1,-1,-1
255,-1,407,511,747,771,0.9943041205406189,-1,-1,-1
255,-1,1294,467,1545,660,0.9835299849510193,-1,-1,-1
255,-1,1003,438,1215,601,0.9761294722557068,-1,-1,-1
255,-1,1219,379,1383,493,0.720374584197998,-1,-1,-1
256,-1,373,519,726,785,0.9920421242713928,-1,-1,-1
256,-1,1298,462,1552,659,0.9873429536819458,-1,-1,-1
256,-1,995,439,1214,599,0.9806895852088928,-1,-1,-1
257,-1,351,524,710,791,0.9932680726051331,-1,-1,-1
257,-1,993,437,1205,604,0.9850544929504395,-1,-1,-1
257,-1,1305,462,1549,656,0.9846559762954712,-1,-1,-1
258,-1,323,528,684,799,0.9908158779144287,-1,-1,-1
258,-1,986,438,1205,605,0.9874777793884277,-1,-1,-1
258,-1,1307,460,1555,656,0.9824382662773132,-1,-1,-1
259,-1,297,529,657,814,0.9914894104003906,-1,-1,-1
259,-1,978,439,1199,608,0.9865617156028748,-1,-1,-1
259,-1,1314,459,1552,651,0.977112352848053,-1,-1,-1
259,-1,1113,387,1269,528,0.6039758324623108,-1,-1,-1
260,-1,271,538,635,832,0.9917324781417847,-1,-1,-1
260,-1,969,439,1195,608,0.9881277680397034,-1,-1,-1
260,-1,1319,459,1553,648,0.9740005731582642,-1,-1,-1
