1,-1,162,582,385,728,0.9900306463241577,-1,-1,-1
2,-1,162,582,385,728,0.990525484085083,-1,-1,-1
3,-1,162,582,385,729,0.9903705716133118,-1,-1,-1
4,-1,162,582,385,729,0.9903784990310669,-1,-1,-1
5,-1,162,582,385,729,0.990473210811615,-1,-1,-1
6,-1,162,582,385,729,0.9900828003883362,-1,-1,-1
7,-1,162,582,385,729,0.9901722073554993,-1,-1,-1
8,-1,162,582,385,729,0.9900349974632263,-1,-1,-1
9,-1,162,582,385,729,0.9900746941566467,-1,-1,-1
10,-1,162,582,385,729,0.9901350140571594,-1,-1,-1
11,-1,162,582,385,729,0.9903619289398193,-1,-1,-1
12,-1,162,582,385,729,0.9904108047485352,-1,-1,-1
13,-1,162,582,385,729,0.9907305836677551,-1,-1,-1
14,-1,162,582,385,728,0.9908772110939026,-1,-1,-1
15,-1,162,582,385,728,0.9909268617630005,-1,-1,-1
16,-1,162,582,385,728,0.9907867312431335,-1,-1,-1
17,-1,162,582,385,728,0.9903476238250732,-1,-1,-1
18,-1,162,582,385,729,0.9907480478286743,-1,-1,-1
19,-1,162,582,385,729,0.9907656908035278,-1,-1,-1
20,-1,162,582,385,729,0.990665078163147,-1,-1,-1
21,-1,162,582,385,729,0.9905371069908142,-1,-1,-1
22,-1,162,583,385,729,0.9865773916244507,-1,-1,-1
23,-1,158,581,387,727,0.9881850481033325,-1,-1,-1
24,-1,158,581,387,728,0.9885011911392212,-1,-1,-1
25,-1,161,583,385,727,0.9867110848426819,-1,-1,-1
25,-1,1130,214,1593,492,0.9862719774246216,-1,-1,-1
26,-1,1074,236,1515,499,0.9908782839775085,-1,-1,-1
26,-1,161,582,385,728,0.9875594973564148,-1,-1,-1
26,-1,465,510,564,591,0.6459692120552063,-1,-1,-1
27,-1,1027,253,1438,501,0.9931585192680359,-1,-1,-1
27,-1,161,582,385,728,0.9866352677345276,-1,-1,-1
27,-1,468,508,569,594,0.8953525424003601,-1,-1,-1
28,-1,998,268,1375,502,0.9920231103897095,-1,-1,-1
28,-1,161,582,385,728,0.9855304956436157,-1,-1,-1
28,-1,472,510,573,593,0.6944946050643921,-1,-1,-1
29,-1,966,280,1317,507,0.9857409596443176,-1,-1,-1
29,-1,161,582,385,728,0.985190212726593,-1,-1,-1
29,-1,475,505,578,598,0.7103493809700012,-1,-1,-1
30,-1,933,296,1264,505,0.9904081225395203,-1,-1,-1
30,-1,161,583,385,728,0.9862769246101379,-1,-1,-1
30,-1,477,507,586,600,0.9602681994438171,-1,-1,-1
31,-1,907,303,1211,508,0.9913866519927979,-1,-1,-1
31,-1,480,506,592,600,0.9913263916969299,-1,-1,-1
31,-1,161,583,385,728,0.9857547283172607,-1,-1,-1
32,-1,486,507,598,601,0.9936546087265015,-1,-1,-1
32,-1,876,315,1171,510,0.9915105700492859,-1,-1,-1
32,-1,162,582,385,728,0.9901424050331116,-1,-1,-1
33,-1,847,328,1125,512,0.9924750924110413,-1,-1,-1
33,-1,488,504,606,604,0.9923262596130371,-1,-1,-1
33,-1,162,582,385,728,0.9902676939964294,-1,-1,-1
34,-1,829,337,1093,513,0.9911521077156067,-1,-1,-1
34,-1,161,581,385,728,0.9886718988418579,-1,-1,-1
34,-1,492,503,612,608,0.9875224232673645,-1,-1,-1
35,-1,810,340,1052,511,0.990272581577301,-1,-1,-1
35,-1,496,503,622,611,0.9882602691650391,-1,-1,-1
35,-1,161,581,385,728,0.9881582856178284,-1,-1,-1
36,-1,501,505,633,613,0.9890511631965637,-1,-1,-1
36,-1,162,581,385,728,0.9881653785705566,-1,-1,-1
36,-1,790,346,1024,513,0.981332540512085,-1,-1,-1
37,-1,504,502,640,615,0.9932031631469727,-1,-1,-1
37,-1,771,360,995,518,0.990006685256958,-1,-1,-1
37,-1,162,581,385,728,0.9879524111747742,-1,-1,-1
38,-1,511,505,650,617,0.9936317801475525,-1,-1,-1
38,-1,749,362,966,522,0.9926567673683167,-1,-1,-1
38,-1,161,581,385,728,0.9891531467437744,-1,-1,-1
39,-1,521,504,659,622,0.992219090461731,-1,-1,-1
39,-1,733,368,941,524,0.9920336604118347,-1,-1,-1
39,-1,161,581,385,728,0.9890923500061035,-1,-1,-1
40,-1,723,376,918,523,0.9937561750411987,-1,-1,-1
40,-1,526,503,669,623,0.9937386512756348,-1,-1,-1
40,-1,161,581,385,728,0.9888389706611633,-1,-1,-1
41,-1,530,502,681,629,0.9935541152954102,-1,-1,-1
41,-1,703,384,897,524,0.9910372495651245,-1,-1,-1
41,-1,161,581,385,728,0.9889364838600159,-1,-1,-1
42,-1,695,390,876,524,0.994244396686554,-1,-1,-1
42,-1,538,503,693,632,0.9920446872711182,-1,-1,-1
42,-1,162,581,386,728,0.9896776676177979,-1,-1,-1
43,-1,543,505,706,637,0.9955228567123413,-1,-1,-1
43,-1,684,389,856,527,0.9931674599647522,-1,-1,-1
43,-1,162,581,386,728,0.9894894957542419,-1,-1,-1
44,-1,552,502,723,643,0.9957558512687683,-1,-1,-1
44,-1,674,393,840,530,0.9921360015869141,-1,-1,-1
44,-1,162,581,386,728,0.9892542362213135,-1,-1,-1
45,-1,564,503,737,648,0.9941368103027344,-1,-1,-1
45,-1,162,581,386,728,0.9876846075057983,-1,-1,-1
45,-1,658,398,821,530,0.9870773553848267,-1,-1,-1
46,-1,568,506,753,654,0.9935075044631958,-1,-1,-1
46,-1,162,581,387,727,0.9872618317604065,-1,-1,-1
46,-1,651,405,809,528,0.982028603553772,-1,-1,-1
47,-1,581,506,769,660,0.9934886693954468,-1,-1,-1
47,-1,159,580,390,725,0.9896327257156372,-1,-1,-1
47,-1,641,409,791,531,0.9787872433662415,-1,-1,-1
47,-1,469,514,560,592,0.7183690667152405,-1,-1,-1
48,-1,591,509,787,667,0.9916160702705383,-1,-1,-1
48,-1,159,579,390,724,0.9899855852127075,-1,-1,-1
48,-1,633,410,779,533,0.9830475449562073,-1,-1,-1
48,-1,472,514,567,596,0.7935383915901184,-1,-1,-1
49,-1,600,505,812,675,0.9934413433074951,-1,-1,-1
49,-1,163,580,390,724,0.9889180064201355,-1,-1,-1
49,-1,623,413,763,535,0.9834014177322388,-1,-1,-1
49,-1,473,515,572,597,0.8608323335647583,-1,-1,-1
50,-1,615,511,836,684,0.9935408234596252,-1,-1,-1
50,-1,164,583,390,717,0.9887638092041016,-1,-1,-1
50,-1,619,418,750,534,0.975009024143219,-1,-1,-1
50,-1,477,516,579,600,0.798387885093689,-1,-1,-1
51,-1,631,511,868,693,0.9936487078666687,-1,-1,-1
51,-1,608,421,741,534,0.9887039065361023,-1,-1,-1
51,-1,164,583,391,717,0.9875054359436035,-1,-1,-1
51,-1,482,515,588,602,0.8610632419586182,-1,-1,-1
52,-1,639,515,899,705,0.9926831126213074,-1,-1,-1
52,-1,164,579,391,720,0.9867498278617859,-1,-1,-1
52,-1,602,422,733,535,0.9823188185691833,-1,-1,-1
52,-1,485,516,595,602,0.9789716005325317,-1,-1,-1
53,-1,654,516,933,725,0.991634726524353,-1,-1,-1
53,-1,491,515,600,605,0.9837508797645569,-1,-1,-1
53,-1,167,578,393,721,0.9798707962036133,-1,-1,-1
53,-1,593,424,721,536,0.9781840443611145,-1,-1,-1
54,-1,669,516,967,740,0.9928406476974487,-1,-1,-1
54,-1,585,427,713,538,0.9848178029060364,-1,-1,-1
54,-1,495,513,613,610,0.9743476510047913,-1,-1,-1
54,-1,170,578,397,715,0.9739640355110168,-1,-1,-1
55,-1,697,522,1006,748,0.9936240911483765,-1,-1,-1
55,-1,501,513,621,611,0.9870031476020813,-1,-1,-1
55,-1,577,430,700,538,0.9710728526115417,-1,-1,-1
55,-1,176,576,406,713,0.966319739818573,-1,-1,-1
56,-1,727,532,1058,772,0.993543267250061,-1,-1,-1
56,-1,508,513,631,612,0.990186333656311,-1,-1,-1
56,-1,570,434,693,540,0.9784969091415405,-1,-1,-1
56,-1,180,577,408,707,0.9713013172149658,-1,-1,-1
57,-1,734,532,1119,798,0.9952697157859802,-1,-1,-1
57,-1,516,516,644,614,0.9906982779502869,-1,-1,-1
57,-1,567,436,685,538,0.9806327223777771,-1,-1,-1
57,-1,185,579,408,704,0.964669406414032,-1,-1,-1
58,-1,779,532,1196,826,0.9950681924819946,-1,-1,-1
58,-1,522,511,654,619,0.9931856393814087,-1,-1,-1
58,-1,185,579,413,708,0.9851342439651489,-1,-1,-1
58,-1,559,435,676,539,0.9789040684700012,-1,-1,-1
59,-1,810,539,1280,864,0.9937831163406372,-1,-1,-1
59,-1,531,513,669,622,0.991664469242096,-1,-1,-1
59,-1,190,578,424,704,0.9867581725120544,-1,-1,-1
59,-1,554,438,669,538,0.975947916507721,-1,-1,-1
60,-1,541,514,682,626,0.994368851184845,-1,-1,-1
60,-1,850,548,1391,908,0.9931623935699463,-1,-1,-1
60,-1,193,574,427,705,0.9878778457641602,-1,-1,-1
60,-1,549,442,665,540,0.9742797613143921,-1,-1,-1
61,-1,549,514,701,630,0.9943305253982544,-1,-1,-1
61,-1,910,553,1539,961,0.9906616806983948,-1,-1,-1
61,-1,198,571,435,707,0.9801503419876099,-1,-1,-1
61,-1,545,442,656,540,0.9793675541877747,-1,-1,-1
62,-1,562,515,715,632,0.9929897785186768,-1,-1,-1
62,-1,209,568,445,707,0.984071671962738,-1,-1,-1
62,-1,976,554,1600,1025,0.9667968153953552,-1,-1,-1
62,-1,542,443,649,542,0.9565582275390625,-1,-1,-1
63,-1,571,513,738,637,0.9919583797454834,-1,-1,-1
63,-1,229,563,453,704,0.9867823123931885,-1,-1,-1
63,-1,534,444,645,542,0.9486897587776184,-1,-1,-1
64,-1,588,513,764,640,0.993786096572876,-1,-1,-1
64,-1,232,564,462,702,0.9858501553535461,-1,-1,-1
64,-1,531,446,641,543,0.9083542823791504,-1,-1,-1
65,-1,603,510,786,644,0.9950188398361206,-1,-1,-1
65,-1,239,560,468,701,0.9875571727752686,-1,-1,-1
65,-1,529,449,630,543,0.8646786212921143,-1,-1,-1
66,-1,618,510,817,647,0.9946672916412354,-1,-1,-1
66,-1,253,558,476,701,0.989517867565155,-1,-1,-1
66,-1,526,450,622,545,0.791918158531189,-1,-1,-1
67,-1,638,510,844,656,0.9947973489761353,-1,-1,-1
67,-1,263,559,497,701,0.9829559326171875,-1,-1,-1
67,-1,524,451,616,545,0.6641185283660889,-1,-1,-1
68,-1,660,509,884,657,0.9938546419143677,-1,-1,-1
68,-1,271,554,496,696,0.9859030246734619,-1,-1,-1
68,-1,522,454,614,543,0.640383780002594,-1,-1,-1
69,-1,680,508,924,665,0.9942823648452759,-1,-1,-1
69,-1,283,551,516,694,0.9881051778793335,-1,-1,-1
69,-1,516,455,610,543,0.63974529504776,-1,-1,-1
70,-1,716,508,970,670,0.9940720200538635,-1,-1,-1
70,-1,294,548,518,690,0.9912840127944946,-1,-1,-1
70,-1,512,455,605,545,0.7449211478233337,-1,-1,-1
71,-1,733,508,1024,679,0.9931720495223999,-1,-1,-1
71,-1,307,544,533,687,0.9912358522415161,-1,-1,-1
71,-1,511,459,601,546,0.636188268661499,-1,-1,-1
72,-1,769,504,1084,687,0.9933441877365112,-1,-1,-1
72,-1,320,544,544,689,0.9920011758804321,-1,-1,-1
72,-1,508,463,596,545,0.7114028930664062,-1,-1,-1
73,-1,808,503,1154,701,0.9935224652290344,-1,-1,-1
73,-1,329,540,560,687,0.9918306469917297,-1,-1,-1
73,-1,505,466,592,545,0.613271176815033,-1,-1,-1
74,-1,864,501,1239,709,0.9929326772689819,-1,-1,-1
74,-1,338,532,570,683,0.9922152161598206,-1,-1,-1
75,-1,904,502,1338,726,0.9942697286605835,-1,-1,-1
75,-1,354,530,592,678,0.9906827211380005,-1,-1,-1
76,-1,965,495,1451,740,0.9942595958709717,-1,-1,-1
76,-1,378,526,597,673,0.9907365441322327,-1,-1,-1
77,-1,1066,490,1586,761,0.9916640520095825,-1,-1,-1
77,-1,383,516,618,678,0.9893338084220886,-1,-1,-1
78,-1,399,522,621,670,0.9926026463508606,-1,-1,-1
79,-1,404,518,643,668,0.9914581179618835,-1,-1,-1
80,-1,423,509,644,666,0.9922635555267334,-1,-1,-1
81,-1,431,508,668,661,0.9912055134773254,-1,-1,-1
82,-1,446,503,686,661,0.9920742511749268,-1,-1,-1
83,-1,464,499,704,660,0.9930688142776489,-1,-1,-1
84,-1,474,496,724,660,0.9936866164207458,-1,-1,-1
85,-1,490,494,740,661,0.9941496849060059,-1,-1,-1
86,-1,505,489,763,662,0.9920708537101746,-1,-1,-1
87,-1,517,485,784,664,0.9919414520263672,-1,-1,-1
88,-1,532,478,807,666,0.9914973378181458,-1,-1,-1
89,-1,548,476,832,668,0.9922142624855042,-1,-1,-1
90,-1,559,470,860,671,0.9932668209075928,-1,-1,-1
91,-1,581,466,893,678,0.9916310906410217,-1,-1,-1
92,-1,594,461,926,680,0.9905258417129517,-1,-1,-1
93,-1,626,457,958,684,0.9911808371543884,-1,-1,-1
94,-1,631,456,995,689,0.9934651255607605,-1,-1,-1
94,-1,1250,299,1600,487,0.9788624048233032,-1,-1,-1
95,-1,659,453,1035,696,0.9920313358306885,-1,-1,-1
95,-1,1191,305,1538,491,0.9891645312309265,-1,-1,-1
96,-1,676,440,1084,705,0.9947192668914795,-1,-1,-1
96,-1,1140,320,1461,496,0.9911898374557495,-1,-1,-1
97,-1,711,432,1129,726,0.9942360520362854,-1,-1,-1
97,-1,1098,330,1396,498,0.986229658126831,-1,-1,-1
98,-1,744,428,1210,724,0.9939140677452087,-1,-1,-1
98,-1,1057,344,1333,498,0.9724090099334717,-1,-1,-1
99,-1,782,414,1281,734,0.9928165674209595,-1,-1,-1
99,-1,1043,350,1271,493,0.7371757626533508,-1,-1,-1
100,-1,803,401,1377,745,0.9918609261512756,-1,-1,-1
101,-1,865,389,1472,762,0.9899178147315979,-1,-1,-1
102,-1,911,383,1581,780,0.985699474811554,-1,-1,-1
103,-1,970,372,1600,802,0.7609977722167969,-1,-1,-1
103,-1,917,383,1095,510,0.6506971120834351,-1,-1,-1
104,-1,881,387,1072,512,0.9828619956970215,-1,-1,-1
105,-1,857,390,1043,512,0.9918524622917175,-1,-1,-1
106,-1,839,396,1018,515,0.9889233112335205,-1,-1,-1
107,-1,823,400,992,516,0.9917916059494019,-1,-1,-1
108,-1,800,402,968,517,0.990064799785614,-1,-1,-1
109,-1,782,409,944,520,0.9923949241638184,-1,-1,-1
110,-1,766,412,922,522,0.990060567855835,-1,-1,-1
111,-1,750,416,901,524,0.9930853843688965,-1,-1,-1
112,-1,734,418,881,525,0.9927158951759338,-1,-1,-1
113,-1,721,421,865,526,0.9900280833244324,-1,-1,-1
114,-1,710,426,852,528,0.994114339351654,-1,-1,-1
115,-1,699,428,835,528,0.9937061667442322,-1,-1,-1
116,-1,687,431,818,530,0.9929383397102356,-1,-1,-1
117,-1,678,433,806,529,0.9931742548942566,-1,-1,-1
118,-1,665,437,795,532,0.9926947355270386,-1,-1,-1
119,-1,659,438,781,530,0.9936789870262146,-1,-1,-1
120,-1,649,441,767,531,0.9844890832901001,-1,-1,-1
121,-1,640,440,757,532,0.9868473410606384,-1,-1,-1
122,-1,634,445,742,532,0.971022367477417,-1,-1,-1
123,-1,624,447,734,533,0.9680172204971313,-1,-1,-1
124,-1,617,450,723,533,0.9601176977157593,-1,-1,-1
125,-1,611,450,714,535,0.9736655950546265,-1,-1,-1
126,-1,606,453,706,535,0.942676842212677,-1,-1,-1
127,-1,599,457,697,536,0.9262121319770813,-1,-1,-1
128,-1,592,456,689,536,0.947170078754425,-1,-1,-1
129,-1,586,457,682,536,0.8303545713424683,-1,-1,-1
129,-1,465,511,562,592,0.6959208250045776,-1,-1,-1
130,-1,582,460,671,537,0.890917956829071,-1,-1,-1
130,-1,466,512,568,595,0.8692300319671631,-1,-1,-1
131,-1,467,509,571,598,0.9331119060516357,-1,-1,-1
131,-1,577,461,665,536,0.8786134123802185,-1,-1,-1
132,-1,470,511,577,598,0.9761290550231934,-1,-1,-1
132,-1,574,463,659,536,0.735888659954071,-1,-1,-1
133,-1,473,509,583,600,0.9826135039329529,-1,-1,-1
133,-1,566,466,654,535,0.6068257689476013,-1,-1,-1
134,-1,478,510,588,602,0.9855591058731079,-1,-1,-1
135,-1,479,509,592,605,0.9925010800361633,-1,-1,-1
136,-1,481,510,597,607,0.9905511140823364,-1,-1,-1
137,-1,486,509,601,612,0.9912542700767517,-1,-1,-1
138,-1,488,510,607,616,0.992875337600708,-1,-1,-1
139,-1,490,511,613,619,0.9928365349769592,-1,-1,-1
140,-1,493,514,620,621,0.9925428628921509,-1,-1,-1
141,-1,497,513,629,624,0.993671178817749,-1,-1,-1
142,-1,500,518,638,628,0.9958569407463074,-1,-1,-1
143,-1,508,517,645,633,0.9951487183570862,-1,-1,-1
144,-1,511,516,655,637,0.9929814338684082,-1,-1,-1
145,-1,517,518,662,642,0.9932629466056824,-1,-1,-1
146,-1,520,517,675,645,0.9921925663948059,-1,-1,-1
147,-1,525,514,686,657,0.994347870349884,-1,-1,-1
148,-1,534,520,697,659,0.9907684922218323,-1,-1,-1
149,-1,537,521,711,668,0.9932852983474731,-1,-1,-1
150,-1,545,522,729,677,0.9932845830917358,-1,-1,-1
151,-1,552,524,741,683,0.9934590458869934,-1,-1,-1
152,-1,561,528,761,692,0.9937909245491028,-1,-1,-1
153,-1,568,532,782,703,0.9937574863433838,-1,-1,-1
154,-1,581,535,807,714,0.9940748810768127,-1,-1,-1
155,-1,587,538,830,724,0.9924707412719727,-1,-1,-1
156,-1,604,541,865,739,0.9934232234954834,-1,-1,-1
157,-1,619,539,903,755,0.9921731948852539,-1,-1,-1
158,-1,633,549,942,772,0.992328941822052,-1,-1,-1
159,-1,653,553,990,794,0.9936777949333191,-1,-1,-1
160,-1,682,560,1035,815,0.9940499067306519,-1,-1,-1
161,-1,700,560,1105,846,0.9952132701873779,-1,-1,-1
162,-1,728,567,1181,879,0.9942871928215027,-1,-1,-1
163,-1,769,572,1280,921,0.9939950108528137,-1,-1,-1
164,-1,827,578,1412,971,0.9919509887695312,-1,-1,-1
165,-1,895,598,1569,1046,0.9866825342178345,-1,-1,-1
166,-1,942,604,1600,1136,0.8933313488960266,-1,-1,-1
187,-1,1251,324,1599,487,0.9875726699829102,-1,-1,-1
188,-1,1191,334,1519,489,0.992645263671875,-1,-1,-1
189,-1,1144,343,1445,493,0.9904781579971313,-1,-1,-1
190,-1,1095,356,1374,495,0.9901898503303528,-1,-1,-1
191,-1,1051,366,1315,500,0.9915977716445923,-1,-1,-1
192,-1,1017,372,1256,500,0.9902629852294922,-1,-1,-1
193,-1,976,375,1208,505,0.9899705052375793,-1,-1,-1
194,-1,949,384,1163,506,0.9926502108573914,-1,-1,-1
195,-1,928,393,1121,508,0.9920679330825806,-1,-1,-1
196,-1,890,398,1083,511,0.9883546829223633,-1,-1,-1
197,-1,873,402,1049,512,0.9857630729675293,-1,-1,-1
198,-1,846,408,1020,515,0.9886345863342285,-1,-1,-1
199,-1,822,418,987,516,0.9867585301399231,-1,-1,-1
200,-1,799,421,961,519,0.9882069230079651,-1,-1,-1
201,-1,781,423,933,521,0.9843845367431641,-1,-1,-1
202,-1,765,427,911,521,0.9797341227531433,-1,-1,-1
203,-1,745,432,889,523,0.9875397682189941,-1,-1,-1
204,-1,733,432,871,527,0.9943557977676392,-1,-1,-1
205,-1,717,436,854,529,0.9914059638977051,-1,-1,-1
206,-1,702,439,834,530,0.9893411993980408,-1,-1,-1
207,-1,691,440,819,532,0.990535318851471,-1,-1,-1
208,-1,679,443,804,531,0.9876953363418579,-1,-1,-1
209,-1,666,443,790,534,0.9801651239395142,-1,-1,-1
210,-1,657,446,773,532,0.9779214262962341,-1,-1,-1
211,-1,648,447,761,533,0.974826455116272,-1,-1,-1
212,-1,638,452,746,535,0.9542987942695618,-1,-1,-1
213,-1,631,453,735,534,0.93974769115448,-1,-1,-1
214,-1,623,456,726,533,0.8242191076278687,-1,-1,-1
215,-1,616,458,717,535,0.8317627310752869,-1,-1,-1
216,-1,609,459,707,536,0.7038940191268921,-1,-1,-1
236,-1,438,512,521,582,0.6419446468353271,-1,-1,-1
237,-1,439,511,524,582,0.6826565265655518,-1,-1,-1
238,-1,440,508,527,583,0.7495476007461548,-1,-1,-1
239,-1,443,507,531,584,0.763171911239624,-1,-1,-1
240,-1,446,508,534,584,0.7117429375648499,-1,-1,-1
241,-1,448,507,538,585,0.8596779108047485,-1,-1,-1
242,-1,449,507,543,585,0.9402825832366943,-1,-1,-1
243,-1,1187,367,1600,570,0.9837850332260132,-1,-1,-1
243,-1,453,505,546,589,0.9621459245681763,-1,-1,-1
244,-1,1140,382,1545,566,0.9888338446617126,-1,-1,-1
244,-1,457,503,552,590,0.9521878361701965,-1,-1,-1
245,-1,1088,388,1478,567,0.9898861646652222,-1,-1,-1
245,-1,459,504,557,588,0.9712123870849609,-1,-1,-1
246,-1,1048,398,1409,565,0.9893927574157715,-1,-1,-1
246,-1,461,500,564,590,0.9869669079780579,-1,-1,-1
247,-1,465,500,571,592,0.9918388724327087,-1,-1,-1
247,-1,999,403,1338,566,0.9905158281326294,-1,-1,-1
248,-1,969,407,1278,566,0.9910483956336975,-1,-1,-1
248,-1,468,499,577,596,0.9897075891494751,-1,-1,-1
249,-1,471,499,585,596,0.9946643114089966,-1,-1,-1
249,-1,938,411,1227,565,0.9919195175170898,-1,-1,-1
250,-1,474,498,593,599,0.9938876032829285,-1,-1,-1
250,-1,912,414,1181,561,0.9925715327262878,-1,-1,-1
251,-1,481,499,599,600,0.9954843521118164,-1,-1,-1
251,-1,887,421,1141,560,0.993408203125,-1,-1,-1
252,-1,484,498,608,604,0.9945803284645081,-1,-1,-1
252,-1,862,426,1102,558,0.993852972984314,-1,-1,-1
253,-1,490,501,619,607,0.9943694472312927,-1,-1,-1
253,-1,839,429,1071,559,0.9941071271896362,-1,-1,-1
254,-1,817,432,1039,560,0.9935270547866821,-1,-1,-1
254,-1,497,502,628,611,0.9924610257148743,-1,-1,-1
255,-1,500,502,639,614,0.9950783252716064,-1,-1,-1
255,-1,797,435,1009,559,0.9923991560935974,-1,-1,-1
256,-1,506,502,652,616,0.9955848455429077,-1,-1,-1
256,-1,784,439,983,560,0.9925830364227295,-1,-1,-1
257,-1,512,500,662,620,0.9958364963531494,-1,-1,-1
257,-1,767,442,958,559,0.9935539960861206,-1,-1,-1
258,-1,521,501,675,625,0.9936834573745728,-1,-1,-1
258,-1,748,445,938,560,0.9935454726219177,-1,-1,-1
259,-1,526,500,691,630,0.9950243830680847,-1,-1,-1
259,-1,732,445,912,560,0.9929660558700562,-1,-1,-1
260,-1,535,501,706,635,0.993221640586853,-1,-1,-1
260,-1,720,449,892,560,0.9864941835403442,-1,-1,-1
261,-1,545,502,723,642,0.9916424751281738,-1,-1,-1
261,-1,703,453,873,561,0.9865875840187073,-1,-1,-1
262,-1,556,503,741,647,0.9938365817070007,-1,-1,-1
262,-1,690,458,856,562,0.9647018313407898,-1,-1,-1
263,-1,565,504,764,656,0.9939490556716919,-1,-1,-1
264,-1,580,502,788,667,0.9932236671447754,-1,-1,-1
265,-1,589,502,813,673,0.9938101172447205,-1,-1,-1
266,-1,603,504,847,684,0.9934676289558411,-1,-1,-1
267,-1,626,501,889,699,0.9917787909507751,-1,-1,-1
268,-1,626,505,919,714,0.9922659993171692,-1,-1,-1
268,-1,1246,321,1600,479,0.9849534034729004,-1,-1,-1
269,-1,640,513,964,732,0.9917164444923401,-1,-1,-1
269,-1,1190,334,1534,487,0.9900248050689697,-1,-1,-1
269,-1,559,486,714,587,0.9664612412452698,-1,-1,-1
270,-1,674,516,1016,746,0.9925368428230286,-1,-1,-1
270,-1,1144,343,1473,489,0.9922215342521667,-1,-1,-1
270,-1,545,492,699,588,0.9831686019897461,-1,-1,-1
271,-1,683,514,1093,776,0.9927603006362915,-1,-1,-1
271,-1,522,495,677,596,0.9891718029975891,-1,-1,-1
271,-1,1116,346,1421,492,0.9876580834388733,-1,-1,-1
272,-1,721,513,1176,801,0.9936590790748596,-1,-1,-1
272,-1,502,502,656,602,0.9845074415206909,-1,-1,-1
272,-1,1075,358,1362,493,0.9803973436355591,-1,-1,-1
273,-1,762,520,1282,838,0.9933445453643799,-1,-1,-1
273,-1,482,508,636,607,0.9880222082138062,-1,-1,-1
273,-1,1042,365,1317,496,0.982012927532196,-1,-1,-1
274,-1,815,517,1413,887,0.9935777187347412,-1,-1,-1
274,-1,461,516,614,615,0.9904449582099915,-1,-1,-1
274,-1,1014,371,1269,500,0.9833411574363708,-1,-1,-1
275,-1,442,521,591,622,0.9859976768493652,-1,-1,-1
275,-1,877,519,1582,949,0.9851110577583313,-1,-1,-1
275,-1,984,374,1226,500,0.9803562164306641,-1,-1,-1
276,-1,424,531,570,629,0.991245448589325,-1,-1,-1
276,-1,957,381,1185,501,0.9827238917350769,-1,-1,-1
276,-1,931,524,1600,1035,0.709036111831665,-1,-1,-1
277,-1,935,389,1151,503,0.9883601665496826,-1,-1,-1
277,-1,398,535,545,633,0.9849429130554199,-1,-1,-1
278,-1,911,391,1116,506,0.9889468550682068,-1,-1,-1
278,-1,379,544,525,640,0.9886459112167358,-1,-1,-1
279,-1,896,396,1093,506,0.988132655620575,-1,-1,-1
279,-1,354,556,506,647,0.987117350101471,-1,-1,-1
280,-1,335,564,481,654,0.9919787645339966,-1,-1,-1
280,-1,878,399,1064,508,0.9767494201660156,-1,-1,-1
281,-1,858,405,1035,510,0.9854770302772522,-1,-1,-1
281,-1,308,568,458,662,0.9734426736831665,-1,-1,-1
282,-1,836,411,1013,513,0.9795935153961182,-1,-1,-1
282,-1,280,579,437,672,0.9787676930427551,-1,-1,-1
283,-1,259,584,412,678,0.986794650554657,-1,-1,-1
283,-1,817,418,985,514,0.983059823513031,-1,-1,-1
284,-1,233,589,391,686,0.9924363493919373,-1,-1,-1
284,-1,798,419,962,517,0.9829034209251404,-1,-1,-1
285,-1,214,597,362,688,0.986509382724762,-1,-1,-1
285,-1,784,423,942,518,0.9751265645027161,-1,-1,-1
286,-1,192,606,341,698,0.9761334657669067,-1,-1,-1
286,-1,769,426,921,520,0.9703242182731628,-1,-1,-1
287,-1,168,611,317,705,0.9820128083229065,-1,-1,-1
287,-1,754,427,904,521,0.9775677919387817,-1,-1,-1
288,-1,739,432,887,524,0.9907187819480896,-1,-1,-1
288,-1,146,621,291,709,0.9664506316184998,-1,-1,-1
289,-1,727,435,869,524,0.9907206296920776,-1,-1,-1
289,-1,120,627,270,719,0.9785364270210266,-1,-1,-1
290,-1,715,436,854,528,0.9917449355125427,-1,-1,-1
290,-1,102,636,242,723,0.9645408391952515,-1,-1,-1
291,-1,702,438,841,529,0.9920754432678223,-1,-1,-1
291,-1,80,640,222,728,0.9201111197471619,-1,-1,-1
292,-1,692,440,825,531,0.9865342378616333,-1,-1,-1
292,-1,59,655,189,735,0.8440714478492737,-1,-1,-1
293,-1,682,440,812,531,0.9894213676452637,-1,-1,-1
293,-1,34,657,173,745,0.9552019238471985,-1,-1,-1
294,-1,672,442,800,533,0.9765215516090393,-1,-1,-1
294,-1,14,663,149,752,0.6996346116065979,-1,-1,-1
295,-1,660,442,790,534,0.9822699427604675,-1,-1,-1
296,-1,653,444,775,533,0.9768702983856201,-1,-1,-1
297,-1,644,444,763,536,0.9733046293258667,-1,-1,-1
298,-1,635,450,752,536,0.9735714197158813,-1,-1,-1
299,-1,629,452,743,535,0.9504541754722595,-1,-1,-1
300,-1,622,454,733,537,0.9357551336288452,-1,-1,-1
301,-1,617,454,724,536,0.936935544013977,-1,-1,-1
301,-1,478,515,564,588,0.7716566920280457,-1,-1,-1
302,-1,609,457,715,537,0.9352511763572693,-1,-1,-1
302,-1,481,517,569,588,0.813182532787323,-1,-1,-1
303,-1,605,459,707,536,0.7878576517105103,-1,-1,-1
303,-1,484,516,577,592,0.6672988533973694,-1,-1,-1
304,-1,486,516,587,593,0.8822294473648071,-1,-1,-1
304,-1,599,463,696,536,0.8579445481300354,-1,-1,-1
305,-1,491,513,592,596,0.9675090312957764,-1,-1,-1
305,-1,595,461,690,537,0.7446114420890808,-1,-1,-1
306,-1,493,513,599,595,0.9840056896209717,-1,-1,-1
307,-1,501,514,611,601,0.979738712310791,-1,-1,-1
308,-1,507,512,616,602,0.9834594130516052,-1,-1,-1
309,-1,511,509,628,605,0.9904629588127136,-1,-1,-1
310,-1,520,512,639,606,0.9901514649391174,-1,-1,-1
311,-1,529,511,650,610,0.9936517477035522,-1,-1,-1
312,-1,534,513,664,613,0.9946830868721008,-1,-1,-1
313,-1,545,513,678,614,0.9961023330688477,-1,-1,-1
314,-1,555,513,692,617,0.9947585463523865,-1,-1,-1
315,-1,565,512,708,622,0.9953423738479614,-1,-1,-1
316,-1,573,510,722,624,0.9953796863555908,-1,-1,-1
317,-1,587,510,745,627,0.994097113609314,-1,-1,-1
318,-1,602,509,764,633,0.9961479902267456,-1,-1,-1
319,-1,618,510,787,639,0.9941720366477966,-1,-1,-1
320,-1,634,509,816,642,0.994695246219635,-1,-1,-1
321,-1,648,509,846,645,0.995811939239502,-1,-1,-1
322,-1,668,507,878,650,0.9965624213218689,-1,-1,-1
323,-1,692,505,913,656,0.9954774975776672,-1,-1,-1
324,-1,714,507,953,663,0.9935744404792786,-1,-1,-1
325,-1,743,504,1005,674,0.9936110377311707,-1,-1,-1
326,-1,767,507,1057,679,0.994848370552063,-1,-1,-1
327,-1,807,504,1126,690,0.993922233581543,-1,-1,-1
328,-1,847,498,1206,702,0.9947146773338318,-1,-1,-1
329,-1,910,504,1285,710,0.9944530129432678,-1,-1,-1
330,-1,946,498,1380,735,0.9953616261482239,-1,-1,-1
331,-1,1020,494,1511,751,0.995524525642395,-1,-1,-1
332,-1,1112,491,1600,771,0.9820041060447693,-1,-1,-1
338,-1,1215,361,1600,563,0.857029378414154,-1,-1,-1
339,-1,1175,375,1600,559,0.9869531393051147,-1,-1,-1
340,-1,1123,363,1524,558,0.9887036681175232,-1,-1,-1
341,-1,1076,378,1460,559,0.9906308054924011,-1,-1,-1
342,-1,1037,388,1395,559,0.9907554984092712,-1,-1,-1
343,-1,995,405,1340,557,0.9910309314727783,-1,-1,-1
344,-1,978,406,1288,559,0.9910745024681091,-1,-1,-1
344,-1,1199,297,1555,481,0.8767207860946655,-1,-1,-1
345,-1,953,408,1242,558,0.9927916526794434,-1,-1,-1
345,-1,1150,312,1474,481,0.8878970742225647,-1,-1,-1
346,-1,926,414,1202,557,0.9923831820487976,-1,-1,-1
346,-1,1108,323,1405,483,0.804668664932251,-1,-1,-1
347,-1,911,418,1179,560,0.9854996204376221,-1,-1,-1
347,-1,1034,332,1345,495,0.7586464285850525,-1,-1,-1
348,-1,890,418,1145,560,0.9860580563545227,-1,-1,-1
348,-1,985,344,1289,501,0.6878690719604492,-1,-1,-1
349,-1,862,426,1105,555,0.9931923747062683,-1,-1,-1
349,-1,1000,348,1243,497,0.8043099045753479,-1,-1,-1
349,-1,0,687,132,775,0.7548745274543762,-1,-1,-1
350,-1,852,428,1078,557,0.9944096207618713,-1,-1,-1
350,-1,0,685,146,774,0.955899178981781,-1,-1,-1
350,-1,974,361,1196,497,0.7808915972709656,-1,-1,-1
351,-1,832,434,1056,556,0.9946662187576294,-1,-1,-1
351,-1,7,679,157,774,0.9754917621612549,-1,-1,-1
351,-1,950,365,1153,494,0.677386462688446,-1,-1,-1
352,-1,822,436,1033,557,0.9950066804885864,-1,-1,-1
352,-1,19,677,171,770,0.9721137881278992,-1,-1,-1
353,-1,807,436,1013,558,0.9960595369338989,-1,-1,-1
353,-1,32,672,181,765,0.9577310085296631,-1,-1,-1
354,-1,790,436,995,558,0.9970088601112366,-1,-1,-1
354,-1,40,670,189,762,0.9615251421928406,-1,-1,-1
354,-1,474,509,563,585,0.6396993398666382,-1,-1,-1
355,-1,785,440,977,557,0.9973000884056091,-1,-1,-1
355,-1,50,668,200,758,0.9580265879631042,-1,-1,-1
355,-1,476,512,567,588,0.8306694030761719,-1,-1,-1
356,-1,773,438,962,559,0.9955844283103943,-1,-1,-1
356,-1,61,664,215,756,0.9562714099884033,-1,-1,-1
356,-1,479,513,570,590,0.6976908445358276,-1,-1,-1
357,-1,763,442,950,557,0.9955315589904785,-1,-1,-1
357,-1,70,661,227,751,0.9637361168861389,-1,-1,-1
357,-1,480,514,578,593,0.8775521516799927,-1,-1,-1
358,-1,748,438,932,558,0.9940292835235596,-1,-1,-1
358,-1,81,657,236,749,0.9641157388687134,-1,-1,-1
358,-1,484,513,586,594,0.8817429542541504,-1,-1,-1
359,-1,737,444,920,556,0.9937432408332825,-1,-1,-1
359,-1,91,652,247,747,0.94682776927948,-1,-1,-1
359,-1,488,511,591,597,0.9423595666885376,-1,-1,-1
360,-1,728,438,907,560,0.9931830763816833,-1,-1,-1
360,-1,492,512,597,599,0.9794588685035706,-1,-1,-1
360,-1,99,651,250,744,0.9426502585411072,-1,-1,-1
361,-1,720,441,894,560,0.9932838678359985,-1,-1,-1
361,-1,494,512,604,601,0.9895491600036621,-1,-1,-1
361,-1,107,648,259,742,0.9729568362236023,-1,-1,-1
362,-1,714,439,883,561,0.9931007623672485,-1,-1,-1
362,-1,499,511,613,606,0.9887779355049133,-1,-1,-1
362,-1,114,647,265,738,0.9761816263198853,-1,-1,-1
363,-1,502,512,625,606,0.9919885396957397,-1,-1,-1
363,-1,707,441,874,561,0.9908750057220459,-1,-1,-1
363,-1,118,644,271,735,0.9576678276062012,-1,-1,-1
364,-1,509,510,633,610,0.9900876879692078,-1,-1,-1
364,-1,699,440,867,561,0.9891121983528137,-1,-1,-1
364,-1,128,639,277,735,0.9582958817481995,-1,-1,-1
365,-1,517,512,642,612,0.9930933713912964,-1,-1,-1
365,-1,698,452,856,561,0.9903171062469482,-1,-1,-1
365,-1,137,639,295,729,0.9740359783172607,-1,-1,-1
366,-1,693,456,856,561,0.9923189282417297,-1,-1,-1
366,-1,523,511,654,615,0.9917774200439453,-1,-1,-1
366,-1,146,637,308,728,0.9862155914306641,-1,-1,-1
367,-1,689,459,848,562,0.9946334362030029,-1,-1,-1
367,-1,529,510,668,617,0.9914283156394958,-1,-1,-1
367,-1,152,634,316,727,0.9853965640068054,-1,-1,-1
368,-1,542,512,681,619,0.99205082654953,-1,-1,-1
368,-1,683,460,839,561,0.9913212656974792,-1,-1,-1
368,-1,159,631,322,725,0.9791714549064636,-1,-1,-1
368,-1,1278,320,1600,485,0.8146647810935974,-1,-1,-1
369,-1,548,511,696,621,0.9942761063575745,-1,-1,-1
369,-1,1225,330,1566,483,0.9918825030326843,-1,-1,-1
369,-1,677,459,835,562,0.9904322028160095,-1,-1,-1
369,-1,164,628,331,721,0.9748736023902893,-1,-1,-1
370,-1,557,511,711,625,0.9947233200073242,-1,-1,-1
370,-1,674,460,829,561,0.9909033179283142,-1,-1,-1
370,-1,1182,342,1509,488,0.9903832077980042,-1,-1,-1
370,-1,168,624,340,717,0.980635941028595,-1,-1,-1
371,-1,568,510,729,629,0.9940972328186035,-1,-1,-1
371,-1,1138,347,1431,493,0.9898359179496765,-1,-1,-1
371,-1,175,622,341,713,0.9776483178138733,-1,-1,-1
371,-1,674,460,819,562,0.9714425802230835,-1,-1,-1
372,-1,580,514,744,633,0.9945152401924133,-1,-1,-1
372,-1,1094,362,1370,496,0.9931952953338623,-1,-1,-1
372,-1,673,457,814,558,0.9771143794059753,-1,-1,-1
372,-1,182,620,348,710,0.967332661151886,-1,-1,-1
373,-1,594,513,767,638,0.9952912330627441,-1,-1,-1
373,-1,1057,371,1316,497,0.9911585450172424,-1,-1,-1
373,-1,186,619,351,707,0.9749759435653687,-1,-1,-1
373,-1,676,461,810,554,0.8361093401908875,-1,-1,-1
374,-1,613,511,795,643,0.9960169196128845,-1,-1,-1
374,-1,1016,375,1265,501,0.9921735525131226,-1,-1,-1
374,-1,191,617,357,708,0.9764852523803711,-1,-1,-1
374,-1,674,464,809,548,0.7637377977371216,-1,-1,-1
375,-1,628,514,820,646,0.9955541491508484,-1,-1,-1
375,-1,994,382,1218,501,0.9826017618179321,-1,-1,-1
375,-1,196,617,361,707,0.9789075255393982,-1,-1,-1
375,-1,661,466,805,547,0.889277994632721,-1,-1,-1
376,-1,646,512,851,649,0.995694637298584,-1,-1,-1
376,-1,963,387,1178,505,0.9898843765258789,-1,-1,-1
376,-1,196,615,365,705,0.9840831160545349,-1,-1,-1
376,-1,652,466,803,557,0.7437412738800049,-1,-1,-1
377,-1,667,512,896,659,0.9933794736862183,-1,-1,-1
377,-1,938,393,1139,505,0.9869484901428223,-1,-1,-1
377,-1,202,615,369,704,0.9781638383865356,-1,-1,-1
377,-1,653,466,798,559,0.7707503437995911,-1,-1,-1
378,-1,686,505,920,667,0.9933997392654419,-1,-1,-1
378,-1,915,397,1104,507,0.989096462726593,-1,-1,-1
378,-1,203,614,372,703,0.9817861914634705,-1,-1,-1
378,-1,645,465,794,563,0.8988240361213684,-1,-1,-1
379,-1,719,509,972,668,0.9935038685798645,-1,-1,-1
379,-1,205,613,378,704,0.9867724776268005,-1,-1,-1
379,-1,890,401,1072,508,0.9832452535629272,-1,-1,-1
379,-1,644,465,791,563,0.9537444710731506,-1,-1,-1
380,-1,740,503,1022,678,0.9920701384544373,-1,-1,-1
380,-1,206,612,380,704,0.98989337682724,-1,-1,-1
380,-1,644,465,787,563,0.9774659872055054,-1,-1,-1
380,-1,861,407,1037,512,0.9773345589637756,-1,-1,-1
381,-1,772,504,1084,688,0.9915494918823242,-1,-1,-1
381,-1,208,611,381,704,0.9899471402168274,-1,-1,-1
381,-1,645,466,788,561,0.9779945015907288,-1,-1,-1
381,-1,844,416,1010,515,0.9611812233924866,-1,-1,-1
382,-1,810,502,1160,702,0.9920579791069031,-1,-1,-1
382,-1,209,611,383,704,0.9908374547958374,-1,-1,-1
382,-1,644,465,784,562,0.979488730430603,-1,-1,-1
382,-1,828,415,991,517,0.9532387852668762,-1,-1,-1
383,-1,866,501,1245,711,0.9929916858673096,-1,-1,-1
383,-1,211,610,385,704,0.9924456477165222,-1,-1,-1
383,-1,643,465,783,562,0.9826574921607971,-1,-1,-1
383,-1,806,422,965,518,0.9222666025161743,-1,-1,-1
384,-1,898,499,1340,733,0.9938898086547852,-1,-1,-1
384,-1,212,610,386,704,0.9922216534614563,-1,-1,-1
384,-1,641,466,784,561,0.9857428073883057,-1,-1,-1
384,-1,789,426,937,520,0.9414799213409424,-1,-1,-1
385,-1,986,489,1461,749,0.9945670366287231,-1,-1,-1
385,-1,216,609,387,703,0.991108775138855,-1,-1,-1
385,-1,640,465,784,562,0.9852389097213745,-1,-1,-1
385,-1,773,429,916,521,0.9701438546180725,-1,-1,-1
386,-1,1065,489,1600,771,0.9936391711235046,-1,-1,-1
386,-1,212,607,387,704,0.9918712377548218,-1,-1,-1
386,-1,640,465,779,562,0.9848852157592773,-1,-1,-1
386,-1,760,432,897,523,0.9756725430488586,-1,-1,-1
387,-1,213,607,388,703,0.9909549355506897,-1,-1,-1
387,-1,638,466,781,563,0.9894456267356873,-1,-1,-1
387,-1,754,437,877,521,0.9566104412078857,-1,-1,-1
388,-1,638,466,778,562,0.9912376403808594,-1,-1,-1
388,-1,211,608,394,703,0.9908768534660339,-1,-1,-1
388,-1,741,439,859,521,0.874749481678009,-1,-1,-1
389,-1,638,465,778,562,0.9919899106025696,-1,-1,-1
389,-1,219,607,391,703,0.9909327030181885,-1,-1,-1
390,-1,213,607,395,703,0.9922577142715454,-1,-1,-1
390,-1,638,464,778,562,0.9909177422523499,-1,-1,-1
391,-1,637,464,777,562,0.9914501309394836,-1,-1,-1
391,-1,221,607,393,703,0.9914263486862183,-1,-1,-1
392,-1,221,606,393,703,0.9917402267456055,-1,-1,-1
392,-1,637,462,782,562,0.9876508116722107,-1,-1,-1
393,-1,218,606,394,703,0.9922168254852295,-1,-1,-1
393,-1,636,460,780,561,0.9895632863044739,-1,-1,-1
394,-1,637,458,777,563,0.9926261305809021,-1,-1,-1
394,-1,219,606,395,703,0.9917985200881958,-1,-1,-1
395,-1,636,459,775,563,0.9941563606262207,-1,-1,-1
395,-1,219,605,395,703,0.9917227625846863,-1,-1,-1
396,-1,636,459,776,563,0.9948455095291138,-1,-1,-1
396,-1,219,606,395,703,0.9913490414619446,-1,-1,-1
397,-1,633,460,776,563,0.9951076507568359,-1,-1,-1
397,-1,219,605,395,703,0.9918592572212219,-1,-1,-1
398,-1,630,463,774,561,0.994036078453064,-1,-1,-1
398,-1,219,605,395,703,0.9918985366821289,-1,-1,-1
399,-1,219,605,395,703,0.9919576644897461,-1,-1,-1
399,-1,629,461,776,563,0.9915259480476379,-1,-1,-1
400,-1,220,605,397,704,0.9927417039871216,-1,-1,-1
400,-1,639,467,779,562,0.9914953708648682,-1,-1,-1
401,-1,221,605,396,703,0.9933475852012634,-1,-1,-1
401,-1,641,468,778,562,0.992064893245697,-1,-1,-1
401,-1,1271,283,1600,479,0.9787477254867554,-1,-1,-1
402,-1,221,605,396,703,0.9934593439102173,-1,-1,-1
402,-1,641,469,778,562,0.9919182658195496,-1,-1,-1
402,-1,1217,296,1537,485,0.9881393909454346,-1,-1,-1
403,-1,636,468,776,563,0.9931886196136475,-1,-1,-1
403,-1,219,605,395,702,0.9918346405029297,-1,-1,-1
403,-1,1172,308,1465,485,0.989639401435852,-1,-1,-1
404,-1,640,469,778,562,0.9924322366714478,-1,-1,-1
404,-1,218,605,395,702,0.9919440746307373,-1,-1,-1
404,-1,1135,317,1412,489,0.9915140271186829,-1,-1,-1
405,-1,638,468,779,562,0.9926497340202332,-1,-1,-1
405,-1,219,605,395,702,0.9918575882911682,-1,-1,-1
405,-1,1092,327,1359,493,0.9902657866477966,-1,-1,-1
406,-1,633,467,775,563,0.9932361245155334,-1,-1,-1
406,-1,1059,336,1311,494,0.9917455315589905,-1,-1,-1
406,-1,218,605,395,702,0.9916649460792542,-1,-1,-1
407,-1,636,467,774,563,0.9928337335586548,-1,-1,-1
407,-1,218,605,394,702,0.9916045069694519,-1,-1,-1
407,-1,1031,346,1264,494,0.9892871379852295,-1,-1,-1
408,-1,634,466,777,563,0.9938482642173767,-1,-1,-1
408,-1,1000,353,1222,496,0.9921543002128601,-1,-1,-1
408,-1,218,605,394,702,0.9915152788162231,-1,-1,-1
409,-1,637,468,777,562,0.9928528666496277,-1,-1,-1
409,-1,974,359,1186,497,0.9924875497817993,-1,-1,-1
409,-1,219,605,394,702,0.9915919303894043,-1,-1,-1
410,-1,635,467,777,562,0.9928353428840637,-1,-1,-1
410,-1,947,369,1148,499,0.9923163652420044,-1,-1,-1
410,-1,219,605,394,702,0.9915443658828735,-1,-1,-1
411,-1,636,467,777,562,0.9925593137741089,-1,-1,-1
411,-1,921,370,1118,502,0.9914699196815491,-1,-1,-1
411,-1,219,606,394,702,0.9911110401153564,-1,-1,-1
412,-1,635,467,777,562,0.9929012060165405,-1,-1,-1
412,-1,903,377,1091,502,0.9923915266990662,-1,-1,-1
412,-1,219,606,394,702,0.9910983443260193,-1,-1,-1
413,-1,881,382,1061,505,0.9931140542030334,-1,-1,-1
413,-1,634,466,777,563,0.9929157495498657,-1,-1,-1
413,-1,219,606,394,701,0.990920901298523,-1,-1,-1
413,-1,0,686,144,778,0.6095349192619324,-1,-1,-1
414,-1,636,467,777,562,0.9927027225494385,-1,-1,-1
414,-1,864,388,1033,505,0.9921301007270813,-1,-1,-1
414,-1,219,606,394,701,0.9903916120529175,-1,-1,-1
414,-1,0,686,153,776,0.6417256593704224,-1,-1,-1
415,-1,636,467,777,562,0.9927954077720642,-1,-1,-1
415,-1,845,392,1009,508,0.9917941689491272,-1,-1,-1
415,-1,219,606,394,701,0.9902001023292542,-1,-1,-1
415,-1,7,683,162,775,0.630221426486969,-1,-1,-1
416,-1,637,468,777,562,0.9926058053970337,-1,-1,-1
416,-1,825,395,986,512,0.9917660355567932,-1,-1,-1
416,-1,219,606,394,701,0.9900614023208618,-1,-1,-1
416,-1,16,681,170,773,0.750759482383728,-1,-1,-1
417,-1,636,467,777,562,0.9925038814544678,-1,-1,-1
417,-1,219,606,394,701,0.9900897741317749,-1,-1,-1
417,-1,812,400,961,512,0.9847837686538696,-1,-1,-1
417,-1,25,678,177,771,0.8652721047401428,-1,-1,-1
418,-1,635,466,776,563,0.9916205406188965,-1,-1,-1
418,-1,793,404,945,512,0.990931510925293,-1,-1,-1
418,-1,219,606,394,701,0.9900475144386292,-1,-1,-1
418,-1,28,675,186,771,0.8714460134506226,-1,-1,-1
419,-1,635,466,776,563,0.9916039109230042,-1,-1,-1
419,-1,219,606,394,701,0.9898459911346436,-1,-1,-1
419,-1,777,407,923,511,0.9798428416252136,-1,-1,-1
419,-1,33,675,189,767,0.6841920614242554,-1,-1,-1
420,-1,635,467,776,563,0.991479218006134,-1,-1,-1
420,-1,219,606,394,701,0.9894206523895264,-1,-1,-1
420,-1,762,411,905,517,0.9630569219589233,-1,-1,-1
421,-1,635,467,776,563,0.9918913841247559,-1,-1,-1
421,-1,219,606,395,702,0.9915019273757935,-1,-1,-1
421,-1,747,414,887,518,0.9610146880149841,-1,-1,-1
421,-1,43,669,199,762,0.7021365761756897,-1,-1,-1
422,-1,219,606,395,703,0.9916644096374512,-1,-1,-1
422,-1,636,465,777,562,0.9900107979774475,-1,-1,-1
422,-1,49,666,212,761,0.7994728684425354,-1,-1,-1
422,-1,737,418,868,519,0.7463808059692383,-1,-1,-1
423,-1,219,606,395,703,0.9918780326843262,-1,-1,-1
423,-1,634,465,776,562,0.9914843440055847,-1,-1,-1
423,-1,724,417,849,517,0.7855519652366638,-1,-1,-1
423,-1,57,665,218,760,0.7721474170684814,-1,-1,-1
424,-1,634,465,776,563,0.9937019348144531,-1,-1,-1
424,-1,219,606,395,703,0.992030143737793,-1,-1,-1
424,-1,57,663,224,760,0.686068594455719,-1,-1,-1
424,-1,714,420,837,516,0.6474291682243347,-1,-1,-1
425,-1,637,463,778,563,0.9928386807441711,-1,-1,-1
425,-1,219,606,395,703,0.9920744895935059,-1,-1,-1
425,-1,59,661,228,760,0.7787548899650574,-1,-1,-1
426,-1,635,464,775,561,0.9924890995025635,-1,-1,-1
426,-1,219,605,395,702,0.992020308971405,-1,-1,-1
426,-1,63,660,234,759,0.7385112047195435,-1,-1,-1
427,-1,635,464,775,562,0.9936628341674805,-1,-1,-1
427,-1,219,605,395,702,0.9919252991676331,-1,-1,-1
427,-1,71,662,235,756,0.6949560046195984,-1,-1,-1
428,-1,635,463,774,563,0.9933724403381348,-1,-1,-1
428,-1,220,605,395,702,0.991715133190155,-1,-1,-1
428,-1,73,661,234,754,0.7203208208084106,-1,-1,-1
429,-1,635,460,773,563,0.9925559163093567,-1,-1,-1
429,-1,219,606,395,702,0.9911729693412781,-1,-1,-1
429,-1,76,660,234,753,0.7919682860374451,-1,-1,-1
430,-1,635,461,775,563,0.9930557608604431,-1,-1,-1
430,-1,219,606,395,702,0.9907150268554688,-1,-1,-1
430,-1,73,657,238,753,0.909052848815918,-1,-1,-1
431,-1,635,463,775,563,0.9929347634315491,-1,-1,-1
431,-1,219,606,395,702,0.9905127882957458,-1,-1,-1
431,-1,75,655,239,753,0.9220074415206909,-1,-1,-1
431,-1,448,511,536,583,0.6252168416976929,-1,-1,-1
432,-1,635,463,775,562,0.9937831163406372,-1,-1,-1
432,-1,220,606,395,702,0.9900894165039062,-1,-1,-1
432,-1,81,659,236,750,0.882967472076416,-1,-1,-1
432,-1,449,511,540,584,0.6814841628074646,-1,-1,-1
433,-1,635,464,774,562,0.9916595816612244,-1,-1,-1
433,-1,227,606,395,702,0.9876371622085571,-1,-1,-1
433,-1,81,657,242,751,0.7818551063537598,-1,-1,-1
433,-1,449,511,542,586,0.6777023673057556,-1,-1,-1
434,-1,634,464,775,563,0.9916389584541321,-1,-1,-1
434,-1,220,606,395,702,0.9884437918663025,-1,-1,-1
434,-1,81,657,242,751,0.7739384770393372,-1,-1,-1
434,-1,450,511,545,587,0.7094064354896545,-1,-1,-1
435,-1,637,466,774,562,0.9916894435882568,-1,-1,-1
435,-1,227,606,395,702,0.9874752163887024,-1,-1,-1
435,-1,450,503,549,589,0.7810249924659729,-1,-1,-1
435,-1,82,656,243,751,0.7111638784408569,-1,-1,-1
436,-1,635,467,774,563,0.9930247068405151,-1,-1,-1
436,-1,227,606,395,702,0.9873328804969788,-1,-1,-1
436,-1,455,508,553,589,0.8785331845283508,-1,-1,-1
436,-1,83,657,243,750,0.6753289103507996,-1,-1,-1
437,-1,632,467,773,562,0.9932259917259216,-1,-1,-1
437,-1,227,606,395,702,0.9870007038116455,-1,-1,-1
437,-1,456,505,556,590,0.9291455745697021,-1,-1,-1
437,-1,83,656,244,750,0.6783016920089722,-1,-1,-1
438,-1,632,469,771,561,0.9918123483657837,-1,-1,-1
438,-1,228,606,395,702,0.9868162274360657,-1,-1,-1
438,-1,460,509,562,593,0.9705601930618286,-1,-1,-1
438,-1,84,656,244,750,0.625534176826477,-1,-1,-1
439,-1,631,469,769,562,0.9928043484687805,-1,-1,-1
439,-1,223,605,394,702,0.986791729927063,-1,-1,-1
439,-1,461,507,564,595,0.9824842810630798,-1,-1,-1
440,-1,627,468,768,563,0.9923245906829834,-1,-1,-1
440,-1,226,605,396,701,0.9884921312332153,-1,-1,-1
440,-1,461,507,569,597,0.9850509166717529,-1,-1,-1
441,-1,625,468,768,562,0.9928971529006958,-1,-1,-1
441,-1,226,605,397,701,0.9898450374603271,-1,-1,-1
441,-1,462,507,573,599,0.9884564876556396,-1,-1,-1
441,-1,82,653,247,750,0.62376469373703,-1,-1,-1
442,-1,465,508,577,598,0.9906061291694641,-1,-1,-1
442,-1,626,467,767,562,0.9894848465919495,-1,-1,-1
442,-1,227,606,397,701,0.9889470934867859,-1,-1,-1
442,-1,84,656,249,750,0.6210387945175171,-1,-1,-1
443,-1,468,511,585,600,0.9946408271789551,-1,-1,-1
443,-1,624,467,766,563,0.9912880063056946,-1,-1,-1
443,-1,232,605,398,702,0.9865098595619202,-1,-1,-1
443,-1,82,653,248,750,0.6781986355781555,-1,-1,-1
444,-1,472,510,591,605,0.9927589893341064,-1,-1,-1
444,-1,624,469,762,564,0.9903520941734314,-1,-1,-1
444,-1,233,605,399,702,0.9869454503059387,-1,-1,-1
444,-1,83,653,249,750,0.7290507555007935,-1,-1,-1
445,-1,474,510,597,605,0.9932343363761902,-1,-1,-1
445,-1,228,603,404,704,0.991032063961029,-1,-1,-1
445,-1,622,469,759,564,0.9900887608528137,-1,-1,-1
445,-1,83,653,248,749,0.7814743518829346,-1,-1,-1
446,-1,478,510,602,607,0.995288610458374,-1,-1,-1
446,-1,623,468,763,564,0.9904629588127136,-1,-1,-1
446,-1,229,603,402,703,0.9900082349777222,-1,-1,-1
446,-1,83,653,250,749,0.7846976518630981,-1,-1,-1
447,-1,480,509,610,610,0.9935324192047119,-1,-1,-1
447,-1,622,469,761,563,0.9898995757102966,-1,-1,-1
447,-1,235,602,408,703,0.9888394474983215,-1,-1,-1
447,-1,83,650,254,750,0.7247903943061829,-1,-1,-1
448,-1,484,509,616,613,0.9918556213378906,-1,-1,-1
448,-1,619,469,757,563,0.9885700345039368,-1,-1,-1
448,-1,245,601,415,702,0.9872487187385559,-1,-1,-1
448,-1,90,652,248,748,0.8277119398117065,-1,-1,-1
449,-1,488,508,624,613,0.9926126003265381,-1,-1,-1
449,-1,248,601,417,700,0.9907339811325073,-1,-1,-1
449,-1,619,469,755,563,0.9884544014930725,-1,-1,-1
449,-1,89,652,252,750,0.7925702333450317,-1,-1,-1
450,-1,492,508,634,617,0.9925529360771179,-1,-1,-1
450,-1,254,600,424,701,0.9900947213172913,-1,-1,-1
450,-1,615,470,754,563,0.9898262023925781,-1,-1,-1
450,-1,92,652,250,747,0.8864238858222961,-1,-1,-1
451,-1,496,509,644,618,0.9939560294151306,-1,-1,-1
451,-1,256,599,428,702,0.9911443591117859,-1,-1,-1
451,-1,609,470,745,564,0.9859841465950012,-1,-1,-1
451,-1,92,651,256,748,0.8376548886299133,-1,-1,-1
452,-1,501,509,654,620,0.994907557964325,-1,-1,-1
452,-1,257,598,436,700,0.9917212128639221,-1,-1,-1
452,-1,608,470,743,564,0.9427466988563538,-1,-1,-1
452,-1,94,652,252,747,0.8579099774360657,-1,-1,-1
453,-1,504,503,660,623,0.9951329827308655,-1,-1,-1
453,-1,266,595,441,698,0.9871275424957275,-1,-1,-1
453,-1,96,652,255,746,0.8953875303268433,-1,-1,-1
453,-1,603,473,739,561,0.8047583699226379,-1,-1,-1
454,-1,516,505,676,625,0.9953070282936096,-1,-1,-1
454,-1,269,594,452,699,0.9913080334663391,-1,-1,-1
454,-1,94,649,261,745,0.8723196387290955,-1,-1,-1
454,-1,606,472,735,559,0.7100803852081299,-1,-1,-1
455,-1,524,505,689,627,0.9936611652374268,-1,-1,-1
455,-1,277,590,461,695,0.9913990497589111,-1,-1,-1
455,-1,101,651,259,744,0.9189012050628662,-1,-1,-1
456,-1,530,504,704,630,0.9947628378868103,-1,-1,-1
456,-1,287,585,465,693,0.9902229309082031,-1,-1,-1
456,-1,105,649,262,743,0.9044063687324524,-1,-1,-1
457,-1,537,503,718,632,0.9932397603988647,-1,-1,-1
457,-1,297,583,475,691,0.9913623929023743,-1,-1,-1
457,-1,109,647,268,741,0.9259502291679382,-1,-1,-1
458,-1,307,584,481,687,0.99111407995224,-1,-1,-1
458,-1,546,496,735,636,0.9883163571357727,-1,-1,-1
458,-1,111,647,271,740,0.9187126159667969,-1,-1,-1
459,-1,554,491,748,639,0.9935663342475891,-1,-1,-1
459,-1,313,579,489,687,0.9906215667724609,-1,-1,-1
459,-1,1227,365,1600,551,0.9667923450469971,-1,-1,-1
459,-1,114,646,276,739,0.9243294596672058,-1,-1,-1
460,-1,1182,376,1587,556,0.9899744391441345,-1,-1,-1
460,-1,327,582,499,681,0.9885002374649048,-1,-1,-1
460,-1,564,492,772,643,0.9856054186820984,-1,-1,-1
460,-1,114,643,291,741,0.8975242376327515,-1,-1,-1
461,-1,577,494,797,644,0.9934079647064209,-1,-1,-1
461,-1,1145,367,1531,551,0.9891961812973022,-1,-1,-1
461,-1,340,577,507,678,0.9856670498847961,-1,-1,-1
461,-1,120,642,287,738,0.9283517003059387,-1,-1,-1
462,-1,594,499,825,646,0.9908403754234314,-1,-1,-1
462,-1,1103,383,1470,554,0.9902346134185791,-1,-1,-1
462,-1,348,575,520,677,0.9860235452651978,-1,-1,-1
462,-1,123,642,288,736,0.882619321346283,-1,-1,-1
463,-1,1074,387,1422,557,0.990766167640686,-1,-1,-1
463,-1,599,494,847,650,0.9872261881828308,-1,-1,-1
463,-1,360,572,529,672,0.9851427674293518,-1,-1,-1
463,-1,522,494,657,587,0.8639428615570068,-1,-1,-1
463,-1,126,643,293,736,0.8528879284858704,-1,-1,-1
464,-1,1045,392,1375,555,0.9908763766288757,-1,-1,-1
464,-1,617,490,868,660,0.9908668994903564,-1,-1,-1
464,-1,369,568,542,670,0.9816007614135742,-1,-1,-1
464,-1,511,493,656,592,0.966366171836853,-1,-1,-1
464,-1,132,641,301,734,0.9373726844787598,-1,-1,-1
465,-1,634,487,896,666,0.9926284551620483,-1,-1,-1
465,-1,1022,400,1343,556,0.9916852712631226,-1,-1,-1
465,-1,379,566,550,667,0.9892551898956299,-1,-1,-1
465,-1,500,500,651,592,0.9746983647346497,-1,-1,-1
465,-1,132,638,304,734,0.964637815952301,-1,-1,-1
466,-1,994,406,1294,554,0.9930886626243591,-1,-1,-1
466,-1,649,489,936,664,0.9924803972244263,-1,-1,-1
466,-1,387,561,562,665,0.9912165403366089,-1,-1,-1
466,-1,138,638,318,731,0.9672505259513855,-1,-1,-1
466,-1,489,501,636,591,0.962644100189209,-1,-1,-1
467,-1,660,482,973,670,0.9925857186317444,-1,-1,-1
467,-1,973,407,1259,555,0.992181658744812,-1,-1,-1
467,-1,399,559,573,661,0.9908975958824158,-1,-1,-1
467,-1,143,634,322,733,0.9885410666465759,-1,-1,-1
467,-1,487,507,623,589,0.913707435131073,-1,-1,-1
468,-1,681,478,1012,676,0.993675172328949,-1,-1,-1
468,-1,953,412,1225,555,0.9898797273635864,-1,-1,-1
468,-1,412,556,584,659,0.9872668385505676,-1,-1,-1
468,-1,148,631,326,730,0.983513593673706,-1,-1,-1
468,-1,487,508,614,586,0.828132152557373,-1,-1,-1
469,-1,707,480,1053,685,0.992782711982727,-1,-1,-1
469,-1,422,548,594,658,0.9906834363937378,-1,-1,-1
469,-1,154,629,330,725,0.9835662245750427,-1,-1,-1
469,-1,928,412,1191,551,0.9579374194145203,-1,-1,-1
470,-1,725,475,1104,690,0.9926443099975586,-1,-1,-1
470,-1,432,545,604,653,0.9896571040153503,-1,-1,-1
470,-1,159,627,337,723,0.9727655649185181,-1,-1,-1
470,-1,934,416,1162,545,0.7825732231140137,-1,-1,-1
471,-1,760,473,1162,700,0.9923559427261353,-1,-1,-1
471,-1,444,543,613,653,0.9863162636756897,-1,-1,-1
471,-1,170,623,342,718,0.9481325149536133,-1,-1,-1
472,-1,785,466,1228,714,0.9927675724029541,-1,-1,-1
472,-1,456,539,625,649,0.9828983545303345,-1,-1,-1
472,-1,176,622,353,714,0.9642211198806763,-1,-1,-1
473,-1,825,448,1294,719,0.9909989833831787,-1,-1,-1
473,-1,469,541,640,646,0.9832754731178284,-1,-1,-1
473,-1,185,622,357,710,0.9659016132354736,-1,-1,-1
474,-1,881,455,1390,736,0.9916676878929138,-1,-1,-1
474,-1,477,538,652,645,0.9869100451469421,-1,-1,-1
474,-1,192,617,366,708,0.9414306879043579,-1,-1,-1
474,-1,378,540,528,636,0.7231588363647461,-1,-1,-1
475,-1,917,450,1496,745,0.9930654764175415,-1,-1,-1
475,-1,491,535,664,642,0.9831653833389282,-1,-1,-1
475,-1,364,547,516,638,0.9616048336029053,-1,-1,-1
475,-1,201,614,373,704,0.951218843460083,-1,-1,-1
475,-1,840,430,1038,550,0.7693334221839905,-1,-1,-1
476,-1,823,434,1023,552,0.9891536831855774,-1,-1,-1
476,-1,500,531,675,642,0.9888973832130432,-1,-1,-1
476,-1,953,434,1600,765,0.9886160492897034,-1,-1,-1
476,-1,212,612,382,702,0.9730685353279114,-1,-1,-1
476,-1,350,558,498,644,0.954594612121582,-1,-1,-1
477,-1,810,433,1002,552,0.9922633171081543,-1,-1,-1
477,-1,507,529,684,642,0.9881212711334229,-1,-1,-1
477,-1,218,610,385,702,0.9588737487792969,-1,-1,-1
477,-1,332,562,486,650,0.8975369930267334,-1,-1,-1
477,-1,1012,435,1600,770,0.8741738200187683,-1,-1,-1
478,-1,798,437,988,553,0.9945751428604126,-1,-1,-1
478,-1,521,527,698,642,0.9875870943069458,-1,-1,-1
478,-1,219,606,393,701,0.969866931438446,-1,-1,-1
479,-1,784,438,970,554,0.9933520555496216,-1,-1,-1
479,-1,531,525,710,640,0.9880427122116089,-1,-1,-1
479,-1,228,605,403,700,0.9847362637519836,-1,-1,-1
480,-1,771,444,954,553,0.9930279850959778,-1,-1,-1
480,-1,542,523,723,642,0.9879834651947021,-1,-1,-1
480,-1,239,602,409,699,0.9875849485397339,-1,-1,-1
481,-1,555,523,737,642,0.9946458339691162,-1,-1,-1
481,-1,761,447,937,554,0.993403971195221,-1,-1,-1
481,-1,248,597,416,698,0.992609441280365,-1,-1,-1
482,-1,747,446,919,555,0.9934626817703247,-1,-1,-1
482,-1,252,594,425,700,0.9924591183662415,-1,-1,-1
482,-1,562,523,751,644,0.9910401701927185,-1,-1,-1
483,-1,737,446,905,555,0.993547260761261,-1,-1,-1
483,-1,574,522,768,644,0.9934543371200562,-1,-1,-1
483,-1,250,597,435,697,0.9872701168060303,-1,-1,-1
484,-1,586,518,781,649,0.994085431098938,-1,-1,-1
484,-1,721,451,890,557,0.989364504814148,-1,-1,-1
484,-1,268,594,439,698,0.9872298836708069,-1,-1,-1
485,-1,599,516,802,646,0.9944853186607361,-1,-1,-1
485,-1,712,450,878,556,0.9851663708686829,-1,-1,-1
485,-1,277,591,451,694,0.980233371257782,-1,-1,-1
485,-1,200,610,327,690,0.6214353442192078,-1,-1,-1
486,-1,615,514,819,650,0.9945659637451172,-1,-1,-1
486,-1,294,591,459,691,0.9869474172592163,-1,-1,-1
486,-1,1259,316,1600,480,0.9813860058784485,-1,-1,-1
486,-1,701,449,863,555,0.9709675312042236,-1,-1,-1
486,-1,187,609,326,698,0.9442101120948792,-1,-1,-1
487,-1,631,515,844,649,0.9937589168548584,-1,-1,-1
487,-1,300,588,468,691,0.9932643175125122,-1,-1,-1
487,-1,1209,325,1538,482,0.9901154041290283,-1,-1,-1
487,-1,173,615,314,700,0.9654869437217712,-1,-1,-1
487,-1,690,457,849,549,0.9385349750518799,-1,-1,-1
488,-1,647,515,873,655,0.9927777647972107,-1,-1,-1
488,-1,1161,337,1470,489,0.9917827844619751,-1,-1,-1
488,-1,310,589,474,689,0.9852515459060669,-1,-1,-1
488,-1,157,620,299,706,0.9758852124214172,-1,-1,-1
488,-1,668,462,833,553,0.9054749608039856,-1,-1,-1
489,-1,655,512,890,657,0.9937953948974609,-1,-1,-1
489,-1,1126,346,1405,491,0.9893604516983032,-1,-1,-1
489,-1,317,588,480,687,0.9869714379310608,-1,-1,-1
489,-1,139,626,282,710,0.9714776873588562,-1,-1,-1
489,-1,661,465,814,562,0.6254758238792419,-1,-1,-1
490,-1,673,511,917,660,0.9928350448608398,-1,-1,-1
490,-1,323,584,488,685,0.9880409240722656,-1,-1,-1
490,-1,1076,353,1345,494,0.9851897358894348,-1,-1,-1
490,-1,122,630,266,716,0.9797273874282837,-1,-1,-1
490,-1,652,468,806,563,0.7598177790641785,-1,-1,-1
491,-1,691,509,945,665,0.9922903180122375,-1,-1,-1
491,-1,333,584,494,687,0.9913129210472107,-1,-1,-1
491,-1,1041,364,1293,499,0.9871440529823303,-1,-1,-1
491,-1,106,633,254,722,0.976682722568512,-1,-1,-1
491,-1,633,468,786,567,0.7653045058250427,-1,-1,-1
492,-1,341,583,504,686,0.9931679964065552,-1,-1,-1
492,-1,720,509,983,665,0.9913337826728821,-1,-1,-1
492,-1,1006,370,1244,500,0.9842396974563599,-1,-1,-1
492,-1,91,640,233,725,0.9634916186332703,-1,-1,-1
492,-1,623,473,774,569,0.9258880019187927,-1,-1,-1
493,-1,348,583,509,687,0.9920840263366699,-1,-1,-1
493,-1,732,501,1014,670,0.9907139539718628,-1,-1,-1
493,-1,974,375,1195,504,0.9816846251487732,-1,-1,-1
493,-1,607,474,758,571,0.9562808275222778,-1,-1,-1
493,-1,75,644,211,730,0.9167728424072266,-1,-1,-1
494,-1,356,581,517,687,0.9929115176200867,-1,-1,-1
494,-1,753,498,1054,676,0.9919022917747498,-1,-1,-1
494,-1,948,385,1159,503,0.9862521290779114,-1,-1,-1
494,-1,596,475,747,573,0.9744365811347961,-1,-1,-1
494,-1,59,653,191,735,0.9367901086807251,-1,-1,-1
495,-1,367,581,523,687,0.9936684966087341,-1,-1,-1
495,-1,777,495,1102,684,0.9931147694587708,-1,-1,-1
495,-1,929,390,1122,505,0.9854698181152344,-1,-1,-1
495,-1,579,479,732,577,0.9745035171508789,-1,-1,-1
495,-1,43,656,177,741,0.9448919296264648,-1,-1,-1
496,-1,809,490,1151,690,0.9936001300811768,-1,-1,-1
496,-1,373,580,532,686,0.9931495785713196,-1,-1,-1
496,-1,565,484,716,582,0.9848958253860474,-1,-1,-1
496,-1,901,394,1091,508,0.9812316298484802,-1,-1,-1
496,-1,27,662,160,745,0.9107776284217834,-1,-1,-1
497,-1,841,491,1210,697,0.9933429956436157,-1,-1,-1
497,-1,381,579,537,689,0.9933238625526428,-1,-1,-1
497,-1,556,488,705,583,0.9818219542503357,-1,-1,-1
497,-1,877,399,1055,510,0.9740963578224182,-1,-1,-1
497,-1,14,664,145,748,0.6332135796546936,-1,-1,-1
498,-1,867,486,1276,706,0.9953346848487854,-1,-1,-1
498,-1,387,579,541,691,0.9948831796646118,-1,-1,-1
498,-1,539,490,687,589,0.9888678789138794,-1,-1,-1
498,-1,853,405,1026,511,0.9633274078369141,-1,-1,-1
499,-1,911,485,1346,713,0.9945835471153259,-1,-1,-1
499,-1,395,578,552,691,0.9928036332130432,-1,-1,-1
499,-1,524,494,672,592,0.9857856631278992,-1,-1,-1
499,-1,832,409,1000,515,0.9535311460494995,-1,-1,-1
500,-1,955,481,1434,725,0.9943124055862427,-1,-1,-1
500,-1,397,579,556,692,0.9938730001449585,-1,-1,-1
500,-1,509,500,657,596,0.9845150709152222,-1,-1,-1
500,-1,810,418,972,516,0.9741834402084351,-1,-1,-1
501,-1,407,578,564,694,0.9945467710494995,-1,-1,-1
501,-1,1004,478,1536,743,0.9925979375839233,-1,-1,-1
501,-1,496,507,644,599,0.9848409295082092,-1,-1,-1
501,-1,788,418,945,520,0.982347846031189,-1,-1,-1
502,-1,415,579,570,696,0.9956291913986206,-1,-1,-1
502,-1,772,425,923,522,0.9891929030418396,-1,-1,-1
502,-1,482,507,630,606,0.9875226616859436,-1,-1,-1
502,-1,1071,473,1600,756,0.9865083694458008,-1,-1,-1
503,-1,420,578,578,700,0.9960572719573975,-1,-1,-1
503,-1,470,514,612,609,0.9860294461250305,-1,-1,-1
503,-1,755,422,900,525,0.9834228754043579,-1,-1,-1
504,-1,425,583,585,704,0.9958962202072144,-1,-1,-1
504,-1,742,428,881,525,0.9907717704772949,-1,-1,-1
504,-1,457,515,592,612,0.9644421935081482,-1,-1,-1
505,-1,432,585,593,708,0.994847297668457,-1,-1,-1
505,-1,725,430,862,527,0.9923098087310791,-1,-1,-1
505,-1,436,528,577,615,0.9476293921470642,-1,-1,-1
506,-1,438,587,601,711,0.9948424696922302,-1,-1,-1
506,-1,710,433,847,528,0.9888307452201843,-1,-1,-1
506,-1,426,531,568,623,0.9616379141807556,-1,-1,-1
507,-1,446,588,611,715,0.9941335320472717,-1,-1,-1
507,-1,700,436,832,531,0.9925392270088196,-1,-1,-1
507,-1,408,530,543,628,0.9238582253456116,-1,-1,-1
508,-1,450,585,622,722,0.9959367513656616,-1,-1,-1
508,-1,688,437,810,532,0.9824395179748535,-1,-1,-1
508,-1,393,542,535,632,0.8823413252830505,-1,-1,-1
509,-1,458,587,634,725,0.9944669008255005,-1,-1,-1
509,-1,679,439,802,532,0.988445520401001,-1,-1,-1
509,-1,378,550,513,637,0.8894120454788208,-1,-1,-1
510,-1,466,588,645,732,0.9948771595954895,-1,-1,-1
510,-1,666,442,788,531,0.9580691456794739,-1,-1,-1
510,-1,358,560,496,643,0.9493789672851562,-1,-1,-1
511,-1,471,590,659,736,0.9934545755386353,-1,-1,-1
511,-1,655,443,773,532,0.9794164896011353,-1,-1,-1
511,-1,340,562,483,651,0.9668976664543152,-1,-1,-1
512,-1,483,592,674,742,0.9948604702949524,-1,-1,-1
512,-1,326,566,471,655,0.9648773670196533,-1,-1,-1
512,-1,645,446,760,534,0.9552401900291443,-1,-1,-1
513,-1,485,592,691,752,0.9944485425949097,-1,-1,-1
513,-1,309,574,447,660,0.9560624957084656,-1,-1,-1
513,-1,638,450,745,534,0.9495061635971069,-1,-1,-1
514,-1,494,596,705,759,0.9941338896751404,-1,-1,-1
514,-1,287,580,434,666,0.9484487175941467,-1,-1,-1
514,-1,627,453,739,535,0.9072195291519165,-1,-1,-1
515,-1,504,598,725,768,0.9934729933738708,-1,-1,-1
515,-1,269,582,420,675,0.9844838976860046,-1,-1,-1
515,-1,622,455,726,535,0.8320587873458862,-1,-1,-1
516,-1,518,601,754,779,0.9937700629234314,-1,-1,-1
516,-1,254,587,401,682,0.9866365790367126,-1,-1,-1
516,-1,612,456,719,538,0.9062762260437012,-1,-1,-1
517,-1,527,605,765,794,0.9928378462791443,-1,-1,-1
517,-1,240,591,384,681,0.988768458366394,-1,-1,-1
517,-1,605,459,708,537,0.7875356078147888,-1,-1,-1
518,-1,538,609,797,801,0.9925112724304199,-1,-1,-1
518,-1,223,594,366,685,0.9867115020751953,-1,-1,-1
518,-1,599,460,698,539,0.6825017333030701,-1,-1,-1
519,-1,547,609,826,819,0.9927840232849121,-1,-1,-1
519,-1,210,601,349,687,0.9759979844093323,-1,-1,-1
520,-1,558,615,865,830,0.9922817349433899,-1,-1,-1
520,-1,192,605,337,698,0.9796110391616821,-1,-1,-1
521,-1,586,619,908,848,0.9911066889762878,-1,-1,-1
521,-1,175,611,318,702,0.978145956993103,-1,-1,-1
522,-1,603,627,941,868,0.9925641417503357,-1,-1,-1
522,-1,160,619,298,706,0.9770596027374268,-1,-1,-1
523,-1,623,633,993,891,0.995636522769928,-1,-1,-1
523,-1,142,625,281,709,0.9612593054771423,-1,-1,-1
524,-1,646,638,1045,919,0.992685079574585,-1,-1,-1
524,-1,126,631,265,714,0.9792388081550598,-1,-1,-1
525,-1,669,648,1119,952,0.9943471550941467,-1,-1,-1
525,-1,111,628,249,723,0.9627740383148193,-1,-1,-1
526,-1,705,663,1202,991,0.9964175224304199,-1,-1,-1
526,-1,94,639,233,724,0.9667685031890869,-1,-1,-1
527,-1,756,668,1302,1038,0.9938092827796936,-1,-1,-1
527,-1,81,643,214,726,0.9006249308586121,-1,-1,-1
528,-1,805,686,1440,1110,0.9939574003219604,-1,-1,-1
528,-1,64,652,189,732,0.8751109838485718,-1,-1,-1
529,-1,842,699,1600,1180,0.9898195862770081,-1,-1,-1
529,-1,47,658,181,738,0.9354316592216492,-1,-1,-1
530,-1,35,662,163,743,0.904046356678009,-1,-1,-1
540,-1,614,447,739,520,0.6532899737358093,-1,-1,-1
616,-1,1227,314,1589,482,0.9882364869117737,-1,-1,-1
617,-1,1189,321,1529,481,0.990709662437439,-1,-1,-1
618,-1,1149,337,1478,487,0.9928197264671326,-1,-1,-1
619,-1,1125,342,1431,487,0.9911017417907715,-1,-1,-1
620,-1,1092,345,1375,489,0.9884700775146484,-1,-1,-1
621,-1,1061,350,1331,489,0.983251690864563,-1,-1,-1
622,-1,1035,361,1290,490,0.9879899621009827,-1,-1,-1
623,-1,1006,367,1253,493,0.9866133332252502,-1,-1,-1
624,-1,980,371,1220,495,0.9872071146965027,-1,-1,-1
625,-1,956,373,1184,497,0.9876819252967834,-1,-1,-1
626,-1,940,378,1158,499,0.9882482886314392,-1,-1,-1
627,-1,932,385,1126,500,0.992159366607666,-1,-1,-1
628,-1,907,391,1100,500,0.9887340068817139,-1,-1,-1
629,-1,890,392,1078,504,0.9935676455497742,-1,-1,-1
630,-1,872,394,1054,505,0.9913570880889893,-1,-1,-1
631,-1,858,398,1031,506,0.9820418357849121,-1,-1,-1
632,-1,837,403,1010,508,0.984355092048645,-1,-1,-1
