3,-1,990,200,1600,519,0.8001577854156494,-1,-1,-1
4,-1,871,198,1575,515,0.9891954660415649,-1,-1,-1
5,-1,741,194,1458,508,0.9906101822853088,-1,-1,-1
6,-1,639,190,1334,501,0.9914058446884155,-1,-1,-1
7,-1,535,187,1212,491,0.9909441471099854,-1,-1,-1
8,-1,400,184,1078,490,0.9913557171821594,-1,-1,-1
9,-1,276,182,967,492,0.9918661713600159,-1,-1,-1
10,-1,173,175,853,487,0.9885591864585876,-1,-1,-1
11,-1,60,177,725,478,0.9883098602294922,-1,-1,-1
12,-1,0,178,634,475,0.9831103086471558,-1,-1,-1
13,-1,0,170,517,479,0.6850032210350037,-1,-1,-1
58,-1,0,599,815,1180,0.7814803123474121,-1,-1,-1
59,-1,0,598,1109,1193,0.9458855986595154,-1,-1,-1
60,-1,154,631,1388,1193,0.9794560074806213,-1,-1,-1
61,-1,428,633,1574,1200,0.9764704704284668,-1,-1,-1
62,-1,733,650,1600,1200,0.8226438760757446,-1,-1,-1
72,-1,1125,311,1600,513,0.9856768846511841,-1,-1,-1
73,-1,1029,309,1514,512,0.988897979259491,-1,-1,-1
73,-1,0,474,584,829,0.7476780414581299,-1,-1,-1
74,-1,0,478,802,817,0.9919427633285522,-1,-1,-1
74,-1,910,304,1402,506,0.9918007254600525,-1,-1,-1
75,-1,187,489,1019,831,0.992095410823822,-1,-1,-1
75,-1,804,298,1297,501,0.9914379715919495,-1,-1,-1
76,-1,404,485,1224,837,0.9935908317565918,-1,-1,-1
76,-1,712,295,1177,495,0.986440122127533,-1,-1,-1
77,-1,610,493,1445,840,0.9945195317268372,-1,-1,-1
77,-1,602,292,1067,492,0.9839606285095215,-1,-1,-1
78,-1,485,290,949,486,0.9855139255523682,-1,-1,-1
78,-1,845,501,1600,843,0.9678816795349121,-1,-1,-1
79,-1,375,289,840,484,0.9913333058357239,-1,-1,-1
79,-1,1044,516,1600,841,0.7758251428604126,-1,-1,-1
80,-1,261,282,726,482,0.9923465251922607,-1,-1,-1
81,-1,150,272,612,478,0.9878537654876709,-1,-1,-1
82,-1,56,268,519,471,0.986690878868103,-1,-1,-1
83,-1,0,273,411,474,0.728727400302887,-1,-1,-1
99,-1,0,341,643,853,0.609120786190033,-1,-1,-1
101,-1,0,344,1017,868,0.9495615363121033,-1,-1,-1
102,-1,113,335,1223,880,0.9881320595741272,-1,-1,-1
103,-1,332,339,1408,885,0.9896959066390991,-1,-1,-1
104,-1,538,337,1590,887,0.9854325652122498,-1,-1,-1
105,-1,733,317,1600,880,0.811319887638092,-1,-1,-1
163,-1,0,679,1286,1200,0.9562824368476868,-1,-1,-1
164,-1,251,691,1548,1200,0.9347670674324036,-1,-1,-1
165,-1,1218,333,1600,509,0.8317470550537109,-1,-1,-1
166,-1,1119,330,1574,503,0.9914905428886414,-1,-1,-1
167,-1,994,324,1459,501,0.9929470419883728,-1,-1,-1
168,-1,893,324,1345,493,0.9945017099380493,-1,-1,-1
169,-1,755,316,1224,491,0.9948990941047668,-1,-1,-1
169,-1,1001,254,1134,349,0.6850264072418213,-1,-1,-1
170,-1,646,311,1106,486,0.9958356618881226,-1,-1,-1
171,-1,552,309,983,478,0.9921254515647888,-1,-1,-1
172,-1,420,307,861,472,0.9937783479690552,-1,-1,-1
173,-1,320,304,755,472,0.9915497303009033,-1,-1,-1
174,-1,207,302,642,472,0.9912996888160706,-1,-1,-1
175,-1,79,299,533,471,0.9905074834823608,-1,-1,-1
176,-1,0,297,419,467,0.9861250519752502,-1,-1,-1
224,-1,1045,385,1600,632,0.7256157398223877,-1,-1,-1
225,-1,881,380,1517,626,0.9908837676048279,-1,-1,-1
226,-1,730,368,1361,617,0.9905633926391602,-1,-1,-1
227,-1,586,353,1200,610,0.9901931881904602,-1,-1,-1
228,-1,424,357,1033,603,0.9915493726730347,-1,-1,-1
229,-1,297,353,897,596,0.9913617968559265,-1,-1,-1
230,-1,168,352,752,590,0.9920608997344971,-1,-1,-1
231,-1,39,346,622,585,0.9894320964813232,-1,-1,-1
232,-1,0,349,500,577,0.7057844996452332,-1,-1,-1
242,-1,1202,334,1600,510,0.8647350668907166,-1,-1,-1
243,-1,1113,334,1600,511,0.9869330525398254,-1,-1,-1
244,-1,1035,323,1534,499,0.9918538331985474,-1,-1,-1
245,-1,941,328,1447,501,0.9939039349555969,-1,-1,-1
246,-1,850,324,1352,499,0.9938594698905945,-1,-1,-1
247,-1,746,315,1247,494,0.9949964284896851,-1,-1,-1
248,-1,666,315,1150,484,0.9948734641075134,-1,-1,-1
249,-1,571,315,1050,479,0.994387149810791,-1,-1,-1
250,-1,475,310,955,476,0.9926067590713501,-1,-1,-1
251,-1,386,307,860,473,0.9919593930244446,-1,-1,-1
252,-1,299,304,768,471,0.9925650358200073,-1,-1,-1
253,-1,208,300,677,469,0.9914207458496094,-1,-1,-1
254,-1,121,299,586,466,0.9906895160675049,-1,-1,-1
255,-1,14,292,510,469,0.9892054796218872,-1,-1,-1
256,-1,0,291,414,461,0.9694458246231079,-1,-1,-1
271,-1,0,546,789,1144,0.8579098582267761,-1,-1,-1
272,-1,52,558,1136,1181,0.9137101173400879,-1,-1,-1
273,-1,89,568,1467,1177,0.9564546942710876,-1,-1,-1
274,-1,323,615,1561,1169,0.7877721190452576,-1,-1,-1
275,-1,633,624,1528,1193,0.6258752942085266,-1,-1,-1
276,-1,981,628,1600,1193,0.7157994508743286,-1,-1,-1
318,-1,1051,380,1600,621,0.8776559233665466,-1,-1,-1
319,-1,928,378,1547,612,0.9918518662452698,-1,-1,-1
320,-1,787,367,1406,605,0.992629885673523,-1,-1,-1
321,-1,653,360,1264,601,0.9916925430297852,-1,-1,-1
321,-1,1096,301,1600,509,0.973808228969574,-1,-1,-1
322,-1,510,354,1123,594,0.9913992881774902,-1,-1,-1
322,-1,977,293,1492,509,0.966640293598175,-1,-1,-1
323,-1,366,355,983,584,0.9918504357337952,-1,-1,-1
323,-1,893,292,1385,498,0.9818042516708374,-1,-1,-1
324,-1,247,346,856,584,0.9924032688140869,-1,-1,-1
324,-1,773,284,1273,496,0.9871843457221985,-1,-1,-1
325,-1,155,336,721,578,0.9867298603057861,-1,-1,-1
325,-1,660,277,1161,491,0.9831785559654236,-1,-1,-1
326,-1,558,276,1047,486,0.9866742491722107,-1,-1,-1
326,-1,38,334,615,573,0.9827441573143005,-1,-1,-1
327,-1,456,279,937,482,0.9890266060829163,-1,-1,-1
327,-1,0,343,495,570,0.8201854228973389,-1,-1,-1
327,-1,0,478,449,818,0.7751790881156921,-1,-1,-1
328,-1,330,269,831,482,0.9891049265861511,-1,-1,-1
328,-1,0,476,642,822,0.8846731781959534,-1,-1,-1
329,-1,34,490,839,836,0.992882490158081,-1,-1,-1
329,-1,238,270,725,474,0.9860170483589172,-1,-1,-1
330,-1,228,496,1036,838,0.9941481351852417,-1,-1,-1
330,-1,139,265,614,470,0.9873356223106384,-1,-1,-1
331,-1,463,503,1228,846,0.9937080144882202,-1,-1,-1
331,-1,28,255,523,469,0.985630214214325,-1,-1,-1
332,-1,631,506,1439,853,0.9923736453056335,-1,-1,-1
332,-1,0,257,419,461,0.947837233543396,-1,-1,-1
333,-1,843,516,1592,855,0.9833330512046814,-1,-1,-1
334,-1,1033,524,1600,855,0.6976422667503357,-1,-1,-1
345,-1,1185,336,1600,508,0.9635365605354309,-1,-1,-1
346,-1,1081,336,1551,506,0.9918937087059021,-1,-1,-1
347,-1,996,335,1449,503,0.9938443899154663,-1,-1,-1
348,-1,877,323,1341,497,0.9932774901390076,-1,-1,-1
348,-1,1002,250,1135,352,0.6265608072280884,-1,-1,-1
349,-1,782,322,1250,498,0.9949824810028076,-1,-1,-1
350,-1,698,313,1129,485,0.9942228198051453,-1,-1,-1
351,-1,582,318,1030,493,0.9945570230484009,-1,-1,-1
352,-1,479,314,918,479,0.9946936964988708,-1,-1,-1
353,-1,373,309,813,475,0.9946045279502869,-1,-1,-1
354,-1,269,307,715,477,0.9942039847373962,-1,-1,-1
355,-1,170,304,615,475,0.9931795597076416,-1,-1,-1
356,-1,72,305,518,471,0.9939271807670593,-1,-1,-1
357,-1,0,303,432,469,0.9897936582565308,-1,-1,-1
378,-1,1153,302,1598,508,0.9895619750022888,-1,-1,-1
379,-1,1060,302,1492,504,0.9918477535247803,-1,-1,-1
380,-1,939,292,1389,499,0.9917313456535339,-1,-1,-1
381,-1,840,282,1288,499,0.9923100471496582,-1,-1,-1
382,-1,741,276,1178,494,0.9925274848937988,-1,-1,-1
382,-1,0,475,617,837,0.7617300748825073,-1,-1,-1
383,-1,25,488,831,830,0.9925112724304199,-1,-1,-1
383,-1,639,280,1071,487,0.9924148917198181,-1,-1,-1
384,-1,531,275,957,485,0.9931742548942566,-1,-1,-1
384,-1,208,485,1062,841,0.9923070073127747,-1,-1,-1
385,-1,438,490,1287,849,0.9925084710121155,-1,-1,-1
385,-1,426,271,847,484,0.9893682599067688,-1,-1,-1
386,-1,325,269,744,478,0.9936954379081726,-1,-1,-1
386,-1,662,499,1512,849,0.9916594624519348,-1,-1,-1
387,-1,231,266,652,473,0.9924977421760559,-1,-1,-1
387,-1,899,511,1588,852,0.9395383596420288,-1,-1,-1
388,-1,130,268,548,468,0.988365650177002,-1,-1,-1
388,-1,1116,509,1600,860,0.7581048011779785,-1,-1,-1
389,-1,31,262,465,471,0.988436758518219,-1,-1,-1
390,-1,0,263,368,463,0.8815472722053528,-1,-1,-1
436,-1,1070,368,1600,600,0.8683039546012878,-1,-1,-1
437,-1,942,372,1529,597,0.9905925393104553,-1,-1,-1
438,-1,837,366,1414,588,0.9928724765777588,-1,-1,-1
439,-1,717,359,1288,586,0.9928943514823914,-1,-1,-1
440,-1,601,355,1168,583,0.992379903793335,-1,-1,-1
441,-1,497,348,1049,572,0.9903862476348877,-1,-1,-1
442,-1,393,348,933,565,0.9902892112731934,-1,-1,-1
443,-1,258,352,832,570,0.9930411577224731,-1,-1,-1
444,-1,163,348,752,564,0.9914974570274353,-1,-1,-1
445,-1,79,341,622,560,0.9909957051277161,-1,-1,-1
446,-1,0,344,545,563,0.9854637980461121,-1,-1,-1
463,-1,1228,335,1600,512,0.7575545310974121,-1,-1,-1
464,-1,1124,326,1592,504,0.991956353187561,-1,-1,-1
465,-1,1022,318,1487,496,0.9920353293418884,-1,-1,-1
466,-1,917,324,1373,495,0.9938651919364929,-1,-1,-1
467,-1,787,314,1269,496,0.9938554167747498,-1,-1,-1
468,-1,683,312,1151,490,0.994195818901062,-1,-1,-1
469,-1,592,313,1039,480,0.9941930174827576,-1,-1,-1
470,-1,462,307,924,476,0.9940898418426514,-1,-1,-1
471,-1,362,300,812,471,0.9927374720573425,-1,-1,-1
472,-1,271,300,711,470,0.9879580140113831,-1,-1,-1
473,-1,176,297,601,466,0.9743709564208984,-1,-1,-1
474,-1,63,294,510,458,0.9441737532615662,-1,-1,-1
474,-1,0,398,778,845,0.7724736332893372,-1,-1,-1
475,-1,0,400,957,839,0.9831159710884094,-1,-1,-1
476,-1,95,416,1132,855,0.9927574396133423,-1,-1,-1
477,-1,279,409,1309,856,0.9919303059577942,-1,-1,-1
478,-1,455,418,1497,864,0.993695080280304,-1,-1,-1
479,-1,643,411,1600,866,0.9840958118438721,-1,-1,-1
480,-1,828,425,1600,858,0.7821561694145203,-1,-1,-1
498,-1,0,461,501,806,0.6458853483200073,-1,-1,-1
499,-1,0,459,657,799,0.8929471373558044,-1,-1,-1
500,-1,4,473,834,815,0.9931297898292542,-1,-1,-1
501,-1,168,477,1000,822,0.9946547746658325,-1,-1,-1
502,-1,342,475,1169,826,0.9952007532119751,-1,-1,-1
503,-1,516,483,1349,833,0.993466317653656,-1,-1,-1
504,-1,681,484,1513,837,0.9910066723823547,-1,-1,-1
505,-1,872,491,1600,830,0.9648526906967163,-1,-1,-1
528,-1,233,826,1527,1200,0.7388954758644104,-1,-1,-1
588,-1,1158,326,1600,506,0.9421010613441467,-1,-1,-1
589,-1,1080,322,1594,506,0.9919368028640747,-1,-1,-1
590,-1,995,319,1518,504,0.9934949278831482,-1,-1,-1
591,-1,924,319,1426,500,0.9940595626831055,-1,-1,-1
592,-1,838,318,1349,498,0.9940541386604309,-1,-1,-1
593,-1,754,313,1260,494,0.9942460656166077,-1,-1,-1
594,-1,672,308,1172,488,0.9939377307891846,-1,-1,-1
595,-1,585,299,1087,486,0.9940569400787354,-1,-1,-1
596,-1,514,298,1001,479,0.9923904538154602,-1,-1,-1
597,-1,431,300,920,475,0.9915639162063599,-1,-1,-1
598,-1,344,298,838,475,0.992445170879364,-1,-1,-1
599,-1,273,296,746,472,0.9922256469726562,-1,-1,-1
600,-1,195,294,669,471,0.991981565952301,-1,-1,-1
601,-1,102,289,583,466,0.9907654523849487,-1,-1,-1
602,-1,27,289,511,462,0.9916398525238037,-1,-1,-1
603,-1,0,289,434,458,0.9792014360427856,-1,-1,-1
604,-1,0,285,356,464,0.6174816489219666,-1,-1,-1
