1,-1,1019,552,1116,646,0.6848723888397217,-1,-1,-1
2,-1,1022,548,1118,643,0.9019038081169128,-1,-1,-1
3,-1,1025,543,1117,637,0.8638760447502136,-1,-1,-1
4,-1,1027,541,1117,634,0.874204158782959,-1,-1,-1
5,-1,1028,539,1119,632,0.9089634418487549,-1,-1,-1
6,-1,1032,538,1118,626,0.8566065430641174,-1,-1,-1
7,-1,1033,537,1119,624,0.8758971691131592,-1,-1,-1
8,-1,1035,537,1119,622,0.8265365362167358,-1,-1,-1
9,-1,1036,537,1121,619,0.7614710927009583,-1,-1,-1
29,-1,884,483,979,566,0.8015528321266174,-1,-1,-1
30,-1,881,483,976,568,0.8430837988853455,-1,-1,-1
31,-1,879,484,972,567,0.7564035654067993,-1,-1,-1
32,-1,874,486,969,568,0.7772355675697327,-1,-1,-1
33,-1,869,486,966,567,0.8184641599655151,-1,-1,-1
34,-1,858,487,964,571,0.856347918510437,-1,-1,-1
35,-1,854,487,962,572,0.9578424692153931,-1,-1,-1
36,-1,848,488,959,573,0.9431653618812561,-1,-1,-1
37,-1,843,486,954,577,0.9755880236625671,-1,-1,-1
38,-1,833,488,953,580,0.9771900773048401,-1,-1,-1
39,-1,827,487,944,580,0.9879037737846375,-1,-1,-1
40,-1,818,486,935,581,0.9886932969093323,-1,-1,-1
41,-1,809,486,931,582,0.9910212159156799,-1,-1,-1
42,-1,804,488,928,584,0.9916443228721619,-1,-1,-1
43,-1,794,482,919,583,0.993152379989624,-1,-1,-1
44,-1,784,486,909,585,0.9927778840065002,-1,-1,-1
45,-1,770,485,906,585,0.9918903112411499,-1,-1,-1
46,-1,758,484,895,587,0.9921479821205139,-1,-1,-1
47,-1,744,483,886,587,0.990198016166687,-1,-1,-1
48,-1,731,480,874,588,0.9919795989990234,-1,-1,-1
49,-1,715,479,862,587,0.9921314120292664,-1,-1,-1
50,-1,693,479,852,585,0.9932460188865662,-1,-1,-1
51,-1,676,473,837,584,0.9949818253517151,-1,-1,-1
52,-1,655,473,817,583,0.9772726893424988,-1,-1,-1
53,-1,629,467,807,585,0.9832333922386169,-1,-1,-1
54,-1,600,462,786,584,0.9827228784561157,-1,-1,-1
55,-1,575,457,768,583,0.9768750667572021,-1,-1,-1
56,-1,545,452,746,583,0.9799110889434814,-1,-1,-1
57,-1,513,449,724,586,0.9884479641914368,-1,-1,-1
58,-1,478,443,705,579,0.9870961904525757,-1,-1,-1
59,-1,425,434,672,580,0.989978551864624,-1,-1,-1
60,-1,388,430,647,575,0.9894598722457886,-1,-1,-1
61,-1,332,421,611,572,0.987228274345398,-1,-1,-1
62,-1,279,413,573,570,0.9872102737426758,-1,-1,-1
63,-1,212,402,534,566,0.9906264543533325,-1,-1,-1
63,-1,0,693,709,1175,0.8841172456741333,-1,-1,-1
64,-1,138,390,491,562,0.9921227097511292,-1,-1,-1
64,-1,100,692,794,1112,0.9890372157096863,-1,-1,-1
65,-1,59,372,441,554,0.9934396147727966,-1,-1,-1
65,-1,270,684,865,1062,0.992698609828949,-1,-1,-1
66,-1,408,683,927,1022,0.9929075241088867,-1,-1,-1
66,-1,0,364,382,546,0.9801924824714661,-1,-1,-1
67,-1,523,678,961,998,0.9917868971824646,-1,-1,-1
68,-1,607,679,1008,959,0.9926335215568542,-1,-1,-1
69,-1,680,677,1040,937,0.9952947497367859,-1,-1,-1
70,-1,742,669,1070,911,0.9920646548271179,-1,-1,-1
71,-1,796,666,1095,900,0.9940879344940186,-1,-1,-1
72,-1,835,664,1114,884,0.9939099550247192,-1,-1,-1
73,-1,875,663,1135,861,0.9951781034469604,-1,-1,-1
74,-1,907,659,1149,851,0.9954330921173096,-1,-1,-1
75,-1,933,656,1163,840,0.9952111840248108,-1,-1,-1
76,-1,956,647,1172,827,0.9949772953987122,-1,-1,-1
77,-1,980,645,1184,817,0.9949846267700195,-1,-1,-1
78,-1,995,642,1190,810,0.9950526356697083,-1,-1,-1
79,-1,1015,641,1195,794,0.9952307343482971,-1,-1,-1
80,-1,0,541,553,810,0.9919081330299377,-1,-1,-1
80,-1,1032,638,1200,786,0.9916058778762817,-1,-1,-1
81,-1,151,555,635,796,0.9939301013946533,-1,-1,-1
81,-1,1040,632,1204,777,0.9927975535392761,-1,-1,-1
82,-1,275,561,707,785,0.9943050742149353,-1,-1,-1
82,-1,1047,631,1205,772,0.9936590790748596,-1,-1,-1
83,-1,372,563,770,778,0.994850218296051,-1,-1,-1
83,-1,1059,630,1208,766,0.9902732968330383,-1,-1,-1
84,-1,460,568,812,770,0.9947133660316467,-1,-1,-1
84,-1,1068,627,1209,759,0.9884647130966187,-1,-1,-1
85,-1,535,571,859,760,0.9944608211517334,-1,-1,-1
85,-1,1074,622,1210,753,0.9817838668823242,-1,-1,-1
86,-1,604,576,894,752,0.9946154952049255,-1,-1,-1
86,-1,1077,617,1213,747,0.9838048815727234,-1,-1,-1
87,-1,660,578,924,745,0.9934149980545044,-1,-1,-1
87,-1,1081,619,1213,743,0.9856452345848083,-1,-1,-1
88,-1,709,580,941,741,0.9933832287788391,-1,-1,-1
88,-1,1084,612,1214,739,0.9783920049667358,-1,-1,-1
89,-1,750,581,966,732,0.9949772953987122,-1,-1,-1
89,-1,1088,611,1214,731,0.9656906723976135,-1,-1,-1
90,-1,783,582,988,728,0.9949331879615784,-1,-1,-1
90,-1,1090,608,1213,725,0.9677514433860779,-1,-1,-1
91,-1,814,583,1004,720,0.9957940578460693,-1,-1,-1
91,-1,1091,605,1213,720,0.9812002778053284,-1,-1,-1
92,-1,841,582,1022,716,0.9955399632453918,-1,-1,-1
92,-1,1093,604,1213,716,0.9697954058647156,-1,-1,-1
93,-1,866,583,1036,710,0.9944814443588257,-1,-1,-1
93,-1,1095,600,1212,711,0.9303344488143921,-1,-1,-1
94,-1,886,583,1052,704,0.9946139454841614,-1,-1,-1
94,-1,1094,599,1211,707,0.9201824069023132,-1,-1,-1
95,-1,905,582,1061,701,0.9942803382873535,-1,-1,-1
95,-1,1096,596,1207,700,0.9531475901603699,-1,-1,-1
96,-1,920,579,1069,698,0.9934161901473999,-1,-1,-1
96,-1,1097,589,1207,696,0.9538713693618774,-1,-1,-1
97,-1,930,578,1079,694,0.9927402138710022,-1,-1,-1
97,-1,1096,588,1206,691,0.9598126411437988,-1,-1,-1
98,-1,946,576,1086,688,0.9926002621650696,-1,-1,-1
98,-1,1096,584,1202,687,0.9581047892570496,-1,-1,-1
99,-1,958,574,1090,683,0.9934173822402954,-1,-1,-1
99,-1,1095,584,1201,682,0.9769930839538574,-1,-1,-1
100,-1,966,576,1099,680,0.99029541015625,-1,-1,-1
100,-1,1099,583,1201,679,0.9754649996757507,-1,-1,-1
101,-1,978,573,1103,677,0.9874775409698486,-1,-1,-1
101,-1,1097,580,1201,676,0.9783197045326233,-1,-1,-1
102,-1,988,571,1106,670,0.9779725074768066,-1,-1,-1
102,-1,1099,580,1200,672,0.9705107808113098,-1,-1,-1
103,-1,991,571,1108,665,0.9800732731819153,-1,-1,-1
103,-1,1098,576,1198,669,0.9694768786430359,-1,-1,-1
104,-1,998,572,1108,660,0.9670892953872681,-1,-1,-1
104,-1,1096,574,1196,664,0.9501372575759888,-1,-1,-1
105,-1,1005,568,1114,655,0.9407089948654175,-1,-1,-1
105,-1,1094,570,1196,660,0.907444953918457,-1,-1,-1
106,-1,1011,566,1117,655,0.9674777984619141,-1,-1,-1
106,-1,1093,566,1196,657,0.8912500739097595,-1,-1,-1
107,-1,1014,564,1119,652,0.9562148451805115,-1,-1,-1
107,-1,1092,562,1193,655,0.8640440702438354,-1,-1,-1
108,-1,0,392,647,848,0.9908157587051392,-1,-1,-1
108,-1,1018,562,1120,649,0.9633001089096069,-1,-1,-1
108,-1,1092,561,1191,653,0.8340973258018494,-1,-1,-1
109,-1,106,419,717,830,0.9899380207061768,-1,-1,-1
109,-1,1015,558,1122,649,0.9538606405258179,-1,-1,-1
109,-1,1093,558,1191,652,0.7452815175056458,-1,-1,-1
110,-1,226,443,767,819,0.9904610514640808,-1,-1,-1
110,-1,1021,556,1122,646,0.9400230646133423,-1,-1,-1
110,-1,1094,558,1191,651,0.7435041069984436,-1,-1,-1
111,-1,323,461,811,802,0.9928892850875854,-1,-1,-1
111,-1,1023,553,1122,641,0.9237297773361206,-1,-1,-1
111,-1,1094,556,1186,647,0.6142777800559998,-1,-1,-1
112,-1,410,476,855,791,0.9946072697639465,-1,-1,-1
112,-1,1025,555,1120,638,0.839855968952179,-1,-1,-1
113,-1,483,485,898,781,0.9941449761390686,-1,-1,-1
113,-1,1027,551,1121,635,0.7879550457000732,-1,-1,-1
114,-1,545,492,923,776,0.9945505261421204,-1,-1,-1
114,-1,1030,546,1119,629,0.6915835738182068,-1,-1,-1
115,-1,606,499,952,766,0.9957371950149536,-1,-1,-1
115,-1,1031,544,1120,629,0.6357869505882263,-1,-1,-1
116,-1,653,509,980,759,0.9941673278808594,-1,-1,-1
117,-1,697,508,1001,756,0.9923302531242371,-1,-1,-1
118,-1,731,510,1019,748,0.9933121800422668,-1,-1,-1
119,-1,766,515,1033,741,0.9946889877319336,-1,-1,-1
119,-1,1090,534,1172,628,0.6618051528930664,-1,-1,-1
120,-1,799,528,1043,734,0.9949584603309631,-1,-1,-1
120,-1,1093,533,1172,625,0.6843252182006836,-1,-1,-1
121,-1,823,533,1057,729,0.9959893822669983,-1,-1,-1
122,-1,853,536,1069,722,0.9954518675804138,-1,-1,-1
123,-1,875,535,1080,718,0.9943240880966187,-1,-1,-1
124,-1,891,538,1090,717,0.9955267310142517,-1,-1,-1
125,-1,912,540,1096,710,0.995598316192627,-1,-1,-1
126,-1,925,539,1104,708,0.994590163230896,-1,-1,-1
127,-1,940,541,1109,701,0.9941011071205139,-1,-1,-1
128,-1,954,542,1117,698,0.991105854511261,-1,-1,-1
129,-1,964,539,1122,696,0.9912151098251343,-1,-1,-1
130,-1,976,538,1126,690,0.9903391003608704,-1,-1,-1
131,-1,984,537,1134,687,0.991952121257782,-1,-1,-1
131,-1,852,491,952,567,0.6138882637023926,-1,-1,-1
132,-1,991,533,1134,684,0.9873833060264587,-1,-1,-1
132,-1,846,491,949,571,0.692448079586029,-1,-1,-1
133,-1,998,536,1140,680,0.9890946745872498,-1,-1,-1
133,-1,835,490,945,573,0.6900339722633362,-1,-1,-1
134,-1,1003,536,1140,676,0.9861528873443604,-1,-1,-1
134,-1,830,490,939,574,0.8386815786361694,-1,-1,-1
135,-1,1008,537,1140,674,0.9824796915054321,-1,-1,-1
135,-1,823,489,933,577,0.8755759596824646,-1,-1,-1
136,-1,1013,537,1141,669,0.9876625537872314,-1,-1,-1
136,-1,816,490,928,578,0.9068671464920044,-1,-1,-1
137,-1,1015,537,1142,666,0.9867503046989441,-1,-1,-1
137,-1,810,491,922,579,0.9385800361633301,-1,-1,-1
138,-1,1019,537,1142,663,0.9885060787200928,-1,-1,-1
138,-1,802,493,909,579,0.9531952142715454,-1,-1,-1
139,-1,1019,533,1145,659,0.9741066694259644,-1,-1,-1
139,-1,791,490,906,579,0.9461850523948669,-1,-1,-1
140,-1,1023,535,1141,654,0.9838089346885681,-1,-1,-1
140,-1,780,491,904,583,0.9723784923553467,-1,-1,-1
141,-1,1026,535,1144,649,0.9860875010490417,-1,-1,-1
141,-1,766,490,890,582,0.9524163603782654,-1,-1,-1
142,-1,1027,531,1144,647,0.9827470779418945,-1,-1,-1
142,-1,756,491,882,581,0.9796518683433533,-1,-1,-1
143,-1,736,490,875,585,0.9852864742279053,-1,-1,-1
143,-1,1028,534,1141,644,0.9836729168891907,-1,-1,-1
144,-1,719,487,860,584,0.9783450365066528,-1,-1,-1
144,-1,1030,533,1141,642,0.974984884262085,-1,-1,-1
145,-1,702,487,850,585,0.9867623448371887,-1,-1,-1
145,-1,1034,534,1139,636,0.948562502861023,-1,-1,-1
146,-1,680,481,835,587,0.9816777110099792,-1,-1,-1
146,-1,1036,533,1140,635,0.9591224789619446,-1,-1,-1
147,-1,658,480,817,583,0.9779173135757446,-1,-1,-1
147,-1,1037,531,1141,631,0.9490631818771362,-1,-1,-1
148,-1,632,476,800,584,0.9736798405647278,-1,-1,-1
148,-1,1038,528,1140,627,0.9158000946044922,-1,-1,-1
149,-1,604,473,783,582,0.992679238319397,-1,-1,-1
149,-1,1035,527,1136,626,0.9008824229240417,-1,-1,-1
150,-1,573,469,761,580,0.9957433342933655,-1,-1,-1
150,-1,1037,525,1135,622,0.9632552862167358,-1,-1,-1
151,-1,542,464,736,580,0.9937244057655334,-1,-1,-1
151,-1,1038,525,1137,621,0.9767090082168579,-1,-1,-1
152,-1,501,456,715,577,0.989027738571167,-1,-1,-1
152,-1,1038,523,1136,619,0.9634885191917419,-1,-1,-1
153,-1,453,451,686,576,0.9869635701179504,-1,-1,-1
153,-1,1038,521,1137,618,0.9260810613632202,-1,-1,-1
154,-1,412,446,656,571,0.990607738494873,-1,-1,-1
154,-1,1037,519,1136,616,0.9236098527908325,-1,-1,-1
155,-1,349,434,615,570,0.9875373244285583,-1,-1,-1
155,-1,1040,519,1134,614,0.8834113478660583,-1,-1,-1
156,-1,301,427,582,567,0.9848414659500122,-1,-1,-1
156,-1,1041,517,1134,611,0.8832104802131653,-1,-1,-1
157,-1,234,420,538,563,0.9888930916786194,-1,-1,-1
157,-1,1040,515,1133,609,0.8847060799598694,-1,-1,-1
158,-1,157,408,486,558,0.9923682808876038,-1,-1,-1
158,-1,1040,514,1133,607,0.9247954487800598,-1,-1,-1
159,-1,71,389,427,549,0.9942434430122375,-1,-1,-1
159,-1,1042,513,1134,605,0.9330137372016907,-1,-1,-1
160,-1,0,377,361,540,0.9879958033561707,-1,-1,-1
160,-1,1042,511,1133,603,0.9164279103279114,-1,-1,-1
161,-1,1042,511,1132,601,0.9151131510734558,-1,-1,-1
162,-1,1039,510,1133,598,0.9057643413543701,-1,-1,-1
163,-1,1042,510,1134,598,0.928790807723999,-1,-1,-1
164,-1,1043,509,1133,595,0.8920757174491882,-1,-1,-1
165,-1,1043,508,1131,592,0.7755556106567383,-1,-1,-1
166,-1,1046,506,1130,590,0.69471275806427,-1,-1,-1
167,-1,0,714,761,1189,0.9683881402015686,-1,-1,-1
167,-1,1045,504,1131,588,0.6606783866882324,-1,-1,-1
168,-1,197,713,844,1129,0.9889003038406372,-1,-1,-1
168,-1,1042,503,1131,587,0.7049315571784973,-1,-1,-1
169,-1,347,700,893,1075,0.9917436242103577,-1,-1,-1
170,-1,475,698,941,1043,0.99272221326828,-1,-1,-1
171,-1,572,694,996,991,0.9950763583183289,-1,-1,-1
172,-1,640,686,1033,965,0.9927337169647217,-1,-1,-1
173,-1,714,684,1063,938,0.9959447979927063,-1,-1,-1
174,-1,775,679,1086,917,0.9900248050689697,-1,-1,-1
175,-1,817,675,1108,893,0.993553876876831,-1,-1,-1
176,-1,857,669,1126,874,0.9929889440536499,-1,-1,-1
177,-1,887,663,1141,864,0.9941383600234985,-1,-1,-1
178,-1,917,656,1154,853,0.9940458536148071,-1,-1,-1
179,-1,941,655,1167,840,0.9942639470100403,-1,-1,-1
180,-1,966,653,1178,823,0.9932558536529541,-1,-1,-1
181,-1,990,649,1185,813,0.994519054889679,-1,-1,-1
182,-1,999,641,1193,803,0.9947452545166016,-1,-1,-1
182,-1,961,496,1050,580,0.6318895220756531,-1,-1,-1
183,-1,1020,640,1193,792,0.9959890246391296,-1,-1,-1
183,-1,960,499,1047,582,0.7287945747375488,-1,-1,-1
184,-1,1034,637,1197,783,0.9945038557052612,-1,-1,-1
184,-1,954,499,1044,583,0.7583794593811035,-1,-1,-1
185,-1,1043,635,1201,773,0.9905875325202942,-1,-1,-1
185,-1,952,503,1043,584,0.675667941570282,-1,-1,-1
186,-1,1049,632,1203,767,0.9921425580978394,-1,-1,-1
186,-1,950,505,1041,586,0.7954012155532837,-1,-1,-1
187,-1,1061,632,1205,762,0.9904234409332275,-1,-1,-1
187,-1,948,506,1039,588,0.7971383333206177,-1,-1,-1
188,-1,1069,630,1207,756,0.9896222352981567,-1,-1,-1
188,-1,946,509,1037,590,0.8819152116775513,-1,-1,-1
189,-1,1074,621,1212,751,0.9880907535552979,-1,-1,-1
189,-1,943,511,1034,592,0.8999083042144775,-1,-1,-1
190,-1,1080,623,1214,744,0.9896871447563171,-1,-1,-1
190,-1,940,512,1032,595,0.9072742462158203,-1,-1,-1
191,-1,1083,620,1214,739,0.9901607036590576,-1,-1,-1
191,-1,933,514,1029,595,0.9280743598937988,-1,-1,-1
192,-1,1089,617,1215,733,0.9866483807563782,-1,-1,-1
192,-1,929,514,1028,602,0.9488340020179749,-1,-1,-1
193,-1,1093,612,1216,729,0.9847132563591003,-1,-1,-1
193,-1,926,516,1025,603,0.9697136878967285,-1,-1,-1
194,-1,920,518,1022,604,0.9846827387809753,-1,-1,-1
194,-1,1097,612,1217,723,0.9823698997497559,-1,-1,-1
195,-1,915,519,1018,608,0.9890592098236084,-1,-1,-1
195,-1,1099,608,1218,716,0.9774077534675598,-1,-1,-1
196,-1,909,521,1014,612,0.9918676018714905,-1,-1,-1
196,-1,1099,609,1218,713,0.9792909026145935,-1,-1,-1
197,-1,902,524,1011,614,0.9911338686943054,-1,-1,-1
197,-1,1101,605,1216,709,0.9736089706420898,-1,-1,-1
198,-1,896,525,1006,617,0.992030143737793,-1,-1,-1
198,-1,1104,604,1216,703,0.9779833555221558,-1,-1,-1
199,-1,886,529,1003,618,0.9934432506561279,-1,-1,-1
199,-1,1109,602,1217,699,0.9677897691726685,-1,-1,-1
200,-1,878,529,996,622,0.9926918148994446,-1,-1,-1
200,-1,1108,599,1215,696,0.9631447196006775,-1,-1,-1
201,-1,865,531,990,625,0.9944936633110046,-1,-1,-1
201,-1,1109,596,1214,691,0.9662173390388489,-1,-1,-1
202,-1,855,533,980,625,0.9937838315963745,-1,-1,-1
202,-1,1110,596,1211,686,0.9528882503509521,-1,-1,-1
203,-1,843,533,970,628,0.9941031336784363,-1,-1,-1
203,-1,1109,592,1210,684,0.9292426705360413,-1,-1,-1
204,-1,821,527,960,631,0.9881647825241089,-1,-1,-1
204,-1,1107,588,1208,681,0.8567231297492981,-1,-1,-1
205,-1,802,524,948,633,0.9844814538955688,-1,-1,-1
205,-1,1107,587,1204,675,0.8681574463844299,-1,-1,-1
206,-1,781,520,934,635,0.9761552810668945,-1,-1,-1
206,-1,1106,585,1204,673,0.9262365102767944,-1,-1,-1
207,-1,754,517,921,637,0.9702231884002686,-1,-1,-1
207,-1,1106,584,1201,668,0.8576620221138,-1,-1,-1
208,-1,726,521,906,639,0.9905591011047363,-1,-1,-1
208,-1,1106,580,1199,664,0.7694500684738159,-1,-1,-1
209,-1,697,520,888,642,0.9906924366950989,-1,-1,-1
209,-1,1106,576,1200,660,0.8095623254776001,-1,-1,-1
210,-1,656,518,863,645,0.9885107278823853,-1,-1,-1
210,-1,793,489,908,580,0.8254551887512207,-1,-1,-1
210,-1,1104,571,1200,658,0.7907683253288269,-1,-1,-1
211,-1,620,516,846,650,0.9914173483848572,-1,-1,-1
211,-1,783,489,905,581,0.9388154745101929,-1,-1,-1
211,-1,1103,567,1199,655,0.6825069189071655,-1,-1,-1
212,-1,577,513,818,651,0.9888423681259155,-1,-1,-1
212,-1,770,491,895,583,0.9839518666267395,-1,-1,-1
212,-1,1103,565,1196,652,0.6482490301132202,-1,-1,-1
213,-1,514,504,779,648,0.9914174675941467,-1,-1,-1
213,-1,760,490,887,585,0.9889683127403259,-1,-1,-1
213,-1,1103,565,1197,651,0.6962319016456604,-1,-1,-1
214,-1,457,493,748,649,0.9902404546737671,-1,-1,-1
214,-1,751,491,882,585,0.9899284243583679,-1,-1,-1
215,-1,738,491,872,586,0.9934367537498474,-1,-1,-1
215,-1,380,484,701,650,0.9910350441932678,-1,-1,-1
216,-1,290,474,645,651,0.9935328960418701,-1,-1,-1
216,-1,725,488,863,586,0.9904965162277222,-1,-1,-1
217,-1,207,464,599,646,0.9918555021286011,-1,-1,-1
217,-1,710,487,857,586,0.9905919432640076,-1,-1,-1
218,-1,84,454,532,646,0.9922743439674377,-1,-1,-1
218,-1,692,485,847,586,0.9920976161956787,-1,-1,-1
219,-1,676,483,836,587,0.9913651943206787,-1,-1,-1
219,-1,0,437,444,645,0.8798416256904602,-1,-1,-1
220,-1,660,481,824,585,0.9887214303016663,-1,-1,-1
221,-1,643,478,810,584,0.9904068112373352,-1,-1,-1
222,-1,620,476,796,584,0.9899615049362183,-1,-1,-1
223,-1,602,474,778,583,0.9835084080696106,-1,-1,-1
224,-1,574,467,763,583,0.9868065714836121,-1,-1,-1
225,-1,546,467,745,581,0.9903314113616943,-1,-1,-1
226,-1,515,463,724,580,0.9907757639884949,-1,-1,-1
227,-1,476,456,704,580,0.9879535436630249,-1,-1,-1
228,-1,449,452,677,577,0.9921481013298035,-1,-1,-1
229,-1,401,448,651,575,0.9915235042572021,-1,-1,-1
230,-1,362,441,632,571,0.9907729625701904,-1,-1,-1
231,-1,318,431,600,566,0.9900520443916321,-1,-1,-1
232,-1,264,425,570,568,0.9891557097434998,-1,-1,-1
233,-1,204,416,533,566,0.9921149611473083,-1,-1,-1
234,-1,138,407,495,562,0.9921286106109619,-1,-1,-1
235,-1,66,392,446,554,0.9938818216323853,-1,-1,-1
236,-1,0,381,399,546,0.9934331178665161,-1,-1,-1
237,-1,0,370,336,537,0.835989773273468,-1,-1,-1
268,-1,963,502,1048,579,0.6048311591148376,-1,-1,-1
269,-1,960,501,1046,583,0.7373302578926086,-1,-1,-1
270,-1,958,503,1047,583,0.7856898903846741,-1,-1,-1
271,-1,955,503,1046,586,0.8224291801452637,-1,-1,-1
272,-1,954,507,1044,587,0.8727678060531616,-1,-1,-1
273,-1,953,508,1043,589,0.934809684753418,-1,-1,-1
273,-1,891,478,979,559,0.6628241539001465,-1,-1,-1
274,-1,950,511,1042,589,0.9301875233650208,-1,-1,-1
274,-1,888,477,979,559,0.7830744385719299,-1,-1,-1
275,-1,951,512,1043,592,0.9481742978096008,-1,-1,-1
275,-1,886,479,977,559,0.8462043404579163,-1,-1,-1
276,-1,949,513,1043,596,0.9556525349617004,-1,-1,-1
276,-1,882,479,978,560,0.8831508159637451,-1,-1,-1
276,-1,0,627,786,1121,0.8706698417663574,-1,-1,-1
277,-1,127,643,882,1050,0.984079897403717,-1,-1,-1
277,-1,948,515,1041,598,0.9512847661972046,-1,-1,-1
277,-1,879,480,972,560,0.8868132829666138,-1,-1,-1
278,-1,311,638,931,1000,0.9936762452125549,-1,-1,-1
278,-1,942,515,1041,598,0.9418573379516602,-1,-1,-1
278,-1,874,480,971,564,0.8948066830635071,-1,-1,-1
279,-1,459,642,984,969,0.9931091070175171,-1,-1,-1
279,-1,939,517,1039,601,0.9171254634857178,-1,-1,-1
279,-1,873,481,966,565,0.856311023235321,-1,-1,-1
280,-1,574,639,1032,929,0.9934893846511841,-1,-1,-1
280,-1,939,520,1036,603,0.8885073065757751,-1,-1,-1
280,-1,863,483,964,567,0.7922537326812744,-1,-1,-1
281,-1,661,637,1063,901,0.9945936799049377,-1,-1,-1
281,-1,930,517,1034,606,0.8958432674407959,-1,-1,-1
281,-1,860,482,964,572,0.8297986388206482,-1,-1,-1
282,-1,730,639,1090,881,0.9936196208000183,-1,-1,-1
282,-1,930,522,1027,606,0.9068611264228821,-1,-1,-1
282,-1,855,483,960,572,0.9016977548599243,-1,-1,-1
283,-1,787,626,1115,862,0.9920631051063538,-1,-1,-1
283,-1,850,483,961,573,0.9325408935546875,-1,-1,-1
283,-1,927,525,1026,610,0.9286683201789856,-1,-1,-1
284,-1,837,626,1131,845,0.9943674206733704,-1,-1,-1
284,-1,925,527,1023,609,0.9679513573646545,-1,-1,-1
284,-1,845,484,957,573,0.9400932192802429,-1,-1,-1
285,-1,877,629,1144,829,0.9955968260765076,-1,-1,-1
285,-1,917,525,1024,612,0.9737536311149597,-1,-1,-1
285,-1,839,485,948,576,0.9167667031288147,-1,-1,-1
286,-1,909,626,1156,818,0.9954496026039124,-1,-1,-1
286,-1,910,526,1023,617,0.9818164110183716,-1,-1,-1
286,-1,832,484,946,578,0.9394514560699463,-1,-1,-1
287,-1,939,619,1166,803,0.9938610792160034,-1,-1,-1
287,-1,903,527,1018,619,0.9903795719146729,-1,-1,-1
287,-1,826,485,939,577,0.9346355199813843,-1,-1,-1
288,-1,898,531,1014,622,0.9939788579940796,-1,-1,-1
288,-1,962,617,1176,790,0.9936553239822388,-1,-1,-1
288,-1,819,483,933,580,0.9704042673110962,-1,-1,-1
289,-1,986,614,1181,780,0.993933379650116,-1,-1,-1
289,-1,892,531,1011,626,0.9921596646308899,-1,-1,-1
289,-1,813,483,929,581,0.9627248048782349,-1,-1,-1
290,-1,1003,614,1188,769,0.9946253895759583,-1,-1,-1
290,-1,880,531,1005,627,0.994350254535675,-1,-1,-1
290,-1,804,484,925,582,0.9793774485588074,-1,-1,-1
291,-1,874,533,998,630,0.9959244728088379,-1,-1,-1
291,-1,1018,609,1192,763,0.9956815242767334,-1,-1,-1
291,-1,797,480,918,583,0.9780543446540833,-1,-1,-1
292,-1,864,533,992,633,0.9958813190460205,-1,-1,-1
292,-1,1033,606,1197,752,0.9926254153251648,-1,-1,-1
292,-1,785,482,913,584,0.9286361336708069,-1,-1,-1
293,-1,851,532,987,634,0.9960028529167175,-1,-1,-1
293,-1,1043,607,1201,746,0.9936162233352661,-1,-1,-1
293,-1,775,482,909,585,0.9017542004585266,-1,-1,-1
294,-1,837,531,977,637,0.9946603178977966,-1,-1,-1
294,-1,1052,606,1204,738,0.9924212098121643,-1,-1,-1
294,-1,761,483,899,587,0.920204758644104,-1,-1,-1
295,-1,825,531,969,638,0.9949407577514648,-1,-1,-1
295,-1,1060,600,1206,734,0.9879196882247925,-1,-1,-1
295,-1,748,482,890,584,0.7859423756599426,-1,-1,-1
296,-1,809,532,961,640,0.9951432943344116,-1,-1,-1
296,-1,1066,598,1205,729,0.9878442287445068,-1,-1,-1
296,-1,735,480,883,585,0.8353733420372009,-1,-1,-1
297,-1,791,530,951,642,0.9948156476020813,-1,-1,-1
297,-1,1071,597,1206,719,0.9874287247657776,-1,-1,-1
297,-1,720,478,875,584,0.7463898658752441,-1,-1,-1
298,-1,768,528,935,644,0.9945098161697388,-1,-1,-1
298,-1,1076,594,1207,715,0.9824656248092651,-1,-1,-1
299,-1,749,530,921,644,0.9941250085830688,-1,-1,-1
299,-1,1078,587,1206,708,0.9843405485153198,-1,-1,-1
300,-1,719,522,907,644,0.9957822561264038,-1,-1,-1
300,-1,1081,584,1206,703,0.9830431342124939,-1,-1,-1
301,-1,690,522,888,645,0.9955236911773682,-1,-1,-1
301,-1,1085,585,1204,696,0.9851192831993103,-1,-1,-1
302,-1,659,518,869,645,0.9956608414649963,-1,-1,-1
302,-1,1084,582,1203,690,0.9860392808914185,-1,-1,-1
303,-1,621,519,850,647,0.9936442375183105,-1,-1,-1
303,-1,1088,581,1201,685,0.9830395579338074,-1,-1,-1
304,-1,576,511,822,649,0.9930506944656372,-1,-1,-1
304,-1,1087,577,1200,681,0.9873350858688354,-1,-1,-1
305,-1,543,506,795,647,0.9916812777519226,-1,-1,-1
305,-1,1089,575,1200,675,0.9819046854972839,-1,-1,-1
306,-1,486,497,767,646,0.9924942255020142,-1,-1,-1
306,-1,1089,571,1197,671,0.9735082983970642,-1,-1,-1
307,-1,425,488,738,646,0.9924924969673157,-1,-1,-1
307,-1,1088,567,1196,667,0.945391058921814,-1,-1,-1
308,-1,367,479,698,645,0.9916068315505981,-1,-1,-1
308,-1,1085,566,1199,660,0.9388198852539062,-1,-1,-1
309,-1,291,475,653,644,0.9938982725143433,-1,-1,-1
309,-1,1089,562,1195,656,0.9050236344337463,-1,-1,-1
309,-1,849,497,949,574,0.7795014381408691,-1,-1,-1
310,-1,202,463,602,645,0.9938190579414368,-1,-1,-1
310,-1,1089,560,1189,652,0.707071840763092,-1,-1,-1
311,-1,105,450,549,641,0.9932470321655273,-1,-1,-1
311,-1,828,496,937,578,0.8146275281906128,-1,-1,-1
311,-1,1089,560,1190,649,0.7393788695335388,-1,-1,-1
312,-1,8,425,486,635,0.9873998165130615,-1,-1,-1
312,-1,826,495,930,581,0.8561195135116577,-1,-1,-1
313,-1,816,494,930,580,0.9682325720787048,-1,-1,-1
313,-1,0,428,405,635,0.6143303513526917,-1,-1,-1
314,-1,808,496,921,581,0.968959391117096,-1,-1,-1
315,-1,800,495,914,581,0.984290599822998,-1,-1,-1
316,-1,790,494,908,584,0.9886987805366516,-1,-1,-1
317,-1,779,495,902,583,0.9842098951339722,-1,-1,-1
318,-1,765,495,890,582,0.9581859111785889,-1,-1,-1
319,-1,754,496,881,583,0.958256721496582,-1,-1,-1
320,-1,740,494,871,584,0.9828181862831116,-1,-1,-1
321,-1,725,493,855,584,0.9626940488815308,-1,-1,-1
322,-1,708,492,849,583,0.9588855504989624,-1,-1,-1
323,-1,688,487,839,584,0.986396312713623,-1,-1,-1
324,-1,670,487,824,582,0.9571785926818848,-1,-1,-1
325,-1,650,481,811,581,0.9856894016265869,-1,-1,-1
326,-1,623,478,791,582,0.990931510925293,-1,-1,-1
327,-1,605,479,770,580,0.9898432493209839,-1,-1,-1
328,-1,574,472,753,579,0.9882029891014099,-1,-1,-1
329,-1,547,465,734,579,0.991669774055481,-1,-1,-1
329,-1,894,478,978,554,0.7002209424972534,-1,-1,-1
330,-1,509,463,710,578,0.993190348148346,-1,-1,-1
330,-1,890,478,977,555,0.784705400466919,-1,-1,-1
331,-1,470,457,687,576,0.9929268956184387,-1,-1,-1
331,-1,886,475,976,558,0.879662275314331,-1,-1,-1
332,-1,429,453,656,571,0.9917442202568054,-1,-1,-1
332,-1,884,479,972,557,0.8724867105484009,-1,-1,-1
333,-1,388,449,630,569,0.9930907487869263,-1,-1,-1
333,-1,881,479,969,558,0.9083301424980164,-1,-1,-1
334,-1,334,439,591,570,0.9916253685951233,-1,-1,-1
334,-1,875,481,967,559,0.8856398463249207,-1,-1,-1
335,-1,291,429,556,560,0.9854394793510437,-1,-1,-1
335,-1,0,542,531,837,0.9845801591873169,-1,-1,-1
335,-1,868,481,963,563,0.8517727255821228,-1,-1,-1
336,-1,112,556,614,822,0.9904595613479614,-1,-1,-1
336,-1,220,420,516,559,0.9889689683914185,-1,-1,-1
336,-1,862,482,962,563,0.9151300191879272,-1,-1,-1
337,-1,227,569,685,808,0.9934803247451782,-1,-1,-1
337,-1,158,410,480,556,0.9902026653289795,-1,-1,-1
337,-1,858,482,961,565,0.9527654051780701,-1,-1,-1
338,-1,333,572,737,796,0.9932017922401428,-1,-1,-1
338,-1,84,397,423,549,0.9923104047775269,-1,-1,-1
338,-1,855,482,958,566,0.9577266573905945,-1,-1,-1
339,-1,419,572,786,789,0.9959129691123962,-1,-1,-1
339,-1,0,380,372,541,0.9925339221954346,-1,-1,-1
339,-1,851,483,953,569,0.9634764790534973,-1,-1,-1
340,-1,491,578,829,779,0.9941675662994385,-1,-1,-1
340,-1,846,482,951,569,0.961605429649353,-1,-1,-1
340,-1,0,372,306,535,0.9486798048019409,-1,-1,-1
341,-1,555,583,862,770,0.994805634021759,-1,-1,-1
341,-1,839,483,948,571,0.9637674689292908,-1,-1,-1
342,-1,612,586,890,764,0.9941190481185913,-1,-1,-1
342,-1,834,485,943,573,0.9530400633811951,-1,-1,-1
343,-1,666,585,923,754,0.9951181411743164,-1,-1,-1
343,-1,827,484,938,574,0.9848270416259766,-1,-1,-1
344,-1,710,589,947,748,0.994954526424408,-1,-1,-1
344,-1,821,485,932,576,0.976845383644104,-1,-1,-1
345,-1,748,591,967,743,0.9948230981826782,-1,-1,-1
345,-1,814,484,931,577,0.9730238318443298,-1,-1,-1
346,-1,780,588,987,736,0.9942382574081421,-1,-1,-1
346,-1,810,483,925,578,0.9774147272109985,-1,-1,-1
347,-1,811,589,1003,731,0.9949480295181274,-1,-1,-1
347,-1,798,478,918,578,0.9899613857269287,-1,-1,-1
348,-1,834,587,1020,726,0.9947911500930786,-1,-1,-1
348,-1,793,480,914,582,0.9878938794136047,-1,-1,-1
349,-1,860,588,1032,723,0.9940958023071289,-1,-1,-1
349,-1,781,482,906,581,0.9855718612670898,-1,-1,-1
350,-1,881,588,1045,719,0.9940367937088013,-1,-1,-1
350,-1,770,483,898,584,0.9900354743003845,-1,-1,-1
351,-1,895,586,1057,714,0.9950000047683716,-1,-1,-1
351,-1,761,483,887,584,0.9856141209602356,-1,-1,-1
352,-1,914,586,1062,710,0.9946697354316711,-1,-1,-1
352,-1,747,481,880,587,0.9908981919288635,-1,-1,-1
353,-1,928,585,1070,703,0.994045615196228,-1,-1,-1
353,-1,736,479,868,586,0.9922444224357605,-1,-1,-1
354,-1,939,584,1079,699,0.9940693378448486,-1,-1,-1
354,-1,718,478,863,587,0.9930445551872253,-1,-1,-1
355,-1,950,583,1085,696,0.9949352145195007,-1,-1,-1
355,-1,703,475,852,586,0.9922433495521545,-1,-1,-1
356,-1,962,583,1092,690,0.9957423806190491,-1,-1,-1
356,-1,684,475,844,585,0.9887887835502625,-1,-1,-1
357,-1,665,470,824,585,0.9959912896156311,-1,-1,-1
357,-1,971,582,1097,686,0.995223343372345,-1,-1,-1
358,-1,642,467,809,585,0.9938496947288513,-1,-1,-1
358,-1,978,581,1101,683,0.9889160394668579,-1,-1,-1
359,-1,619,465,795,583,0.9911167621612549,-1,-1,-1
359,-1,990,582,1105,678,0.9804957509040833,-1,-1,-1
360,-1,598,462,776,581,0.991565465927124,-1,-1,-1
360,-1,996,579,1107,675,0.9843108654022217,-1,-1,-1
361,-1,564,452,759,583,0.9911405444145203,-1,-1,-1
361,-1,1002,578,1110,671,0.9813128709793091,-1,-1,-1
362,-1,533,446,736,583,0.9924969673156738,-1,-1,-1
362,-1,1005,574,1114,668,0.9769304990768433,-1,-1,-1
363,-1,497,444,713,581,0.9939542412757874,-1,-1,-1
363,-1,1013,575,1115,664,0.9748523235321045,-1,-1,-1
364,-1,456,438,688,580,0.99540776014328,-1,-1,-1
364,-1,1018,573,1116,661,0.9710888266563416,-1,-1,-1
365,-1,418,432,662,575,0.993557870388031,-1,-1,-1
365,-1,1019,571,1118,657,0.9762687683105469,-1,-1,-1
366,-1,377,425,626,572,0.9924721717834473,-1,-1,-1
366,-1,1021,569,1119,654,0.9766548871994019,-1,-1,-1
367,-1,327,416,589,569,0.9944552779197693,-1,-1,-1
367,-1,1023,567,1118,652,0.9641788005828857,-1,-1,-1
368,-1,260,408,551,566,0.995298445224762,-1,-1,-1
368,-1,1023,566,1119,648,0.9533176422119141,-1,-1,-1
369,-1,195,394,508,563,0.9935007691383362,-1,-1,-1
369,-1,1028,566,1116,645,0.9430913329124451,-1,-1,-1
370,-1,124,379,466,559,0.9929543137550354,-1,-1,-1
370,-1,1027,561,1120,644,0.9374783635139465,-1,-1,-1
371,-1,54,371,413,548,0.9927606582641602,-1,-1,-1
371,-1,1032,564,1116,638,0.9394158720970154,-1,-1,-1
372,-1,0,349,347,542,0.9719443917274475,-1,-1,-1
372,-1,1033,562,1116,637,0.8849548101425171,-1,-1,-1
373,-1,1034,561,1115,635,0.8090010285377502,-1,-1,-1
374,-1,1035,559,1116,631,0.774773895740509,-1,-1,-1
375,-1,1036,557,1116,629,0.7214798927307129,-1,-1,-1
388,-1,0,533,511,850,0.8268591165542603,-1,-1,-1
389,-1,68,545,604,816,0.992055356502533,-1,-1,-1
390,-1,213,555,676,800,0.9939063191413879,-1,-1,-1
391,-1,334,564,741,785,0.9939152598381042,-1,-1,-1
392,-1,428,571,796,769,0.9935641884803772,-1,-1,-1
393,-1,505,571,841,768,0.9937315583229065,-1,-1,-1
394,-1,584,578,885,757,0.9928615689277649,-1,-1,-1
394,-1,952,511,1040,587,0.7442314624786377,-1,-1,-1
395,-1,637,575,913,747,0.9930400848388672,-1,-1,-1
395,-1,954,513,1037,590,0.8041558265686035,-1,-1,-1
396,-1,690,576,943,742,0.9932855367660522,-1,-1,-1
396,-1,950,515,1036,590,0.7816229462623596,-1,-1,-1
397,-1,735,577,962,738,0.992890477180481,-1,-1,-1
398,-1,774,579,991,727,0.9925076365470886,-1,-1,-1
398,-1,945,517,1032,595,0.804578959941864,-1,-1,-1
399,-1,809,580,1010,721,0.9941973686218262,-1,-1,-1
399,-1,939,515,1033,598,0.8049712777137756,-1,-1,-1
400,-1,840,582,1025,717,0.9949650168418884,-1,-1,-1
400,-1,932,518,1029,600,0.8288648724555969,-1,-1,-1
401,-1,864,585,1043,712,0.9934630393981934,-1,-1,-1
401,-1,927,518,1028,610,0.8927358984947205,-1,-1,-1
402,-1,891,580,1057,706,0.9943937063217163,-1,-1,-1
402,-1,924,522,1022,608,0.9085938334465027,-1,-1,-1
403,-1,911,585,1069,701,0.9956701993942261,-1,-1,-1
403,-1,921,525,1019,608,0.9339529871940613,-1,-1,-1
404,-1,926,584,1079,697,0.9950551986694336,-1,-1,-1
404,-1,916,528,1016,609,0.9415713548660278,-1,-1,-1
405,-1,943,584,1088,694,0.9946947693824768,-1,-1,-1
405,-1,906,529,1012,611,0.9572247266769409,-1,-1,-1
406,-1,956,582,1093,689,0.9962292313575745,-1,-1,-1
406,-1,901,528,1006,612,0.9676304459571838,-1,-1,-1
407,-1,968,582,1101,685,0.9952331185340881,-1,-1,-1
407,-1,893,529,1003,615,0.9836220145225525,-1,-1,-1
408,-1,981,578,1106,682,0.9897356033325195,-1,-1,-1
408,-1,880,527,998,619,0.9890251755714417,-1,-1,-1
409,-1,868,527,992,621,0.9925162196159363,-1,-1,-1
409,-1,991,578,1111,677,0.9892565608024597,-1,-1,-1
410,-1,857,526,984,623,0.9930889010429382,-1,-1,-1
410,-1,997,577,1114,672,0.9864051938056946,-1,-1,-1
411,-1,847,528,979,627,0.9910014271736145,-1,-1,-1
411,-1,1002,576,1121,669,0.9755777716636658,-1,-1,-1
412,-1,831,524,965,628,0.9918864369392395,-1,-1,-1
412,-1,1013,572,1122,666,0.9761674404144287,-1,-1,-1
413,-1,812,525,957,627,0.992350161075592,-1,-1,-1
413,-1,1016,569,1125,662,0.9780756831169128,-1,-1,-1
414,-1,796,523,948,629,0.991572380065918,-1,-1,-1
414,-1,1018,567,1127,658,0.9781744480133057,-1,-1,-1
415,-1,777,521,934,632,0.9915859699249268,-1,-1,-1
415,-1,1021,563,1124,656,0.9680622816085815,-1,-1,-1
416,-1,755,520,919,633,0.990054726600647,-1,-1,-1
416,-1,1024,562,1126,651,0.9572024941444397,-1,-1,-1
417,-1,729,519,904,631,0.9845666289329529,-1,-1,-1
417,-1,1029,560,1128,648,0.926240086555481,-1,-1,-1
418,-1,701,516,886,634,0.9895144701004028,-1,-1,-1
418,-1,1031,559,1127,644,0.8819701671600342,-1,-1,-1
419,-1,670,516,867,631,0.9940295219421387,-1,-1,-1
419,-1,1035,559,1126,639,0.8372584581375122,-1,-1,-1
420,-1,640,512,844,632,0.9936095476150513,-1,-1,-1
420,-1,1037,558,1127,635,0.7418188452720642,-1,-1,-1
421,-1,605,507,820,632,0.9929458498954773,-1,-1,-1
421,-1,1041,556,1126,632,0.6515557169914246,-1,-1,-1
422,-1,569,502,797,633,0.9910064339637756,-1,-1,-1
422,-1,1043,551,1129,630,0.6270558834075928,-1,-1,-1
423,-1,518,494,764,633,0.9904526472091675,-1,-1,-1
424,-1,468,489,741,633,0.9902426600456238,-1,-1,-1
425,-1,404,484,703,634,0.9926565289497375,-1,-1,-1
426,-1,337,474,660,632,0.992320716381073,-1,-1,-1
426,-1,859,488,958,565,0.6988175511360168,-1,-1,-1
427,-1,263,465,621,627,0.9925702214241028,-1,-1,-1
427,-1,854,489,953,566,0.7700968384742737,-1,-1,-1
428,-1,179,455,561,626,0.991603672504425,-1,-1,-1
428,-1,851,489,949,568,0.7834552526473999,-1,-1,-1
429,-1,82,437,505,622,0.9913731217384338,-1,-1,-1
429,-1,844,488,944,573,0.6722816228866577,-1,-1,-1
430,-1,0,433,437,619,0.9885172843933105,-1,-1,-1
430,-1,833,489,938,573,0.8238043189048767,-1,-1,-1
431,-1,828,488,933,574,0.9388263821601868,-1,-1,-1
432,-1,822,487,928,575,0.9598678946495056,-1,-1,-1
433,-1,812,488,924,577,0.9551576375961304,-1,-1,-1
434,-1,804,487,918,579,0.9803910255432129,-1,-1,-1
435,-1,797,485,909,581,0.9902865886688232,-1,-1,-1
436,-1,786,490,904,581,0.9864192605018616,-1,-1,-1
437,-1,776,489,898,582,0.9900714159011841,-1,-1,-1
438,-1,762,487,888,584,0.9916436076164246,-1,-1,-1
439,-1,752,489,880,584,0.9918414354324341,-1,-1,-1
440,-1,736,486,869,586,0.9946786165237427,-1,-1,-1
441,-1,721,484,861,585,0.9936894178390503,-1,-1,-1
442,-1,704,483,850,585,0.9915751814842224,-1,-1,-1
443,-1,688,482,838,586,0.9906091690063477,-1,-1,-1
444,-1,666,479,824,584,0.9863619804382324,-1,-1,-1
445,-1,644,476,809,582,0.9913859367370605,-1,-1,-1
446,-1,617,473,790,582,0.9857940077781677,-1,-1,-1
447,-1,597,471,768,581,0.980362057685852,-1,-1,-1
448,-1,563,464,750,579,0.988857626914978,-1,-1,-1
449,-1,529,461,728,579,0.9847991466522217,-1,-1,-1
450,-1,486,454,704,577,0.9889335632324219,-1,-1,-1
451,-1,451,448,678,577,0.9878895878791809,-1,-1,-1
452,-1,403,441,648,570,0.9892556667327881,-1,-1,-1
453,-1,347,433,614,570,0.9919087290763855,-1,-1,-1
454,-1,287,423,568,567,0.9910934567451477,-1,-1,-1
455,-1,220,416,527,566,0.9925385117530823,-1,-1,-1
456,-1,154,403,486,561,0.9930709004402161,-1,-1,-1
457,-1,66,386,433,550,0.993573009967804,-1,-1,-1
458,-1,0,377,367,542,0.9882932305335999,-1,-1,-1
482,-1,0,453,581,839,0.6011962294578552,-1,-1,-1
483,-1,0,475,652,833,0.9870443940162659,-1,-1,-1
484,-1,110,495,708,815,0.9889074563980103,-1,-1,-1
485,-1,212,507,762,805,0.9915721416473389,-1,-1,-1
486,-1,317,519,802,791,0.993921160697937,-1,-1,-1
487,-1,392,522,839,786,0.9933105707168579,-1,-1,-1
488,-1,467,533,872,773,0.9946327209472656,-1,-1,-1
489,-1,532,537,905,766,0.9951874017715454,-1,-1,-1
490,-1,586,544,933,762,0.9925129413604736,-1,-1,-1
491,-1,638,542,961,756,0.9912147521972656,-1,-1,-1
492,-1,673,549,978,750,0.9931043982505798,-1,-1,-1
493,-1,713,553,999,747,0.9930822849273682,-1,-1,-1
494,-1,751,558,1007,741,0.993279755115509,-1,-1,-1
495,-1,780,560,1028,736,0.9947380423545837,-1,-1,-1
496,-1,807,560,1043,730,0.9945799112319946,-1,-1,-1
497,-1,829,564,1054,728,0.9948171973228455,-1,-1,-1
498,-1,849,565,1062,722,0.9951303005218506,-1,-1,-1
499,-1,873,565,1073,716,0.9936206936836243,-1,-1,-1
500,-1,890,564,1085,713,0.9943200349807739,-1,-1,-1
501,-1,906,564,1090,710,0.9936884045600891,-1,-1,-1
502,-1,921,567,1094,704,0.9938021898269653,-1,-1,-1
503,-1,934,567,1102,701,0.9941044449806213,-1,-1,-1
504,-1,945,566,1104,698,0.9947339296340942,-1,-1,-1
505,-1,956,568,1110,694,0.9954698085784912,-1,-1,-1
506,-1,966,567,1114,690,0.9957476258277893,-1,-1,-1
507,-1,971,566,1117,687,0.9926089644432068,-1,-1,-1
507,-1,0,523,528,826,0.94491046667099,-1,-1,-1
508,-1,980,564,1119,686,0.992569625377655,-1,-1,-1
508,-1,70,532,602,802,0.9924352765083313,-1,-1,-1
509,-1,195,547,680,794,0.9932315349578857,-1,-1,-1
509,-1,987,565,1122,680,0.991070032119751,-1,-1,-1
510,-1,295,554,723,784,0.995137631893158,-1,-1,-1
510,-1,992,565,1125,675,0.9924339056015015,-1,-1,-1
511,-1,404,565,777,769,0.992195725440979,-1,-1,-1
511,-1,998,563,1126,673,0.9892162084579468,-1,-1,-1
512,-1,462,567,826,766,0.9917239546775818,-1,-1,-1
512,-1,1003,563,1125,670,0.9871368408203125,-1,-1,-1
513,-1,529,568,861,760,0.992624819278717,-1,-1,-1
513,-1,1008,561,1125,667,0.9889864921569824,-1,-1,-1
514,-1,597,577,892,748,0.9902544617652893,-1,-1,-1
514,-1,1013,558,1125,664,0.9820498824119568,-1,-1,-1
515,-1,654,577,919,743,0.9915527701377869,-1,-1,-1
515,-1,1015,558,1127,661,0.9820103049278259,-1,-1,-1
516,-1,691,577,945,740,0.9930928945541382,-1,-1,-1
516,-1,1015,561,1129,657,0.988787829875946,-1,-1,-1
517,-1,732,580,960,738,0.9930778741836548,-1,-1,-1
517,-1,1018,555,1125,654,0.9822450876235962,-1,-1,-1
518,-1,767,583,993,729,0.9917952418327332,-1,-1,-1
518,-1,1018,556,1127,651,0.9845921397209167,-1,-1,-1
519,-1,799,581,1003,723,0.9939467906951904,-1,-1,-1
519,-1,1020,550,1128,649,0.984701931476593,-1,-1,-1
520,-1,828,578,1017,719,0.9935927987098694,-1,-1,-1
520,-1,1021,551,1130,647,0.9854883551597595,-1,-1,-1
521,-1,853,584,1034,714,0.9930851459503174,-1,-1,-1
521,-1,1023,548,1129,644,0.9795191884040833,-1,-1,-1
522,-1,872,584,1048,709,0.9916648268699646,-1,-1,-1
522,-1,1024,546,1126,640,0.9703580141067505,-1,-1,-1
523,-1,890,584,1061,705,0.9936994314193726,-1,-1,-1
523,-1,1023,544,1126,637,0.9581882953643799,-1,-1,-1
524,-1,907,583,1066,701,0.9941504597663879,-1,-1,-1
524,-1,1024,541,1124,634,0.9551923274993896,-1,-1,-1
525,-1,919,581,1076,696,0.9943960905075073,-1,-1,-1
525,-1,1023,539,1125,629,0.9291000962257385,-1,-1,-1
526,-1,934,579,1080,692,0.994699239730835,-1,-1,-1
526,-1,1023,537,1124,626,0.9052380919456482,-1,-1,-1
527,-1,946,579,1086,687,0.9964740872383118,-1,-1,-1
527,-1,1024,537,1122,621,0.8945158123970032,-1,-1,-1
528,-1,956,575,1090,684,0.9965215921401978,-1,-1,-1
528,-1,1028,536,1120,617,0.7836952209472656,-1,-1,-1
529,-1,966,576,1093,682,0.990038275718689,-1,-1,-1
529,-1,1028,534,1119,617,0.8138942718505859,-1,-1,-1
530,-1,972,577,1097,676,0.9913886189460754,-1,-1,-1
530,-1,1031,534,1117,612,0.8476364016532898,-1,-1,-1
531,-1,982,574,1101,671,0.9860029220581055,-1,-1,-1
531,-1,1033,535,1115,608,0.7938478589057922,-1,-1,-1
532,-1,158,788,836,1190,0.981950044631958,-1,-1,-1
532,-1,988,572,1106,666,0.9729911088943481,-1,-1,-1
532,-1,1037,533,1114,607,0.6540207862854004,-1,-1,-1
533,-1,310,773,900,1138,0.9900293946266174,-1,-1,-1
533,-1,995,570,1107,662,0.9416228532791138,-1,-1,-1
534,-1,454,753,930,1094,0.9871550798416138,-1,-1,-1
534,-1,1000,565,1106,658,0.9087679386138916,-1,-1,-1
535,-1,552,755,999,1046,0.9904719591140747,-1,-1,-1
536,-1,640,737,1025,1011,0.9901878237724304,-1,-1,-1
537,-1,708,739,1027,984,0.9879092574119568,-1,-1,-1
538,-1,768,730,1080,962,0.9781097769737244,-1,-1,-1
538,-1,861,487,958,566,0.6874210834503174,-1,-1,-1
539,-1,814,716,1109,936,0.9829568862915039,-1,-1,-1
540,-1,856,711,1132,908,0.9894518256187439,-1,-1,-1
540,-1,852,489,951,566,0.6478748917579651,-1,-1,-1
541,-1,894,709,1148,885,0.9920108914375305,-1,-1,-1
541,-1,849,489,950,568,0.7497872710227966,-1,-1,-1
542,-1,925,701,1163,880,0.9941733479499817,-1,-1,-1
542,-1,841,488,946,570,0.7668061256408691,-1,-1,-1
542,-1,1026,529,1110,626,0.6424080729484558,-1,-1,-1
543,-1,944,693,1172,870,0.991019070148468,-1,-1,-1
543,-1,833,488,944,572,0.8529161810874939,-1,-1,-1
543,-1,1024,524,1112,625,0.6829705834388733,-1,-1,-1
544,-1,969,686,1186,861,0.9928597807884216,-1,-1,-1
544,-1,830,488,939,572,0.9361600279808044,-1,-1,-1
544,-1,1024,525,1113,625,0.7048883438110352,-1,-1,-1
545,-1,993,678,1193,840,0.9927812218666077,-1,-1,-1
545,-1,826,487,932,574,0.8890256881713867,-1,-1,-1
545,-1,1024,522,1112,623,0.7197752594947815,-1,-1,-1
546,-1,1009,674,1198,831,0.9926555156707764,-1,-1,-1
546,-1,821,488,930,574,0.9677956700325012,-1,-1,-1
546,-1,1029,525,1108,620,0.6467875242233276,-1,-1,-1
547,-1,1030,668,1204,817,0.9885158538818359,-1,-1,-1
547,-1,812,487,929,575,0.9579230546951294,-1,-1,-1
548,-1,1044,664,1211,810,0.9888511300086975,-1,-1,-1
548,-1,808,487,921,575,0.9733018279075623,-1,-1,-1
549,-1,1055,661,1212,796,0.9889791011810303,-1,-1,-1
549,-1,803,485,918,577,0.9878351092338562,-1,-1,-1
550,-1,797,484,910,578,0.9900836944580078,-1,-1,-1
550,-1,1066,657,1212,787,0.9880654215812683,-1,-1,-1
551,-1,788,485,907,580,0.9877293705940247,-1,-1,-1
551,-1,1076,652,1214,782,0.9871301054954529,-1,-1,-1
552,-1,779,488,903,580,0.9913312196731567,-1,-1,-1
552,-1,1082,649,1221,773,0.9906536936759949,-1,-1,-1
553,-1,769,487,900,584,0.992006242275238,-1,-1,-1
553,-1,1087,645,1220,765,0.9913904666900635,-1,-1,-1
554,-1,764,487,894,584,0.9933438301086426,-1,-1,-1
554,-1,1093,641,1220,759,0.9891923069953918,-1,-1,-1
555,-1,754,489,881,584,0.9926267266273499,-1,-1,-1
555,-1,1095,631,1222,752,0.9875374436378479,-1,-1,-1
556,-1,743,485,880,583,0.9916079044342041,-1,-1,-1
556,-1,1097,629,1222,745,0.9860198497772217,-1,-1,-1
557,-1,1098,630,1221,738,0.9919942617416382,-1,-1,-1
557,-1,732,485,872,584,0.9909189939498901,-1,-1,-1
558,-1,721,483,863,585,0.9921058416366577,-1,-1,-1
558,-1,1101,627,1219,733,0.9909626841545105,-1,-1,-1
559,-1,710,483,857,585,0.9926519989967346,-1,-1,-1
559,-1,1103,623,1219,730,0.9860011339187622,-1,-1,-1
560,-1,696,481,849,583,0.9909971952438354,-1,-1,-1
560,-1,1105,617,1216,721,0.9796185493469238,-1,-1,-1
561,-1,683,480,838,583,0.9935951828956604,-1,-1,-1
561,-1,1105,615,1216,714,0.9774715304374695,-1,-1,-1
562,-1,668,479,828,585,0.9935423135757446,-1,-1,-1
562,-1,1106,610,1215,709,0.9784889221191406,-1,-1,-1
563,-1,652,478,816,583,0.9910691976547241,-1,-1,-1
563,-1,1106,605,1212,704,0.9694486260414124,-1,-1,-1
564,-1,634,473,806,583,0.9892352223396301,-1,-1,-1
564,-1,1109,607,1209,698,0.9732720851898193,-1,-1,-1
565,-1,617,470,794,585,0.9901105761528015,-1,-1,-1
565,-1,1107,603,1207,693,0.9509443044662476,-1,-1,-1
566,-1,595,469,783,581,0.991943359375,-1,-1,-1
566,-1,1106,601,1207,689,0.944398045539856,-1,-1,-1
567,-1,573,465,765,581,0.9939071536064148,-1,-1,-1
567,-1,1106,596,1204,683,0.9362320303916931,-1,-1,-1
568,-1,549,461,751,580,0.9893977642059326,-1,-1,-1
568,-1,1104,591,1203,682,0.9405843615531921,-1,-1,-1
569,-1,526,458,734,581,0.9920480847358704,-1,-1,-1
569,-1,1105,588,1201,677,0.9567583799362183,-1,-1,-1
570,-1,499,454,719,581,0.9915403723716736,-1,-1,-1
570,-1,1105,588,1199,671,0.9180078506469727,-1,-1,-1
571,-1,473,449,697,581,0.9912899732589722,-1,-1,-1
571,-1,1104,586,1196,668,0.8940543532371521,-1,-1,-1
572,-1,437,445,674,575,0.9894726872444153,-1,-1,-1
572,-1,1104,583,1194,664,0.8764930367469788,-1,-1,-1
573,-1,399,441,656,574,0.9916553497314453,-1,-1,-1
573,-1,1102,581,1193,659,0.8160110116004944,-1,-1,-1
574,-1,367,433,634,571,0.98929762840271,-1,-1,-1
574,-1,1104,577,1192,656,0.7545672655105591,-1,-1,-1
575,-1,320,427,609,570,0.9895164370536804,-1,-1,-1
575,-1,1103,576,1190,653,0.622927725315094,-1,-1,-1
576,-1,275,420,575,568,0.9911772012710571,-1,-1,-1
577,-1,232,418,552,565,0.9918036460876465,-1,-1,-1
578,-1,174,404,517,565,0.992805540561676,-1,-1,-1
579,-1,112,392,482,559,0.9935547709465027,-1,-1,-1
580,-1,55,382,435,552,0.9950248599052429,-1,-1,-1
581,-1,0,374,391,545,0.9925608038902283,-1,-1,-1
582,-1,0,366,340,542,0.8920511603355408,-1,-1,-1
607,-1,884,488,976,566,0.7040228247642517,-1,-1,-1
608,-1,882,489,974,566,0.7226104736328125,-1,-1,-1
609,-1,879,490,973,569,0.7908613681793213,-1,-1,-1
610,-1,877,491,974,570,0.88246750831604,-1,-1,-1
611,-1,875,492,971,570,0.9015479683876038,-1,-1,-1
612,-1,868,493,970,573,0.8029865622520447,-1,-1,-1
613,-1,864,493,964,574,0.8344878554344177,-1,-1,-1
614,-1,858,494,961,575,0.9176604747772217,-1,-1,-1
615,-1,854,495,957,577,0.9299651980400085,-1,-1,-1
616,-1,850,494,956,579,0.973678708076477,-1,-1,-1
617,-1,847,496,954,580,0.9680532217025757,-1,-1,-1
618,-1,843,495,949,580,0.9635941982269287,-1,-1,-1
619,-1,835,499,944,579,0.9719670414924622,-1,-1,-1
620,-1,827,497,936,584,0.9810437560081482,-1,-1,-1
621,-1,820,496,936,584,0.9864445328712463,-1,-1,-1
622,-1,814,494,932,587,0.9886218905448914,-1,-1,-1
623,-1,809,496,924,585,0.9887330532073975,-1,-1,-1
624,-1,802,494,918,587,0.9897783398628235,-1,-1,-1
625,-1,793,493,915,589,0.992883563041687,-1,-1,-1
