1,-1,1072,429,1458,674,0.9930474162101746,-1,-1,-1
1,-1,816,359,1054,517,0.9908446669578552,-1,-1,-1
1,-1,809,264,1044,407,0.9358102679252625,-1,-1,-1
1,-1,1465,509,1920,860,0.8531160950660706,-1,-1,-1
1,-1,545,161,654,238,0.8510085940361023,-1,-1,-1
1,-1,470,165,571,241,0.8266118764877319,-1,-1,-1
2,-1,1076,429,1473,679,0.995060384273529,-1,-1,-1
2,-1,823,355,1056,524,0.9897924661636353,-1,-1,-1
2,-1,813,265,1049,409,0.9531709551811218,-1,-1,-1
2,-1,536,159,648,236,0.8006452918052673,-1,-1,-1
2,-1,463,164,569,240,0.6806207299232483,-1,-1,-1
2,-1,1478,504,1920,857,0.652630090713501,-1,-1,-1
3,-1,1084,425,1481,680,0.9955040812492371,-1,-1,-1
3,-1,833,355,1064,526,0.9883516430854797,-1,-1,-1
3,-1,821,266,1045,411,0.8419490456581116,-1,-1,-1
3,-1,455,164,557,239,0.6839372515678406,-1,-1,-1
4,-1,1085,431,1500,683,0.9949014186859131,-1,-1,-1
4,-1,841,358,1071,527,0.9871687889099121,-1,-1,-1
4,-1,820,266,1060,406,0.8988918662071228,-1,-1,-1
4,-1,450,160,549,236,0.7519740462303162,-1,-1,-1
4,-1,527,157,631,233,0.6988646984100342,-1,-1,-1
5,-1,1092,428,1492,687,0.9945559501647949,-1,-1,-1
5,-1,841,362,1088,532,0.9886847138404846,-1,-1,-1
5,-1,822,268,1061,408,0.9433385729789734,-1,-1,-1
5,-1,519,153,625,233,0.8124451041221619,-1,-1,-1
6,-1,1102,437,1502,687,0.9937009811401367,-1,-1,-1
6,-1,846,361,1095,534,0.990269660949707,-1,-1,-1
6,-1,836,266,1058,409,0.9223905801773071,-1,-1,-1
6,-1,286,167,398,261,0.7809422016143799,-1,-1,-1
7,-1,1110,441,1513,690,0.9935966730117798,-1,-1,-1
7,-1,853,363,1105,536,0.9883040189743042,-1,-1,-1
7,-1,840,268,1064,409,0.9357113242149353,-1,-1,-1
7,-1,287,165,402,263,0.9218146204948425,-1,-1,-1
8,-1,1111,436,1524,690,0.9933725595474243,-1,-1,-1
8,-1,859,365,1113,540,0.9914848208427429,-1,-1,-1
8,-1,843,269,1066,410,0.9465215802192688,-1,-1,-1
8,-1,291,168,403,267,0.7649838328361511,-1,-1,-1
8,-1,246,111,336,192,0.6128461360931396,-1,-1,-1
9,-1,1115,435,1530,692,0.9935435056686401,-1,-1,-1
9,-1,864,369,1121,543,0.9899725914001465,-1,-1,-1
9,-1,844,271,1068,412,0.9314683079719543,-1,-1,-1
9,-1,295,168,408,267,0.9114974141120911,-1,-1,-1
9,-1,249,112,336,192,0.6262484192848206,-1,-1,-1
10,-1,1136,441,1549,695,0.9930934906005859,-1,-1,-1
10,-1,869,372,1128,546,0.9881733059883118,-1,-1,-1
10,-1,844,272,1074,412,0.9580880403518677,-1,-1,-1
10,-1,301,171,410,270,0.8802366852760315,-1,-1,-1
10,-1,253,112,342,195,0.7956156730651855,-1,-1,-1
10,-1,391,163,503,248,0.6787495613098145,-1,-1,-1
11,-1,1125,441,1542,696,0.9923433661460876,-1,-1,-1
11,-1,876,374,1136,549,0.9859155416488647,-1,-1,-1
11,-1,844,272,1081,416,0.9743691682815552,-1,-1,-1
11,-1,398,163,506,252,0.9310545921325684,-1,-1,-1
11,-1,305,175,414,271,0.888741672039032,-1,-1,-1
11,-1,252,113,342,195,0.7135869860649109,-1,-1,-1
12,-1,1130,442,1546,699,0.993390679359436,-1,-1,-1
12,-1,885,374,1144,553,0.9872905611991882,-1,-1,-1
12,-1,852,274,1089,413,0.9792089462280273,-1,-1,-1
12,-1,403,166,511,253,0.9599815607070923,-1,-1,-1
12,-1,308,178,418,272,0.91057950258255,-1,-1,-1
12,-1,253,114,347,197,0.8392817974090576,-1,-1,-1
13,-1,1134,443,1550,702,0.9938769936561584,-1,-1,-1
13,-1,887,375,1152,554,0.9874124526977539,-1,-1,-1
13,-1,856,275,1094,413,0.9780217409133911,-1,-1,-1
13,-1,407,170,515,255,0.9386860132217407,-1,-1,-1
13,-1,309,177,422,274,0.907529890537262,-1,-1,-1
13,-1,256,115,348,198,0.7309667468070984,-1,-1,-1
14,-1,1143,443,1555,704,0.9948371648788452,-1,-1,-1
14,-1,891,375,1158,558,0.9895283579826355,-1,-1,-1
14,-1,860,276,1099,414,0.9791203737258911,-1,-1,-1
14,-1,411,173,521,259,0.9014296531677246,-1,-1,-1
14,-1,311,181,429,276,0.8763448596000671,-1,-1,-1
14,-1,257,114,351,198,0.7934837937355042,-1,-1,-1
15,-1,1153,446,1570,715,0.9937043786048889,-1,-1,-1
15,-1,897,377,1165,559,0.9907152652740479,-1,-1,-1
15,-1,853,276,1102,421,0.9835919141769409,-1,-1,-1
15,-1,414,176,527,260,0.9331262111663818,-1,-1,-1
15,-1,314,185,437,277,0.9266440868377686,-1,-1,-1
15,-1,258,113,355,199,0.7320961952209473,-1,-1,-1
16,-1,1162,447,1576,716,0.9937610030174255,-1,-1,-1
16,-1,903,378,1173,560,0.9903593063354492,-1,-1,-1
16,-1,864,279,1104,416,0.9827694892883301,-1,-1,-1
16,-1,419,176,532,263,0.9335086941719055,-1,-1,-1
16,-1,324,187,437,280,0.8889585137367249,-1,-1,-1
16,-1,260,113,359,200,0.8749701380729675,-1,-1,-1
17,-1,1171,450,1585,718,0.9935382008552551,-1,-1,-1
17,-1,904,381,1178,561,0.990658164024353,-1,-1,-1
17,-1,871,280,1113,418,0.9808107018470764,-1,-1,-1
17,-1,425,178,541,264,0.9540218114852905,-1,-1,-1
17,-1,327,188,445,282,0.891615092754364,-1,-1,-1
17,-1,261,114,362,201,0.7973278164863586,-1,-1,-1
18,-1,1158,449,1591,713,0.9933242201805115,-1,-1,-1
18,-1,911,382,1186,564,0.9873307347297668,-1,-1,-1
18,-1,875,283,1118,420,0.9840807318687439,-1,-1,-1
18,-1,330,188,449,285,0.978142499923706,-1,-1,-1
18,-1,430,179,547,267,0.9764245748519897,-1,-1,-1
18,-1,264,114,364,204,0.7646326422691345,-1,-1,-1
19,-1,1165,449,1597,715,0.9947351217269897,-1,-1,-1
19,-1,914,382,1192,566,0.9918752312660217,-1,-1,-1
19,-1,870,281,1119,426,0.9854653477668762,-1,-1,-1
19,-1,436,181,552,270,0.9822882413864136,-1,-1,-1
19,-1,334,188,454,286,0.9706121683120728,-1,-1,-1
19,-1,1592,330,1913,482,0.7386288642883301,-1,-1,-1
20,-1,1174,450,1607,717,0.9945453405380249,-1,-1,-1
20,-1,922,383,1196,568,0.9917744994163513,-1,-1,-1
20,-1,880,285,1127,422,0.9856781363487244,-1,-1,-1
20,-1,441,183,561,272,0.9806144833564758,-1,-1,-1
20,-1,337,189,461,288,0.9788726568222046,-1,-1,-1
20,-1,1562,321,1880,485,0.771540641784668,-1,-1,-1
20,-1,270,114,370,206,0.6576806902885437,-1,-1,-1
21,-1,1178,450,1615,720,0.995303750038147,-1,-1,-1
21,-1,926,384,1198,571,0.9929742813110352,-1,-1,-1
21,-1,446,185,567,273,0.9867075681686401,-1,-1,-1
21,-1,337,189,464,289,0.9860446453094482,-1,-1,-1
21,-1,881,285,1131,424,0.983100175857544,-1,-1,-1
21,-1,1527,317,1842,482,0.742583692073822,-1,-1,-1
21,-1,271,117,375,205,0.6523134708404541,-1,-1,-1
22,-1,1183,452,1619,722,0.9956578016281128,-1,-1,-1
22,-1,927,385,1202,573,0.9927757978439331,-1,-1,-1
22,-1,455,187,575,277,0.9915801286697388,-1,-1,-1
22,-1,343,190,469,291,0.9869351387023926,-1,-1,-1
22,-1,882,284,1136,425,0.9844686388969421,-1,-1,-1
22,-1,1129,302,1374,434,0.8909967541694641,-1,-1,-1
23,-1,1188,455,1629,726,0.9946594834327698,-1,-1,-1
23,-1,457,187,584,280,0.9912177920341492,-1,-1,-1
23,-1,926,386,1207,572,0.9911462664604187,-1,-1,-1
23,-1,883,284,1141,428,0.9820574522018433,-1,-1,-1
23,-1,350,191,473,294,0.9795855283737183,-1,-1,-1
23,-1,1109,300,1349,429,0.9568710327148438,-1,-1,-1
24,-1,1198,448,1641,732,0.9933318495750427,-1,-1,-1
24,-1,930,387,1211,573,0.9915823340415955,-1,-1,-1
24,-1,466,187,592,282,0.9911604523658752,-1,-1,-1
24,-1,351,192,479,299,0.9857277274131775,-1,-1,-1
24,-1,890,285,1149,427,0.9760136604309082,-1,-1,-1
24,-1,1100,293,1316,420,0.9266190528869629,-1,-1,-1
25,-1,1203,451,1650,735,0.994548499584198,-1,-1,-1
25,-1,473,188,598,282,0.991555392742157,-1,-1,-1
25,-1,934,388,1215,574,0.9915415644645691,-1,-1,-1
25,-1,353,192,484,302,0.9868013858795166,-1,-1,-1
25,-1,890,284,1150,434,0.9748314619064331,-1,-1,-1
25,-1,1088,290,1290,416,0.8589045405387878,-1,-1,-1
26,-1,1207,461,1663,736,0.9944580793380737,-1,-1,-1
26,-1,940,390,1221,576,0.9915403723716736,-1,-1,-1
26,-1,478,190,606,286,0.9896436929702759,-1,-1,-1
26,-1,356,193,491,303,0.983274519443512,-1,-1,-1
26,-1,891,283,1157,436,0.9725179076194763,-1,-1,-1
27,-1,1216,462,1673,738,0.9942405223846436,-1,-1,-1
27,-1,942,390,1227,578,0.9929146766662598,-1,-1,-1
27,-1,485,190,613,290,0.9890401363372803,-1,-1,-1
27,-1,360,197,494,302,0.9741441011428833,-1,-1,-1
27,-1,894,284,1159,438,0.9715360999107361,-1,-1,-1
28,-1,1242,471,1660,740,0.9935966730117798,-1,-1,-1
28,-1,944,391,1232,580,0.9918829202651978,-1,-1,-1
28,-1,488,195,625,288,0.9896077513694763,-1,-1,-1
28,-1,365,198,501,306,0.983833372592926,-1,-1,-1
28,-1,900,285,1158,434,0.9781412482261658,-1,-1,-1
28,-1,1297,285,1557,408,0.7135156393051147,-1,-1,-1
29,-1,494,196,629,290,0.9920542240142822,-1,-1,-1
29,-1,1244,469,1693,749,0.9919378161430359,-1,-1,-1
29,-1,953,390,1238,585,0.9907665252685547,-1,-1,-1
29,-1,372,200,504,308,0.9905410408973694,-1,-1,-1
29,-1,905,284,1167,433,0.9676267504692078,-1,-1,-1
29,-1,1269,280,1532,408,0.8363891243934631,-1,-1,-1
30,-1,1249,471,1706,751,0.9913150668144226,-1,-1,-1
30,-1,375,199,507,310,0.9902854561805725,-1,-1,-1
30,-1,956,390,1242,587,0.9900442361831665,-1,-1,-1
30,-1,502,197,634,291,0.9880792498588562,-1,-1,-1
30,-1,908,283,1169,434,0.9759840369224548,-1,-1,-1
30,-1,1243,274,1497,409,0.842189610004425,-1,-1,-1
31,-1,380,204,512,315,0.9920850396156311,-1,-1,-1
31,-1,1266,472,1710,753,0.990755021572113,-1,-1,-1
31,-1,510,198,645,293,0.990528404712677,-1,-1,-1
31,-1,961,392,1246,589,0.9904721975326538,-1,-1,-1
31,-1,913,284,1173,435,0.9761717319488525,-1,-1,-1
31,-1,1226,270,1462,409,0.8539435863494873,-1,-1,-1
32,-1,1254,468,1724,760,0.9930163621902466,-1,-1,-1
32,-1,384,204,518,316,0.9929364323616028,-1,-1,-1
32,-1,965,396,1255,590,0.9911382794380188,-1,-1,-1
32,-1,517,201,649,294,0.9870678782463074,-1,-1,-1
32,-1,917,287,1175,436,0.9728788733482361,-1,-1,-1
32,-1,1190,267,1432,406,0.8318606019020081,-1,-1,-1
33,-1,389,207,526,317,0.9915918111801147,-1,-1,-1
33,-1,968,393,1255,593,0.9889257550239563,-1,-1,-1
33,-1,1263,472,1739,761,0.9889101982116699,-1,-1,-1
33,-1,525,198,659,300,0.9853311777114868,-1,-1,-1
33,-1,916,285,1180,435,0.9621972441673279,-1,-1,-1
33,-1,1170,262,1405,401,0.9490714073181152,-1,-1,-1
34,-1,392,208,530,319,0.9950703382492065,-1,-1,-1
34,-1,1278,473,1746,767,0.9903726577758789,-1,-1,-1
34,-1,969,394,1260,595,0.9897270798683167,-1,-1,-1
34,-1,530,202,670,299,0.9878942370414734,-1,-1,-1
34,-1,924,293,1181,436,0.975382924079895,-1,-1,-1
34,-1,1151,259,1380,394,0.9603183269500732,-1,-1,-1
35,-1,395,208,537,322,0.9939510822296143,-1,-1,-1
35,-1,1281,472,1759,776,0.9915873408317566,-1,-1,-1
35,-1,973,395,1264,596,0.990790843963623,-1,-1,-1
35,-1,537,203,679,305,0.9905235171318054,-1,-1,-1
35,-1,927,296,1193,437,0.9766122698783875,-1,-1,-1
35,-1,1131,258,1351,388,0.9547656178474426,-1,-1,-1
36,-1,401,209,542,326,0.9932029247283936,-1,-1,-1
36,-1,975,401,1277,600,0.9906889200210571,-1,-1,-1
36,-1,546,204,678,305,0.9903095364570618,-1,-1,-1
36,-1,1306,468,1753,778,0.989143431186676,-1,-1,-1
36,-1,930,296,1196,439,0.9655666947364807,-1,-1,-1
36,-1,1110,255,1325,382,0.9136658906936646,-1,-1,-1
37,-1,405,211,551,327,0.9916046857833862,-1,-1,-1
37,-1,1298,482,1780,780,0.9915763735771179,-1,-1,-1
37,-1,980,402,1282,601,0.990912914276123,-1,-1,-1
37,-1,552,206,682,306,0.9779316782951355,-1,-1,-1
37,-1,934,296,1200,441,0.965107262134552,-1,-1,-1
37,-1,848,243,1031,354,0.9335278868675232,-1,-1,-1
38,-1,407,215,555,330,0.9945481419563293,-1,-1,-1
38,-1,1311,483,1796,786,0.9906749129295349,-1,-1,-1
38,-1,987,403,1288,603,0.9893295168876648,-1,-1,-1
38,-1,836,240,1012,352,0.9851105213165283,-1,-1,-1
38,-1,939,297,1203,443,0.9598800539970398,-1,-1,-1
38,-1,560,207,683,307,0.9582769870758057,-1,-1,-1
39,-1,415,215,559,332,0.9960654377937317,-1,-1,-1
39,-1,1322,486,1808,790,0.9917131662368774,-1,-1,-1
39,-1,821,239,996,348,0.9913190007209778,-1,-1,-1
39,-1,989,401,1288,602,0.9880097508430481,-1,-1,-1
39,-1,567,211,706,313,0.9784525036811829,-1,-1,-1
39,-1,934,295,1210,447,0.9725403785705566,-1,-1,-1
39,-1,1295,366,1663,552,0.6304523944854736,-1,-1,-1
40,-1,419,216,564,335,0.9944453835487366,-1,-1,-1
40,-1,807,238,981,344,0.9933892488479614,-1,-1,-1
40,-1,1328,489,1819,796,0.9884140491485596,-1,-1,-1
40,-1,997,405,1286,605,0.9857963919639587,-1,-1,-1
40,-1,571,214,720,321,0.976643979549408,-1,-1,-1
40,-1,941,298,1210,446,0.971082866191864,-1,-1,-1
40,-1,1296,367,1661,551,0.6960220336914062,-1,-1,-1
41,-1,424,217,570,339,0.9955991506576538,-1,-1,-1
41,-1,796,233,961,341,0.99187171459198,-1,-1,-1
41,-1,996,404,1303,612,0.9893144369125366,-1,-1,-1
41,-1,1331,489,1839,797,0.9861947298049927,-1,-1,-1
41,-1,586,214,723,321,0.978935182094574,-1,-1,-1
41,-1,945,300,1211,447,0.9673594236373901,-1,-1,-1
41,-1,1307,374,1662,546,0.69732666015625,-1,-1,-1
42,-1,428,217,577,341,0.9940391778945923,-1,-1,-1
42,-1,782,231,949,336,0.9921326041221619,-1,-1,-1
42,-1,1000,401,1301,610,0.991692841053009,-1,-1,-1
42,-1,1346,490,1848,806,0.9909936785697937,-1,-1,-1
42,-1,589,212,730,324,0.9770013689994812,-1,-1,-1
42,-1,946,302,1216,448,0.971341609954834,-1,-1,-1
42,-1,988,231,1190,347,0.7194687128067017,-1,-1,-1
42,-1,1308,375,1663,547,0.6973624229431152,-1,-1,-1
43,-1,434,220,585,343,0.9954721927642822,-1,-1,-1
43,-1,773,228,933,334,0.9943767786026001,-1,-1,-1
43,-1,1006,402,1307,612,0.9920774102210999,-1,-1,-1
43,-1,1352,492,1857,807,0.9845771193504333,-1,-1,-1
43,-1,947,304,1221,450,0.971595048904419,-1,-1,-1
43,-1,597,214,741,326,0.9687509536743164,-1,-1,-1
43,-1,971,230,1168,340,0.8956407308578491,-1,-1,-1
43,-1,1308,375,1665,548,0.808046817779541,-1,-1,-1
43,-1,346,135,457,236,0.7152338027954102,-1,-1,-1
44,-1,760,226,919,330,0.994426965713501,-1,-1,-1
44,-1,439,222,591,347,0.9932582378387451,-1,-1,-1
44,-1,1012,408,1323,615,0.9900880455970764,-1,-1,-1
44,-1,1359,493,1868,811,0.9857295751571655,-1,-1,-1
44,-1,600,217,751,328,0.9849409461021423,-1,-1,-1
44,-1,949,303,1224,452,0.9724536538124084,-1,-1,-1
44,-1,350,132,461,237,0.8764532208442688,-1,-1,-1
44,-1,1310,376,1668,550,0.8464558720588684,-1,-1,-1
44,-1,1653,375,1920,514,0.8436927199363708,-1,-1,-1
44,-1,956,226,1151,338,0.8326075077056885,-1,-1,-1
45,-1,748,223,907,326,0.9943020343780518,-1,-1,-1
45,-1,445,222,600,349,0.9931802749633789,-1,-1,-1
45,-1,1016,411,1326,616,0.9899072647094727,-1,-1,-1
45,-1,1369,493,1885,818,0.9876809120178223,-1,-1,-1
45,-1,605,219,759,332,0.9864892959594727,-1,-1,-1
45,-1,956,307,1233,450,0.9764940142631531,-1,-1,-1
45,-1,942,224,1131,338,0.9250532984733582,-1,-1,-1
45,-1,1611,360,1901,509,0.9157916903495789,-1,-1,-1
45,-1,351,128,466,239,0.8479863405227661,-1,-1,-1
45,-1,1310,376,1668,555,0.8351677060127258,-1,-1,-1
46,-1,448,224,607,354,0.9950793981552124,-1,-1,-1
46,-1,734,221,894,322,0.993618369102478,-1,-1,-1
46,-1,1018,413,1329,615,0.9920192360877991,-1,-1,-1
46,-1,1382,495,1895,822,0.9864778518676758,-1,-1,-1
46,-1,614,224,765,333,0.9841019511222839,-1,-1,-1
46,-1,930,220,1110,336,0.9808135628700256,-1,-1,-1
46,-1,959,307,1235,452,0.9769641757011414,-1,-1,-1
46,-1,354,127,468,241,0.924719512462616,-1,-1,-1
46,-1,1302,370,1674,566,0.7936242818832397,-1,-1,-1
46,-1,1585,357,1860,500,0.725843071937561,-1,-1,-1
47,-1,456,228,610,356,0.9916490316390991,-1,-1,-1
47,-1,726,219,882,318,0.991209864616394,-1,-1,-1
47,-1,1021,413,1334,617,0.9907774925231934,-1,-1,-1
47,-1,1393,498,1903,825,0.9874225854873657,-1,-1,-1
47,-1,912,219,1092,331,0.9803285598754883,-1,-1,-1
47,-1,618,225,773,335,0.9790064692497253,-1,-1,-1
47,-1,961,307,1237,453,0.9756597280502319,-1,-1,-1
47,-1,354,130,471,243,0.9483367204666138,-1,-1,-1
47,-1,1309,375,1667,563,0.7760422229766846,-1,-1,-1
48,-1,462,228,619,361,0.9942227005958557,-1,-1,-1
48,-1,1028,416,1342,620,0.9905675053596497,-1,-1,-1
48,-1,897,216,1071,330,0.9848907589912415,-1,-1,-1
48,-1,1406,499,1919,835,0.9808792471885681,-1,-1,-1
48,-1,638,229,780,339,0.975795328617096,-1,-1,-1
48,-1,962,305,1238,454,0.9752590656280518,-1,-1,-1
48,-1,362,139,477,242,0.9584357142448425,-1,-1,-1
48,-1,728,218,865,317,0.9436056613922119,-1,-1,-1
48,-1,1311,377,1671,567,0.8658517599105835,-1,-1,-1
49,-1,466,230,619,362,0.9946885108947754,-1,-1,-1
49,-1,1034,413,1345,627,0.990227222442627,-1,-1,-1
49,-1,650,230,785,344,0.9890963435173035,-1,-1,-1
49,-1,886,212,1057,328,0.9888001680374146,-1,-1,-1
49,-1,1407,503,1920,835,0.9828116297721863,-1,-1,-1
49,-1,362,142,480,244,0.9794004559516907,-1,-1,-1
49,-1,959,298,1241,468,0.9793884754180908,-1,-1,-1
49,-1,1313,377,1681,568,0.8920785784721375,-1,-1,-1
49,-1,720,214,851,310,0.815376341342926,-1,-1,-1
50,-1,472,234,621,364,0.9926459789276123,-1,-1,-1
50,-1,1038,416,1351,624,0.9916123151779175,-1,-1,-1
50,-1,653,231,794,348,0.9905253052711487,-1,-1,-1
50,-1,870,209,1040,324,0.9893927574157715,-1,-1,-1
50,-1,960,303,1248,461,0.9821972846984863,-1,-1,-1
50,-1,366,143,487,247,0.9800971150398254,-1,-1,-1
50,-1,1416,499,1920,842,0.9766576290130615,-1,-1,-1
50,-1,1331,378,1689,570,0.892358660697937,-1,-1,-1
51,-1,655,237,802,349,0.9938888549804688,-1,-1,-1
51,-1,479,236,632,369,0.9923564195632935,-1,-1,-1
51,-1,1041,421,1362,625,0.990744411945343,-1,-1,-1
51,-1,853,208,1025,321,0.9889956712722778,-1,-1,-1
51,-1,368,145,491,248,0.9835376143455505,-1,-1,-1
51,-1,967,305,1254,458,0.9803839325904846,-1,-1,-1
51,-1,1426,507,1920,845,0.9652913808822632,-1,-1,-1
51,-1,1327,377,1693,568,0.9252943992614746,-1,-1,-1
52,-1,657,236,811,348,0.994244396686554,-1,-1,-1
52,-1,484,239,644,371,0.991676926612854,-1,-1,-1
52,-1,1051,422,1365,629,0.9914922118186951,-1,-1,-1
52,-1,842,207,1009,317,0.9890391826629639,-1,-1,-1
52,-1,373,144,494,248,0.9828485250473022,-1,-1,-1
52,-1,968,305,1256,465,0.9783179759979248,-1,-1,-1
52,-1,1331,374,1714,581,0.9574824571609497,-1,-1,-1
52,-1,1451,511,1920,852,0.9552760124206543,-1,-1,-1
53,-1,661,238,817,351,0.9944244623184204,-1,-1,-1
53,-1,1058,423,1371,633,0.9894350171089172,-1,-1,-1
53,-1,827,204,992,313,0.9888217449188232,-1,-1,-1
53,-1,490,240,650,375,0.9875090718269348,-1,-1,-1
53,-1,968,304,1258,469,0.9796111583709717,-1,-1,-1
53,-1,374,144,500,249,0.9760794043540955,-1,-1,-1
53,-1,1336,378,1722,583,0.95039302110672,-1,-1,-1
53,-1,1453,515,1920,857,0.9319826364517212,-1,-1,-1
54,-1,665,241,825,354,0.9934003353118896,-1,-1,-1
54,-1,495,244,661,379,0.9927349090576172,-1,-1,-1
54,-1,818,201,979,309,0.9914871454238892,-1,-1,-1
54,-1,1064,424,1384,636,0.9912267327308655,-1,-1,-1
54,-1,970,304,1259,470,0.9815564155578613,-1,-1,-1
54,-1,377,145,504,251,0.9780740737915039,-1,-1,-1
54,-1,1343,378,1735,588,0.9369261264801025,-1,-1,-1
54,-1,1320,312,1543,420,0.6365566253662109,-1,-1,-1
55,-1,670,242,834,357,0.9935697317123413,-1,-1,-1
55,-1,1069,425,1389,640,0.9901555776596069,-1,-1,-1
55,-1,804,199,966,307,0.9886356592178345,-1,-1,-1
55,-1,498,244,671,383,0.9873585104942322,-1,-1,-1
55,-1,969,305,1260,471,0.9841216802597046,-1,-1,-1
55,-1,378,144,507,253,0.9752922058105469,-1,-1,-1
55,-1,1349,381,1740,593,0.9567129015922546,-1,-1,-1
55,-1,1290,304,1512,423,0.8894651532173157,-1,-1,-1
56,-1,1076,429,1397,643,0.9905245900154114,-1,-1,-1
56,-1,506,248,680,385,0.9887942671775818,-1,-1,-1
56,-1,676,244,844,359,0.9883993864059448,-1,-1,-1
56,-1,971,304,1261,475,0.983534038066864,-1,-1,-1
56,-1,792,196,951,304,0.9815301299095154,-1,-1,-1
56,-1,386,145,512,255,0.9710928797721863,-1,-1,-1
56,-1,1258,296,1482,419,0.9631264805793762,-1,-1,-1
56,-1,1354,379,1759,596,0.9557271003723145,-1,-1,-1
57,-1,688,245,850,365,0.9916290044784546,-1,-1,-1
57,-1,1080,428,1408,642,0.9909191131591797,-1,-1,-1
57,-1,513,250,678,387,0.9834122657775879,-1,-1,-1
57,-1,972,305,1262,477,0.983225405216217,-1,-1,-1
57,-1,783,196,935,299,0.97203528881073,-1,-1,-1
57,-1,394,144,515,255,0.9684415459632874,-1,-1,-1
57,-1,1362,382,1771,606,0.9624230265617371,-1,-1,-1
57,-1,1235,293,1448,414,0.9353569746017456,-1,-1,-1
58,-1,690,249,861,366,0.9934672713279724,-1,-1,-1
58,-1,1083,429,1415,647,0.9915177226066589,-1,-1,-1
58,-1,971,305,1272,476,0.9881659746170044,-1,-1,-1
58,-1,518,252,685,393,0.976856529712677,-1,-1,-1
58,-1,1208,289,1418,410,0.975894570350647,-1,-1,-1
58,-1,396,147,519,257,0.9697321653366089,-1,-1,-1
58,-1,1371,382,1779,606,0.9615920782089233,-1,-1,-1
58,-1,773,194,927,294,0.9569385051727295,-1,-1,-1
58,-1,634,192,760,287,0.7659584283828735,-1,-1,-1
59,-1,1108,433,1431,653,0.9914895296096802,-1,-1,-1
59,-1,701,249,869,371,0.9905871748924255,-1,-1,-1
59,-1,972,306,1272,478,0.9905155897140503,-1,-1,-1
59,-1,520,252,690,394,0.9841517210006714,-1,-1,-1
59,-1,398,151,524,258,0.9656508564949036,-1,-1,-1
59,-1,1376,386,1788,618,0.9496039748191833,-1,-1,-1
59,-1,763,191,908,293,0.9337600469589233,-1,-1,-1
59,-1,1187,286,1388,403,0.8993718028068542,-1,-1,-1
59,-1,619,191,751,283,0.8018343448638916,-1,-1,-1
60,-1,1105,435,1440,655,0.9938468337059021,-1,-1,-1
60,-1,973,305,1274,479,0.9913088083267212,-1,-1,-1
60,-1,707,252,882,374,0.9900866150856018,-1,-1,-1
60,-1,401,150,528,261,0.9830334782600403,-1,-1,-1
60,-1,532,251,712,401,0.9818580150604248,-1,-1,-1
60,-1,1401,386,1805,615,0.9349310398101807,-1,-1,-1
60,-1,748,191,898,290,0.930748462677002,-1,-1,-1
60,-1,606,190,739,284,0.7839652299880981,-1,-1,-1
60,-1,1175,279,1360,395,0.6974747180938721,-1,-1,-1
61,-1,1109,439,1453,658,0.9920179843902588,-1,-1,-1
61,-1,978,306,1272,479,0.9900938868522644,-1,-1,-1
61,-1,711,256,889,376,0.9898709654808044,-1,-1,-1
61,-1,540,263,722,405,0.9802145957946777,-1,-1,-1
61,-1,404,150,533,265,0.9769420027732849,-1,-1,-1
61,-1,736,186,884,289,0.9486446976661682,-1,-1,-1
61,-1,1402,388,1812,623,0.9333860278129578,-1,-1,-1
62,-1,1136,440,1461,663,0.9927746057510376,-1,-1,-1
62,-1,975,302,1267,484,0.9873754978179932,-1,-1,-1
62,-1,408,151,539,265,0.9862507581710815,-1,-1,-1
62,-1,723,257,896,378,0.9788923263549805,-1,-1,-1
62,-1,728,181,873,289,0.9455636739730835,-1,-1,-1
62,-1,1405,389,1831,628,0.9363212585449219,-1,-1,-1
62,-1,553,269,734,406,0.9188413619995117,-1,-1,-1
63,-1,1132,445,1455,666,0.992877185344696,-1,-1,-1
63,-1,727,259,906,382,0.9891642928123474,-1,-1,-1
63,-1,976,302,1269,484,0.9882497787475586,-1,-1,-1
63,-1,555,285,742,413,0.983315646648407,-1,-1,-1
63,-1,413,150,543,266,0.9825168251991272,-1,-1,-1
63,-1,716,183,864,286,0.9473283886909485,-1,-1,-1
63,-1,1418,391,1848,633,0.9450323581695557,-1,-1,-1
63,-1,583,183,709,276,0.7766985297203064,-1,-1,-1
64,-1,1133,443,1484,671,0.9934373497962952,-1,-1,-1
64,-1,982,302,1270,485,0.9886354207992554,-1,-1,-1
64,-1,416,153,549,268,0.9863850474357605,-1,-1,-1
64,-1,562,283,752,416,0.9841539263725281,-1,-1,-1
64,-1,733,263,916,384,0.9838706254959106,-1,-1,-1
64,-1,707,181,850,284,0.9513160586357117,-1,-1,-1
64,-1,1435,394,1863,639,0.947443962097168,-1,-1,-1
65,-1,1151,451,1479,671,0.9917100071907043,-1,-1,-1
65,-1,987,303,1272,485,0.9908965229988098,-1,-1,-1
65,-1,420,152,552,269,0.9903894066810608,-1,-1,-1
65,-1,744,262,923,387,0.9868603348731995,-1,-1,-1
65,-1,570,273,760,419,0.9683328866958618,-1,-1,-1
65,-1,1444,398,1872,644,0.9508203864097595,-1,-1,-1
65,-1,697,178,839,281,0.9366849064826965,-1,-1,-1
65,-1,571,182,680,266,0.6644807457923889,-1,-1,-1
66,-1,1154,450,1505,680,0.992996871471405,-1,-1,-1
66,-1,983,306,1286,487,0.9907676577568054,-1,-1,-1
66,-1,755,265,933,390,0.9873425960540771,-1,-1,-1
66,-1,579,280,766,428,0.9789853096008301,-1,-1,-1
66,-1,424,154,556,271,0.9774228930473328,-1,-1,-1
66,-1,1456,400,1881,650,0.95450758934021,-1,-1,-1
66,-1,688,177,827,279,0.9244362115859985,-1,-1,-1
66,-1,564,182,679,266,0.8763720393180847,-1,-1,-1
67,-1,759,267,942,392,0.9944403767585754,-1,-1,-1
67,-1,1170,452,1520,682,0.9913254380226135,-1,-1,-1
67,-1,985,306,1288,488,0.9896696209907532,-1,-1,-1
67,-1,422,156,563,273,0.9759751558303833,-1,-1,-1
67,-1,584,277,777,430,0.9674577116966248,-1,-1,-1
67,-1,1463,402,1901,649,0.9591432213783264,-1,-1,-1
67,-1,679,175,816,275,0.9190725088119507,-1,-1,-1
67,-1,555,179,671,266,0.8976261615753174,-1,-1,-1
68,-1,1175,451,1530,690,0.9926192164421082,-1,-1,-1
68,-1,986,306,1290,488,0.9906613230705261,-1,-1,-1
68,-1,773,268,952,396,0.9892928600311279,-1,-1,-1
68,-1,429,157,566,274,0.9663233160972595,-1,-1,-1
68,-1,585,275,788,429,0.9639800190925598,-1,-1,-1
68,-1,1475,403,1916,652,0.9346636533737183,-1,-1,-1
68,-1,548,179,668,267,0.9157429933547974,-1,-1,-1
68,-1,671,173,806,272,0.9157082438468933,-1,-1,-1
68,-1,985,246,1170,349,0.8398593664169312,-1,-1,-1
69,-1,1177,456,1543,693,0.9933239817619324,-1,-1,-1
69,-1,777,269,963,399,0.9925804138183594,-1,-1,-1
69,-1,987,308,1295,490,0.9915032386779785,-1,-1,-1
69,-1,434,156,572,276,0.9747629165649414,-1,-1,-1
69,-1,973,242,1144,347,0.9455843567848206,-1,-1,-1
69,-1,1488,404,1920,657,0.9374344944953918,-1,-1,-1
69,-1,666,173,793,270,0.9212069511413574,-1,-1,-1
69,-1,590,280,799,436,0.9209448099136353,-1,-1,-1
69,-1,543,179,659,263,0.9085186719894409,-1,-1,-1
70,-1,1194,460,1562,693,0.9921882152557373,-1,-1,-1
70,-1,989,308,1298,490,0.9914458990097046,-1,-1,-1
70,-1,780,272,973,402,0.9896634221076965,-1,-1,-1
70,-1,441,157,577,278,0.9888098835945129,-1,-1,-1
70,-1,954,241,1123,344,0.9715320467948914,-1,-1,-1
70,-1,604,283,810,446,0.9355846047401428,-1,-1,-1
70,-1,1501,407,1920,662,0.9338672161102295,-1,-1,-1
70,-1,659,174,785,267,0.880763590335846,-1,-1,-1
70,-1,539,177,651,262,0.8042550086975098,-1,-1,-1
71,-1,1202,461,1568,698,0.9933182001113892,-1,-1,-1
71,-1,992,308,1300,491,0.9925835132598877,-1,-1,-1
71,-1,444,159,582,279,0.9868215918540955,-1,-1,-1
71,-1,793,275,983,405,0.9845832586288452,-1,-1,-1
71,-1,612,289,817,448,0.9678400158882141,-1,-1,-1
71,-1,938,240,1104,341,0.9642429351806641,-1,-1,-1
71,-1,1510,408,1920,668,0.8855563402175903,-1,-1,-1
71,-1,659,174,774,266,0.8293701410293579,-1,-1,-1
71,-1,542,175,646,258,0.640325665473938,-1,-1,-1
72,-1,1216,460,1579,702,0.9929988384246826,-1,-1,-1
72,-1,992,307,1305,492,0.9918134212493896,-1,-1,-1
72,-1,445,158,587,281,0.9889699220657349,-1,-1,-1
72,-1,800,278,993,408,0.9887979626655579,-1,-1,-1
72,-1,625,292,825,456,0.9619954228401184,-1,-1,-1
72,-1,920,233,1087,336,0.9363198280334473,-1,-1,-1
72,-1,1524,411,1920,672,0.9193611741065979,-1,-1,-1
72,-1,657,173,767,262,0.8902795910835266,-1,-1,-1
73,-1,1225,468,1601,708,0.9943097829818726,-1,-1,-1
73,-1,995,308,1304,489,0.9922407865524292,-1,-1,-1
73,-1,802,280,1002,414,0.9903083443641663,-1,-1,-1
73,-1,450,160,593,282,0.9890379905700684,-1,-1,-1
73,-1,906,230,1066,333,0.8769525289535522,-1,-1,-1
73,-1,652,172,760,260,0.8139039278030396,-1,-1,-1
73,-1,642,297,838,456,0.786808967590332,-1,-1,-1
73,-1,1527,407,1920,683,0.706739604473114,-1,-1,-1
74,-1,811,281,1012,415,0.9931997656822205,-1,-1,-1
74,-1,1240,470,1619,716,0.9924502372741699,-1,-1,-1
74,-1,999,308,1312,493,0.9923020601272583,-1,-1,-1
74,-1,455,158,603,284,0.9835960865020752,-1,-1,-1
74,-1,630,171,749,256,0.8440621495246887,-1,-1,-1
74,-1,892,226,1048,328,0.7368218302726746,-1,-1,-1
75,-1,1001,310,1309,490,0.9923912882804871,-1,-1,-1
75,-1,1261,474,1631,722,0.991557240486145,-1,-1,-1
75,-1,458,162,608,286,0.9912664294242859,-1,-1,-1
75,-1,820,284,1021,417,0.9909676909446716,-1,-1,-1
75,-1,650,299,856,462,0.9609383940696716,-1,-1,-1
75,-1,617,170,738,254,0.9488661885261536,-1,-1,-1
75,-1,1562,316,1848,459,0.8078957796096802,-1,-1,-1
75,-1,879,225,1032,327,0.8051418662071228,-1,-1,-1
76,-1,1003,310,1317,493,0.9927752017974854,-1,-1,-1
76,-1,1259,475,1652,729,0.991382896900177,-1,-1,-1
76,-1,463,164,608,288,0.9909015893936157,-1,-1,-1
76,-1,826,289,1028,419,0.987024188041687,-1,-1,-1
76,-1,652,302,871,467,0.9775225520133972,-1,-1,-1
76,-1,1530,316,1805,453,0.9355601072311401,-1,-1,-1
76,-1,859,223,1015,321,0.8683232069015503,-1,-1,-1
76,-1,609,168,728,251,0.8089448809623718,-1,-1,-1
77,-1,659,304,881,472,0.9925258159637451,-1,-1,-1
77,-1,1007,310,1319,496,0.9919237494468689,-1,-1,-1
77,-1,468,165,613,289,0.9913378953933716,-1,-1,-1
77,-1,1273,480,1668,730,0.9900463223457336,-1,-1,-1
77,-1,837,291,1034,419,0.9857143759727478,-1,-1,-1
77,-1,1498,311,1763,456,0.9335402846336365,-1,-1,-1
77,-1,843,220,999,316,0.9238418936729431,-1,-1,-1
77,-1,841,259,1016,366,0.6374878287315369,-1,-1,-1
78,-1,1304,486,1681,734,0.9916485548019409,-1,-1,-1
78,-1,1012,309,1327,502,0.9914602041244507,-1,-1,-1
78,-1,470,166,619,290,0.9913170337677002,-1,-1,-1
78,-1,662,307,891,475,0.9887428283691406,-1,-1,-1
78,-1,842,291,1043,421,0.9814924597740173,-1,-1,-1
78,-1,1459,301,1732,460,0.9688257575035095,-1,-1,-1
78,-1,832,216,981,317,0.9183823466300964,-1,-1,-1
78,-1,594,166,712,247,0.6616964936256409,-1,-1,-1
79,-1,1298,485,1702,746,0.9933051466941833,-1,-1,-1
79,-1,674,311,903,478,0.9923732876777649,-1,-1,-1
79,-1,1018,313,1331,499,0.9918586611747742,-1,-1,-1
79,-1,474,166,621,291,0.9904367327690125,-1,-1,-1
79,-1,1431,298,1697,453,0.9881144165992737,-1,-1,-1
79,-1,845,290,1051,424,0.9698399305343628,-1,-1,-1
79,-1,819,213,966,313,0.9030337333679199,-1,-1,-1
80,-1,679,312,908,484,0.992846667766571,-1,-1,-1
80,-1,1016,311,1337,503,0.9923445582389832,-1,-1,-1
80,-1,475,169,631,293,0.9922047257423401,-1,-1,-1
80,-1,1313,488,1715,748,0.9919859170913696,-1,-1,-1
80,-1,1400,293,1662,450,0.9894815683364868,-1,-1,-1
80,-1,848,290,1059,428,0.9465059638023376,-1,-1,-1
80,-1,804,210,954,308,0.9137520790100098,-1,-1,-1
81,-1,480,167,633,293,0.9943926334381104,-1,-1,-1
81,-1,1025,312,1337,502,0.9930670261383057,-1,-1,-1
81,-1,1330,494,1735,761,0.9913837909698486,-1,-1,-1
81,-1,691,313,917,490,0.9912892580032349,-1,-1,-1
81,-1,1376,287,1625,440,0.984478771686554,-1,-1,-1
81,-1,793,211,938,306,0.9665074348449707,-1,-1,-1
81,-1,859,294,1063,427,0.9125229120254517,-1,-1,-1
82,-1,1025,313,1347,502,0.9928077459335327,-1,-1,-1
82,-1,484,168,639,295,0.9919300675392151,-1,-1,-1
82,-1,698,316,930,494,0.9908974766731262,-1,-1,-1
82,-1,1333,492,1752,767,0.990711510181427,-1,-1,-1
82,-1,1351,286,1589,431,0.9849011301994324,-1,-1,-1
82,-1,861,292,1070,431,0.8602822422981262,-1,-1,-1
82,-1,781,211,925,300,0.79230797290802,-1,-1,-1
83,-1,1033,316,1346,503,0.9928346872329712,-1,-1,-1
83,-1,701,319,940,501,0.9920040965080261,-1,-1,-1
83,-1,1353,499,1775,770,0.9904735684394836,-1,-1,-1
83,-1,493,169,642,293,0.9902246594429016,-1,-1,-1
83,-1,1321,281,1559,427,0.9800223112106323,-1,-1,-1
83,-1,772,208,910,297,0.9017252326011658,-1,-1,-1
83,-1,865,294,1075,433,0.8945589065551758,-1,-1,-1
84,-1,1038,316,1352,504,0.994457483291626,-1,-1,-1
84,-1,711,322,949,504,0.9920679330825806,-1,-1,-1
84,-1,1367,503,1791,776,0.9894502758979797,-1,-1,-1
84,-1,497,170,650,297,0.9888968467712402,-1,-1,-1
84,-1,1298,276,1531,421,0.9726780652999878,-1,-1,-1
84,-1,761,204,894,294,0.9616183042526245,-1,-1,-1
84,-1,876,297,1077,432,0.7878113985061646,-1,-1,-1
85,-1,1041,317,1358,506,0.9938014149665833,-1,-1,-1
85,-1,501,171,654,300,0.9922448992729187,-1,-1,-1
85,-1,720,326,961,505,0.9904166460037231,-1,-1,-1
85,-1,1378,508,1805,788,0.9881799221038818,-1,-1,-1
85,-1,750,202,881,291,0.9756789803504944,-1,-1,-1
85,-1,1275,274,1498,415,0.9536100029945374,-1,-1,-1
85,-1,880,297,1082,433,0.7466561198234558,-1,-1,-1
86,-1,1047,318,1361,507,0.9939404726028442,-1,-1,-1
86,-1,728,327,981,505,0.9926583170890808,-1,-1,-1
86,-1,505,174,659,302,0.9895747303962708,-1,-1,-1
86,-1,1390,511,1823,792,0.9882899522781372,-1,-1,-1
86,-1,737,198,871,289,0.970811665058136,-1,-1,-1
86,-1,1253,269,1469,410,0.8522847294807434,-1,-1,-1
87,-1,1050,315,1371,510,0.9945918917655945,-1,-1,-1
87,-1,510,175,668,303,0.9904332160949707,-1,-1,-1
87,-1,739,329,983,508,0.9896641373634338,-1,-1,-1
87,-1,1414,518,1829,804,0.9894782900810242,-1,-1,-1
87,-1,728,195,858,287,0.9833731055259705,-1,-1,-1
88,-1,1053,319,1382,510,0.995013415813446,-1,-1,-1
88,-1,514,176,676,308,0.9889211654663086,-1,-1,-1
88,-1,744,328,1005,512,0.9885174036026001,-1,-1,-1
88,-1,1424,518,1859,803,0.9846790432929993,-1,-1,-1
88,-1,714,191,849,286,0.9823315143585205,-1,-1,-1
89,-1,1064,326,1389,510,0.9938527345657349,-1,-1,-1
89,-1,517,177,677,310,0.9935646653175354,-1,-1,-1
89,-1,754,333,1018,517,0.9899980425834656,-1,-1,-1
89,-1,705,191,835,283,0.984835684299469,-1,-1,-1
89,-1,1436,526,1867,803,0.9828093647956848,-1,-1,-1
90,-1,522,179,679,310,0.9945672750473022,-1,-1,-1
90,-1,1063,328,1400,512,0.9926372766494751,-1,-1,-1
90,-1,695,189,824,280,0.9895911812782288,-1,-1,-1
90,-1,764,336,1031,521,0.985679566860199,-1,-1,-1
90,-1,1447,528,1890,812,0.9849005937576294,-1,-1,-1
90,-1,234,148,336,233,0.659570038318634,-1,-1,-1
91,-1,529,180,680,311,0.9959502220153809,-1,-1,-1
91,-1,1065,329,1406,515,0.9914972186088562,-1,-1,-1
91,-1,773,338,1036,529,0.9866650104522705,-1,-1,-1
91,-1,688,187,809,276,0.9865657687187195,-1,-1,-1
91,-1,1456,533,1899,816,0.9825307726860046,-1,-1,-1
91,-1,1133,255,1338,368,0.7664335370063782,-1,-1,-1
91,-1,237,150,339,234,0.7307898998260498,-1,-1,-1
92,-1,531,182,683,314,0.9935491681098938,-1,-1,-1
92,-1,1075,323,1410,520,0.9919630289077759,-1,-1,-1
92,-1,782,337,1052,531,0.9871547222137451,-1,-1,-1
92,-1,680,186,800,273,0.9843177795410156,-1,-1,-1
92,-1,1493,530,1917,835,0.9692827463150024,-1,-1,-1
92,-1,1121,250,1310,364,0.9335647821426392,-1,-1,-1
92,-1,238,151,344,238,0.8516157865524292,-1,-1,-1
93,-1,1078,321,1413,521,0.9917179346084595,-1,-1,-1
93,-1,791,342,1062,537,0.9883667826652527,-1,-1,-1
93,-1,537,184,685,313,0.9855931401252747,-1,-1,-1
93,-1,670,184,792,270,0.9728444218635559,-1,-1,-1
93,-1,1494,533,1918,839,0.9717896580696106,-1,-1,-1
93,-1,1100,246,1287,364,0.9618785381317139,-1,-1,-1
93,-1,240,151,344,240,0.8358562588691711,-1,-1,-1
94,-1,1081,326,1426,523,0.9906759262084961,-1,-1,-1
94,-1,803,339,1084,538,0.9903813004493713,-1,-1,-1
94,-1,541,183,698,314,0.9808326959609985,-1,-1,-1
94,-1,1074,241,1271,364,0.9676744341850281,-1,-1,-1
94,-1,1498,532,1919,846,0.9485804438591003,-1,-1,-1
94,-1,244,153,348,240,0.8898328542709351,-1,-1,-1
94,-1,666,184,780,269,0.8139519691467285,-1,-1,-1
95,-1,542,185,706,320,0.9930053353309631,-1,-1,-1
95,-1,1086,328,1435,525,0.9919589757919312,-1,-1,-1
95,-1,813,343,1099,543,0.9892355799674988,-1,-1,-1
95,-1,1058,236,1246,364,0.9763883352279663,-1,-1,-1
95,-1,1503,543,1920,840,0.9413496851921082,-1,-1,-1
95,-1,249,155,350,241,0.8325814604759216,-1,-1,-1
96,-1,1091,327,1438,526,0.9930769205093384,-1,-1,-1
96,-1,549,186,715,323,0.9924044013023376,-1,-1,-1
96,-1,819,343,1109,548,0.9894639253616333,-1,-1,-1
96,-1,1035,235,1230,360,0.9673289656639099,-1,-1,-1
96,-1,1507,545,1920,840,0.9269844889640808,-1,-1,-1
96,-1,250,156,350,243,0.8478803634643555,-1,-1,-1
97,-1,1096,327,1446,527,0.9932729005813599,-1,-1,-1
97,-1,559,188,722,325,0.9891856908798218,-1,-1,-1
97,-1,834,350,1127,551,0.9869330525398254,-1,-1,-1
97,-1,1018,233,1204,356,0.929534375667572,-1,-1,-1
97,-1,253,155,351,244,0.9230207204818726,-1,-1,-1
97,-1,1518,544,1920,845,0.7984853982925415,-1,-1,-1
98,-1,1103,328,1454,529,0.9930311441421509,-1,-1,-1
98,-1,837,349,1141,561,0.9862126111984253,-1,-1,-1
98,-1,563,185,727,323,0.9831641316413879,-1,-1,-1
98,-1,1008,227,1182,354,0.8748509287834167,-1,-1,-1
98,-1,254,157,354,246,0.830328106880188,-1,-1,-1
98,-1,1522,550,1920,843,0.7580472826957703,-1,-1,-1
99,-1,1107,328,1458,530,0.9907783269882202,-1,-1,-1
99,-1,851,354,1158,565,0.9871166348457336,-1,-1,-1
99,-1,567,180,732,328,0.9858653545379639,-1,-1,-1
99,-1,991,228,1163,347,0.8985866904258728,-1,-1,-1
99,-1,256,161,356,247,0.876179039478302,-1,-1,-1
99,-1,1525,548,1920,846,0.6008995771408081,-1,-1,-1
100,-1,1117,333,1468,530,0.9920943379402161,-1,-1,-1
100,-1,859,356,1168,573,0.9872053861618042,-1,-1,-1
100,-1,574,182,737,329,0.9752627015113831,-1,-1,-1
100,-1,970,226,1145,346,0.9112675786018372,-1,-1,-1
100,-1,262,163,359,246,0.7612529397010803,-1,-1,-1
101,-1,1116,332,1474,534,0.9913996458053589,-1,-1,-1
101,-1,868,358,1178,579,0.9901726245880127,-1,-1,-1
101,-1,574,180,744,329,0.9809080362319946,-1,-1,-1
101,-1,953,220,1125,343,0.9639685153961182,-1,-1,-1
102,-1,1124,334,1481,535,0.9924821257591248,-1,-1,-1
102,-1,884,365,1194,580,0.9888550639152527,-1,-1,-1
102,-1,581,184,748,331,0.9759142994880676,-1,-1,-1
102,-1,937,218,1105,338,0.9680039286613464,-1,-1,-1
103,-1,895,369,1210,583,0.9890874624252319,-1,-1,-1
103,-1,1143,335,1481,540,0.9871841073036194,-1,-1,-1
103,-1,919,215,1089,337,0.9815826416015625,-1,-1,-1
103,-1,580,182,755,334,0.9810041785240173,-1,-1,-1
104,-1,582,184,759,339,0.9873141646385193,-1,-1,-1
104,-1,902,371,1228,588,0.9865652918815613,-1,-1,-1
104,-1,906,215,1073,328,0.9861716628074646,-1,-1,-1
104,-1,1135,334,1496,541,0.9847646951675415,-1,-1,-1
105,-1,896,210,1059,327,0.992211103439331,-1,-1,-1
105,-1,587,184,762,338,0.9899747967720032,-1,-1,-1
105,-1,917,373,1237,594,0.9858485460281372,-1,-1,-1
105,-1,1154,338,1491,543,0.9795315265655518,-1,-1,-1
106,-1,884,208,1042,325,0.9907456636428833,-1,-1,-1
106,-1,932,380,1250,597,0.9889040589332581,-1,-1,-1
106,-1,590,186,767,340,0.988013505935669,-1,-1,-1
106,-1,1142,336,1511,542,0.9843299984931946,-1,-1,-1
106,-1,280,170,398,266,0.8819739818572998,-1,-1,-1
107,-1,868,208,1026,321,0.9924526810646057,-1,-1,-1
107,-1,597,188,774,342,0.9911097288131714,-1,-1,-1
107,-1,934,372,1272,600,0.9907363057136536,-1,-1,-1
107,-1,1149,337,1516,545,0.9735010862350464,-1,-1,-1
107,-1,285,169,401,265,0.9697229862213135,-1,-1,-1
108,-1,602,190,781,342,0.9935207962989807,-1,-1,-1
108,-1,855,204,1012,318,0.9926894307136536,-1,-1,-1
108,-1,946,374,1291,605,0.9915707111358643,-1,-1,-1
108,-1,1153,338,1522,546,0.9601191282272339,-1,-1,-1
108,-1,290,171,402,266,0.9555462598800659,-1,-1,-1
109,-1,608,192,787,344,0.9938766360282898,-1,-1,-1
109,-1,842,203,997,314,0.9929112792015076,-1,-1,-1
109,-1,953,376,1306,613,0.9913246631622314,-1,-1,-1
109,-1,294,173,401,271,0.9422999024391174,-1,-1,-1
109,-1,1172,337,1524,548,0.9243854880332947,-1,-1,-1
110,-1,832,201,983,310,0.9933003187179565,-1,-1,-1
110,-1,608,193,790,347,0.9925774931907654,-1,-1,-1
110,-1,962,384,1323,617,0.990408182144165,-1,-1,-1
110,-1,296,175,407,271,0.9676763415336609,-1,-1,-1
110,-1,1167,339,1533,549,0.926341712474823,-1,-1,-1
111,-1,819,199,968,305,0.994721531867981,-1,-1,-1
111,-1,977,385,1334,622,0.9939507246017456,-1,-1,-1
111,-1,614,193,796,350,0.9877415895462036,-1,-1,-1
111,-1,301,175,410,272,0.9613205194473267,-1,-1,-1
111,-1,1157,336,1534,556,0.81705641746521,-1,-1,-1
112,-1,807,196,952,304,0.9937154650688171,-1,-1,-1
112,-1,987,394,1347,627,0.9884722232818604,-1,-1,-1
112,-1,621,198,801,352,0.9869819283485413,-1,-1,-1
112,-1,304,177,414,273,0.9590409994125366,-1,-1,-1
112,-1,1136,338,1532,558,0.8521642088890076,-1,-1,-1
113,-1,997,394,1359,632,0.9957606196403503,-1,-1,-1
113,-1,797,194,942,300,0.9917805790901184,-1,-1,-1
113,-1,637,201,808,352,0.9865929484367371,-1,-1,-1
113,-1,305,174,417,276,0.9684510827064514,-1,-1,-1
113,-1,1109,337,1541,569,0.684192955493927,-1,-1,-1
114,-1,783,194,930,299,0.9931875467300415,-1,-1,-1
114,-1,1003,398,1378,639,0.9897933006286621,-1,-1,-1
114,-1,639,204,813,356,0.9850144982337952,-1,-1,-1
114,-1,307,175,422,277,0.9784529805183411,-1,-1,-1
114,-1,1144,341,1537,566,0.6893442273139954,-1,-1,-1
115,-1,1013,397,1387,639,0.9937022924423218,-1,-1,-1
115,-1,776,191,915,294,0.9907705783843994,-1,-1,-1
115,-1,646,201,817,357,0.9749592542648315,-1,-1,-1
115,-1,310,177,427,279,0.9691116213798523,-1,-1,-1
115,-1,1168,342,1546,562,0.7323262095451355,-1,-1,-1
116,-1,1017,398,1399,659,0.9929954409599304,-1,-1,-1
116,-1,639,202,821,356,0.9831686019897461,-1,-1,-1
116,-1,768,190,900,291,0.9700979590415955,-1,-1,-1
116,-1,312,180,432,281,0.9292080998420715,-1,-1,-1
117,-1,1043,401,1425,649,0.9960954785346985,-1,-1,-1
117,-1,637,202,826,359,0.9795347452163696,-1,-1,-1
117,-1,767,189,887,288,0.7156168222427368,-1,-1,-1
117,-1,320,185,442,283,0.654840350151062,-1,-1,-1
118,-1,1056,406,1427,652,0.9960891008377075,-1,-1,-1
118,-1,641,203,831,360,0.9870757460594177,-1,-1,-1
118,-1,329,189,449,285,0.8408607244491577,-1,-1,-1
119,-1,1060,410,1446,657,0.9952072501182556,-1,-1,-1
119,-1,640,204,835,362,0.9882791042327881,-1,-1,-1
119,-1,331,189,450,290,0.9807840585708618,-1,-1,-1
120,-1,1068,409,1457,671,0.9939671754837036,-1,-1,-1
120,-1,651,201,840,366,0.9886239767074585,-1,-1,-1
120,-1,332,192,458,288,0.9832997918128967,-1,-1,-1
121,-1,1091,414,1486,672,0.9938860535621643,-1,-1,-1
121,-1,649,203,847,365,0.9911428689956665,-1,-1,-1
121,-1,337,193,462,293,0.9893773198127747,-1,-1,-1
121,-1,1020,332,1238,479,0.6546836495399475,-1,-1,-1
122,-1,1091,417,1492,671,0.9944401979446411,-1,-1,-1
122,-1,649,202,851,367,0.9907673001289368,-1,-1,-1
122,-1,343,195,468,298,0.9877816438674927,-1,-1,-1
122,-1,1024,329,1234,485,0.8215863108634949,-1,-1,-1
123,-1,1099,417,1490,679,0.9939737915992737,-1,-1,-1
123,-1,344,194,475,300,0.9906359314918518,-1,-1,-1
123,-1,651,200,856,369,0.9905373454093933,-1,-1,-1
123,-1,1026,330,1235,486,0.8425999879837036,-1,-1,-1
124,-1,1114,418,1511,684,0.9942213296890259,-1,-1,-1
124,-1,350,195,477,304,0.9920469522476196,-1,-1,-1
124,-1,654,202,859,369,0.9917123317718506,-1,-1,-1
124,-1,1027,330,1237,487,0.8046157360076904,-1,-1,-1
125,-1,1116,418,1531,691,0.9938331842422485,-1,-1,-1
125,-1,658,201,865,371,0.9926722049713135,-1,-1,-1
125,-1,352,196,481,303,0.9914490580558777,-1,-1,-1
125,-1,1029,331,1240,487,0.8669302463531494,-1,-1,-1
126,-1,662,206,872,371,0.9934418201446533,-1,-1,-1
126,-1,1125,422,1545,695,0.9932998418807983,-1,-1,-1
126,-1,354,194,487,307,0.9904614090919495,-1,-1,-1
126,-1,1030,332,1244,488,0.8565148711204529,-1,-1,-1
127,-1,672,207,879,373,0.9946130514144897,-1,-1,-1
127,-1,1153,430,1553,693,0.9937880635261536,-1,-1,-1
127,-1,359,196,493,311,0.9909558892250061,-1,-1,-1
127,-1,1031,332,1246,489,0.9236885905265808,-1,-1,-1
128,-1,673,208,881,378,0.9944907426834106,-1,-1,-1
128,-1,1144,427,1568,699,0.993743360042572,-1,-1,-1
128,-1,366,200,497,315,0.9924558401107788,-1,-1,-1
128,-1,1032,333,1247,490,0.9313399791717529,-1,-1,-1
129,-1,1161,429,1578,702,0.9957987666130066,-1,-1,-1
129,-1,371,204,505,314,0.9943753480911255,-1,-1,-1
129,-1,676,208,887,381,0.9933972358703613,-1,-1,-1
129,-1,1032,333,1250,491,0.9407148361206055,-1,-1,-1
130,-1,1166,433,1593,706,0.9943285584449768,-1,-1,-1
130,-1,685,207,894,379,0.9940827488899231,-1,-1,-1
130,-1,378,208,511,317,0.9938232898712158,-1,-1,-1
130,-1,1034,333,1251,491,0.9617356061935425,-1,-1,-1
131,-1,687,209,905,381,0.9946877956390381,-1,-1,-1
131,-1,381,208,516,321,0.993256688117981,-1,-1,-1
131,-1,1184,437,1610,708,0.991688072681427,-1,-1,-1
131,-1,1035,333,1252,492,0.9660645723342896,-1,-1,-1
132,-1,681,207,901,386,0.9936849474906921,-1,-1,-1
132,-1,1188,441,1612,712,0.9935120940208435,-1,-1,-1
132,-1,388,211,524,323,0.9917336702346802,-1,-1,-1
132,-1,1035,333,1253,493,0.9703946113586426,-1,-1,-1
132,-1,624,169,739,252,0.7960819602012634,-1,-1,-1
133,-1,695,208,907,384,0.9932805895805359,-1,-1,-1
133,-1,390,214,532,326,0.9929525256156921,-1,-1,-1
133,-1,1198,445,1625,721,0.9925923943519592,-1,-1,-1
133,-1,1035,333,1255,494,0.9584656953811646,-1,-1,-1
134,-1,398,215,539,329,0.993656575679779,-1,-1,-1
134,-1,1212,449,1635,723,0.9911379218101501,-1,-1,-1
134,-1,695,210,913,389,0.9908989667892456,-1,-1,-1
134,-1,1035,333,1255,495,0.9603183269500732,-1,-1,-1
134,-1,607,167,718,247,0.6835051774978638,-1,-1,-1
135,-1,404,216,548,331,0.9930776357650757,-1,-1,-1
135,-1,1203,442,1653,729,0.9929399490356445,-1,-1,-1
135,-1,703,209,926,387,0.9915469288825989,-1,-1,-1
135,-1,1035,333,1255,495,0.9617519378662109,-1,-1,-1
135,-1,1208,348,1579,526,0.6146928668022156,-1,-1,-1
136,-1,406,218,552,334,0.993171215057373,-1,-1,-1
136,-1,1211,444,1665,731,0.9927871823310852,-1,-1,-1
136,-1,704,211,923,391,0.9926275610923767,-1,-1,-1
136,-1,1036,333,1255,495,0.9661588072776794,-1,-1,-1
137,-1,412,220,559,337,0.9931186437606812,-1,-1,-1
137,-1,709,212,928,392,0.9925383925437927,-1,-1,-1
137,-1,1224,446,1678,735,0.9909680485725403,-1,-1,-1
137,-1,1036,333,1255,495,0.9706375598907471,-1,-1,-1
137,-1,587,160,673,243,0.6217314004898071,-1,-1,-1
138,-1,420,221,565,342,0.994946300983429,-1,-1,-1
138,-1,717,214,943,390,0.9928712248802185,-1,-1,-1
138,-1,1238,449,1693,739,0.9885080456733704,-1,-1,-1
138,-1,1036,334,1255,495,0.9734967947006226,-1,-1,-1
138,-1,580,162,673,241,0.6108599901199341,-1,-1,-1
139,-1,427,222,573,346,0.9951105713844299,-1,-1,-1
139,-1,722,215,949,392,0.9931782484054565,-1,-1,-1
139,-1,1244,447,1703,746,0.9886811971664429,-1,-1,-1
139,-1,1036,334,1255,495,0.97535240650177,-1,-1,-1
139,-1,574,158,669,240,0.8161609172821045,-1,-1,-1
139,-1,1218,351,1568,521,0.6446921229362488,-1,-1,-1
140,-1,431,225,581,348,0.9939559102058411,-1,-1,-1
140,-1,1250,449,1720,751,0.9923604130744934,-1,-1,-1
140,-1,723,214,949,393,0.9917388558387756,-1,-1,-1
140,-1,1036,334,1255,495,0.9744222164154053,-1,-1,-1
140,-1,568,153,666,239,0.9688300490379333,-1,-1,-1
140,-1,1215,355,1570,519,0.8042950630187988,-1,-1,-1
141,-1,436,227,590,351,0.993990421295166,-1,-1,-1
141,-1,1262,451,1735,752,0.9907960891723633,-1,-1,-1
141,-1,727,215,951,401,0.9905475974082947,-1,-1,-1
141,-1,1035,333,1255,496,0.970030665397644,-1,-1,-1
141,-1,560,154,663,239,0.9522526860237122,-1,-1,-1
141,-1,1216,355,1574,520,0.8211949467658997,-1,-1,-1
142,-1,443,230,598,357,0.9931187629699707,-1,-1,-1
142,-1,1270,454,1745,756,0.990288496017456,-1,-1,-1
142,-1,730,219,957,401,0.9900508522987366,-1,-1,-1
142,-1,1035,333,1255,496,0.9713596105575562,-1,-1,-1
142,-1,552,152,657,237,0.9095118641853333,-1,-1,-1
142,-1,1215,355,1576,521,0.8994788527488708,-1,-1,-1
143,-1,741,219,972,402,0.9917098879814148,-1,-1,-1
143,-1,450,233,609,359,0.9913431406021118,-1,-1,-1
143,-1,1280,454,1751,758,0.9884827733039856,-1,-1,-1
143,-1,1035,333,1256,496,0.9736959934234619,-1,-1,-1
143,-1,545,151,658,236,0.971364438533783,-1,-1,-1
143,-1,1215,355,1576,521,0.9087480902671814,-1,-1,-1
144,-1,456,237,614,363,0.992328941822052,-1,-1,-1
144,-1,745,218,978,405,0.9908508658409119,-1,-1,-1
144,-1,1298,458,1764,766,0.9888626337051392,-1,-1,-1
144,-1,1035,334,1256,495,0.9747574925422668,-1,-1,-1
144,-1,1215,356,1580,522,0.9516369104385376,-1,-1,-1
144,-1,539,150,653,237,0.9447663426399231,-1,-1,-1
145,-1,464,240,618,368,0.9944034814834595,-1,-1,-1
145,-1,745,217,979,412,0.988111138343811,-1,-1,-1
145,-1,1305,462,1780,771,0.9860511422157288,-1,-1,-1
145,-1,1035,333,1256,495,0.9753605723381042,-1,-1,-1
145,-1,1216,356,1582,524,0.9510440826416016,-1,-1,-1
146,-1,471,241,623,368,0.9912309646606445,-1,-1,-1
146,-1,749,222,984,414,0.9894771575927734,-1,-1,-1
146,-1,1310,462,1791,775,0.9778416156768799,-1,-1,-1
146,-1,1035,333,1256,496,0.9743056297302246,-1,-1,-1
146,-1,1216,356,1583,524,0.9467479586601257,-1,-1,-1
146,-1,525,148,631,229,0.673623263835907,-1,-1,-1
147,-1,755,224,995,411,0.9915854930877686,-1,-1,-1
147,-1,478,243,637,374,0.9907762408256531,-1,-1,-1
147,-1,1319,464,1803,781,0.9824303388595581,-1,-1,-1
147,-1,1035,333,1256,496,0.9738634824752808,-1,-1,-1
147,-1,1217,356,1583,525,0.9443010687828064,-1,-1,-1
148,-1,484,245,645,379,0.9941891431808472,-1,-1,-1
148,-1,763,221,1001,413,0.9919326901435852,-1,-1,-1
148,-1,1325,467,1816,786,0.989678144454956,-1,-1,-1
148,-1,1034,333,1256,496,0.9709322452545166,-1,-1,-1
148,-1,1217,356,1581,528,0.9550902247428894,-1,-1,-1
149,-1,491,245,654,383,0.9938878417015076,-1,-1,-1
149,-1,763,222,1003,413,0.9911523461341858,-1,-1,-1
149,-1,1335,468,1829,789,0.9806293249130249,-1,-1,-1
149,-1,1034,333,1256,496,0.9712312817573547,-1,-1,-1
149,-1,1217,355,1581,531,0.9615815877914429,-1,-1,-1
150,-1,497,245,668,388,0.9944955706596375,-1,-1,-1
150,-1,767,224,1008,414,0.9916146993637085,-1,-1,-1
150,-1,1341,466,1835,793,0.97855544090271,-1,-1,-1
150,-1,1034,333,1256,496,0.9713317155838013,-1,-1,-1
150,-1,1218,355,1582,535,0.9606318473815918,-1,-1,-1
150,-1,1545,380,1868,539,0.7763108015060425,-1,-1,-1
151,-1,764,223,1013,420,0.992685079574585,-1,-1,-1
151,-1,503,250,677,392,0.9904149770736694,-1,-1,-1
151,-1,1357,467,1844,797,0.9797269105911255,-1,-1,-1
151,-1,1034,333,1256,496,0.9698062539100647,-1,-1,-1
151,-1,1201,353,1584,543,0.9657993912696838,-1,-1,-1
151,-1,1532,375,1819,527,0.8323232531547546,-1,-1,-1
152,-1,772,225,1018,415,0.992499053478241,-1,-1,-1
152,-1,511,252,685,394,0.9877169728279114,-1,-1,-1
152,-1,1351,468,1861,797,0.9773469567298889,-1,-1,-1
152,-1,1034,333,1256,496,0.9696862101554871,-1,-1,-1
152,-1,1205,351,1577,548,0.958935558795929,-1,-1,-1
152,-1,1504,365,1770,516,0.6720436215400696,-1,-1,-1
153,-1,774,224,1022,416,0.9923670887947083,-1,-1,-1
153,-1,516,252,688,399,0.9865713715553284,-1,-1,-1
153,-1,1204,352,1591,553,0.9801099300384521,-1,-1,-1
153,-1,1363,473,1873,805,0.9789465665817261,-1,-1,-1
153,-1,1034,333,1256,495,0.9697818160057068,-1,-1,-1
154,-1,783,228,1021,421,0.9915708303451538,-1,-1,-1
154,-1,1370,470,1883,804,0.9797588586807251,-1,-1,-1
154,-1,1206,351,1590,557,0.9742986559867859,-1,-1,-1
154,-1,1035,333,1256,495,0.9713487029075623,-1,-1,-1
154,-1,522,258,706,406,0.952348530292511,-1,-1,-1
155,-1,782,226,1032,422,0.9917104840278625,-1,-1,-1
155,-1,1206,350,1595,558,0.9794776439666748,-1,-1,-1
155,-1,1378,474,1889,811,0.9753060340881348,-1,-1,-1
155,-1,1035,333,1256,495,0.9714428186416626,-1,-1,-1
155,-1,534,270,715,407,0.9678187966346741,-1,-1,-1
156,-1,784,227,1035,423,0.9912706613540649,-1,-1,-1
156,-1,1207,350,1591,559,0.9837853908538818,-1,-1,-1
156,-1,543,273,728,411,0.9824379086494446,-1,-1,-1
156,-1,1386,480,1896,813,0.9744972586631775,-1,-1,-1
156,-1,1035,333,1257,496,0.9699977040290833,-1,-1,-1
157,-1,787,228,1039,425,0.9916014075279236,-1,-1,-1
157,-1,1204,342,1589,561,0.9835159182548523,-1,-1,-1
157,-1,551,274,738,418,0.9799598455429077,-1,-1,-1
157,-1,1393,481,1905,816,0.9739863872528076,-1,-1,-1
157,-1,1036,333,1258,496,0.96413254737854,-1,-1,-1
158,-1,788,229,1041,424,0.9908555746078491,-1,-1,-1
158,-1,1200,349,1596,566,0.9814901947975159,-1,-1,-1
158,-1,561,276,754,423,0.981021523475647,-1,-1,-1
158,-1,1403,484,1912,821,0.970758318901062,-1,-1,-1
158,-1,1036,333,1256,496,0.9513317942619324,-1,-1,-1
159,-1,789,230,1044,425,0.9896330833435059,-1,-1,-1
159,-1,1207,346,1594,563,0.9815731048583984,-1,-1,-1
159,-1,1404,484,1920,828,0.9690183997154236,-1,-1,-1
159,-1,1036,334,1257,497,0.9392143487930298,-1,-1,-1
159,-1,569,276,760,429,0.9305770993232727,-1,-1,-1
160,-1,790,230,1045,425,0.9897498488426208,-1,-1,-1
160,-1,1207,351,1599,568,0.982122540473938,-1,-1,-1
160,-1,1407,483,1920,830,0.9722937345504761,-1,-1,-1
160,-1,1036,334,1260,497,0.940050482749939,-1,-1,-1
160,-1,580,281,774,437,0.9336466789245605,-1,-1,-1
161,-1,797,232,1044,424,0.9904728531837463,-1,-1,-1
161,-1,1213,352,1600,568,0.9806082248687744,-1,-1,-1
161,-1,1036,334,1262,498,0.9581172466278076,-1,-1,-1
161,-1,1414,482,1920,834,0.9537215828895569,-1,-1,-1
161,-1,578,286,789,438,0.9241762161254883,-1,-1,-1
162,-1,799,232,1046,424,0.9904858469963074,-1,-1,-1
162,-1,1225,354,1612,568,0.9821557402610779,-1,-1,-1
162,-1,1041,338,1267,494,0.9726865291595459,-1,-1,-1
162,-1,1430,485,1920,837,0.9373906850814819,-1,-1,-1
162,-1,587,290,802,444,0.6705631017684937,-1,-1,-1
163,-1,795,231,1050,427,0.9877356886863708,-1,-1,-1
163,-1,1042,336,1265,497,0.9813019633293152,-1,-1,-1
163,-1,1226,353,1616,569,0.981257438659668,-1,-1,-1
163,-1,1431,493,1920,841,0.9188896417617798,-1,-1,-1
163,-1,607,293,817,451,0.7460678815841675,-1,-1,-1
164,-1,1037,344,1278,495,0.9885128736495972,-1,-1,-1
164,-1,796,231,1051,428,0.9860007166862488,-1,-1,-1
164,-1,1220,352,1617,572,0.9824765920639038,-1,-1,-1
164,-1,623,298,823,456,0.965921938419342,-1,-1,-1
164,-1,1443,493,1920,845,0.8341414928436279,-1,-1,-1
165,-1,1038,344,1282,495,0.9838275909423828,-1,-1,-1
165,-1,798,231,1052,429,0.9833077192306519,-1,-1,-1
165,-1,1231,354,1623,574,0.9818210005760193,-1,-1,-1
165,-1,630,305,836,462,0.9451592564582825,-1,-1,-1
165,-1,1453,494,1920,845,0.7914053797721863,-1,-1,-1
165,-1,1026,288,1236,387,0.6246736645698547,-1,-1,-1
166,-1,1036,344,1285,495,0.9835508465766907,-1,-1,-1
166,-1,1231,356,1634,573,0.983076810836792,-1,-1,-1
166,-1,803,229,1048,435,0.9759936928749084,-1,-1,-1
166,-1,648,305,847,468,0.9468662142753601,-1,-1,-1
166,-1,1450,497,1920,849,0.7699652910232544,-1,-1,-1
166,-1,1013,281,1206,384,0.6915354132652283,-1,-1,-1
167,-1,1228,358,1630,574,0.9904114603996277,-1,-1,-1
167,-1,1036,344,1288,496,0.9833889007568359,-1,-1,-1
167,-1,802,230,1048,431,0.9614638686180115,-1,-1,-1
167,-1,642,309,861,469,0.9557327628135681,-1,-1,-1
167,-1,1465,502,1920,852,0.7282854318618774,-1,-1,-1
167,-1,1003,275,1175,384,0.6554258465766907,-1,-1,-1
168,-1,1239,357,1642,575,0.9893839955329895,-1,-1,-1
168,-1,654,312,881,474,0.9856739640235901,-1,-1,-1
168,-1,1034,343,1291,496,0.9848423004150391,-1,-1,-1
168,-1,801,229,1051,431,0.9484784603118896,-1,-1,-1
168,-1,997,270,1148,378,0.7183480858802795,-1,-1,-1
169,-1,658,313,886,478,0.991070032119751,-1,-1,-1
169,-1,1245,360,1649,577,0.9859384894371033,-1,-1,-1
169,-1,1034,342,1295,496,0.9820201992988586,-1,-1,-1
169,-1,806,230,1059,429,0.9433484077453613,-1,-1,-1
169,-1,1602,351,1898,501,0.9182245135307312,-1,-1,-1
170,-1,674,318,895,484,0.991821825504303,-1,-1,-1
170,-1,1250,361,1656,580,0.9857015609741211,-1,-1,-1
170,-1,1049,335,1288,499,0.9833256006240845,-1,-1,-1
170,-1,808,229,1060,430,0.9092352390289307,-1,-1,-1
170,-1,1568,337,1856,492,0.8495972156524658,-1,-1,-1
171,-1,683,320,918,488,0.9906083345413208,-1,-1,-1
171,-1,1259,360,1662,585,0.9894090890884399,-1,-1,-1
171,-1,1030,342,1302,497,0.9880064129829407,-1,-1,-1
171,-1,809,231,1063,431,0.8956194519996643,-1,-1,-1
171,-1,1546,333,1809,480,0.760712206363678,-1,-1,-1
172,-1,693,326,929,493,0.9919068813323975,-1,-1,-1
172,-1,1262,356,1669,585,0.9896435737609863,-1,-1,-1
172,-1,1052,341,1311,498,0.9825491905212402,-1,-1,-1
172,-1,807,230,1065,428,0.8327957391738892,-1,-1,-1
173,-1,702,326,945,499,0.9916790127754211,-1,-1,-1
173,-1,1046,342,1310,499,0.9858740568161011,-1,-1,-1
173,-1,1264,359,1683,591,0.9832162261009216,-1,-1,-1
173,-1,807,230,1065,430,0.7118573188781738,-1,-1,-1
174,-1,715,329,952,504,0.9928412437438965,-1,-1,-1
174,-1,1047,342,1311,499,0.9878436326980591,-1,-1,-1
174,-1,1275,359,1697,593,0.9847294688224792,-1,-1,-1
175,-1,718,331,975,508,0.9929245710372925,-1,-1,-1
175,-1,1047,342,1312,499,0.9885293841362,-1,-1,-1
175,-1,1273,359,1702,596,0.9862469434738159,-1,-1,-1
176,-1,735,334,980,508,0.9923849105834961,-1,-1,-1
176,-1,1048,340,1314,498,0.9908179044723511,-1,-1,-1
176,-1,1291,369,1710,598,0.9784013628959656,-1,-1,-1
177,-1,744,335,1004,514,0.9933136105537415,-1,-1,-1
177,-1,1047,344,1317,500,0.9898741245269775,-1,-1,-1
177,-1,1302,363,1721,603,0.9824327230453491,-1,-1,-1
178,-1,754,340,1018,520,0.99365234375,-1,-1,-1
178,-1,1046,345,1320,501,0.9898772835731506,-1,-1,-1
178,-1,1297,369,1731,602,0.9868707060813904,-1,-1,-1
179,-1,764,345,1034,526,0.9933581948280334,-1,-1,-1
179,-1,1052,343,1324,501,0.990290105342865,-1,-1,-1
179,-1,1302,362,1744,606,0.9815409183502197,-1,-1,-1
179,-1,1285,296,1519,421,0.7970280647277832,-1,-1,-1
180,-1,779,349,1046,529,0.9959589838981628,-1,-1,-1
180,-1,1055,343,1327,503,0.9901002049446106,-1,-1,-1
180,-1,1318,371,1755,608,0.9876217246055603,-1,-1,-1
180,-1,1263,290,1489,416,0.932031512260437,-1,-1,-1
181,-1,788,353,1065,533,0.9946751594543457,-1,-1,-1
181,-1,1055,342,1330,503,0.9880521297454834,-1,-1,-1
181,-1,1327,374,1760,616,0.9872704744338989,-1,-1,-1
181,-1,1237,287,1462,413,0.964695155620575,-1,-1,-1
181,-1,723,221,865,318,0.8194088339805603,-1,-1,-1
181,-1,234,140,332,224,0.7280173897743225,-1,-1,-1
182,-1,798,349,1085,541,0.99440997838974,-1,-1,-1
182,-1,1060,344,1335,504,0.9903630614280701,-1,-1,-1
182,-1,1330,376,1774,607,0.9845083951950073,-1,-1,-1
182,-1,710,218,858,316,0.9794511198997498,-1,-1,-1
182,-1,1214,284,1432,409,0.9598151445388794,-1,-1,-1
182,-1,235,142,335,225,0.790238082408905,-1,-1,-1
182,-1,816,232,1068,412,0.6196256279945374,-1,-1,-1
183,-1,813,353,1097,544,0.9943112134933472,-1,-1,-1
183,-1,694,214,845,311,0.9941197633743286,-1,-1,-1
183,-1,1068,344,1336,506,0.9931952953338623,-1,-1,-1
183,-1,1332,375,1772,613,0.9860249161720276,-1,-1,-1
183,-1,1194,280,1403,402,0.9275610446929932,-1,-1,-1
183,-1,235,144,340,227,0.890827476978302,-1,-1,-1
183,-1,816,233,1068,409,0.6582002639770508,-1,-1,-1
184,-1,824,345,1113,551,0.9932386875152588,-1,-1,-1
184,-1,683,211,829,307,0.9914336204528809,-1,-1,-1
184,-1,1072,344,1341,507,0.9895440340042114,-1,-1,-1
184,-1,1341,376,1783,615,0.9842225909233093,-1,-1,-1
184,-1,236,145,346,229,0.9055537581443787,-1,-1,-1
184,-1,1174,274,1378,395,0.7938750982284546,-1,-1,-1
184,-1,817,232,1069,409,0.6553471088409424,-1,-1,-1
185,-1,669,208,814,304,0.9939863681793213,-1,-1,-1
185,-1,832,344,1129,559,0.9883148670196533,-1,-1,-1
185,-1,1071,346,1346,505,0.9857664108276367,-1,-1,-1
185,-1,1362,375,1797,620,0.9848390817642212,-1,-1,-1
185,-1,243,145,346,229,0.8763306736946106,-1,-1,-1
185,-1,1152,272,1352,389,0.8619490265846252,-1,-1,-1
185,-1,814,233,1069,408,0.7902437448501587,-1,-1,-1
186,-1,661,209,799,300,0.9932749271392822,-1,-1,-1
186,-1,848,359,1153,567,0.9910120964050293,-1,-1,-1
186,-1,1364,378,1802,621,0.9861905574798584,-1,-1,-1
186,-1,1078,345,1354,506,0.9791066646575928,-1,-1,-1
186,-1,1124,269,1329,385,0.918078601360321,-1,-1,-1
186,-1,818,231,1072,413,0.8950439691543579,-1,-1,-1
186,-1,245,148,350,233,0.8625167012214661,-1,-1,-1
187,-1,851,364,1169,569,0.9915909767150879,-1,-1,-1
187,-1,654,206,783,294,0.9880123138427734,-1,-1,-1
187,-1,1368,380,1810,622,0.9848042726516724,-1,-1,-1
187,-1,1085,348,1363,509,0.96087247133255,-1,-1,-1
187,-1,251,148,353,236,0.9541323781013489,-1,-1,-1
187,-1,1107,263,1302,380,0.950090765953064,-1,-1,-1
187,-1,818,234,1077,414,0.9291646480560303,-1,-1,-1
188,-1,647,202,771,292,0.9899054169654846,-1,-1,-1
188,-1,868,371,1186,576,0.9890162348747253,-1,-1,-1
188,-1,1371,382,1816,622,0.9864835143089294,-1,-1,-1
188,-1,819,233,1076,416,0.9664514064788818,-1,-1,-1
188,-1,1088,260,1280,375,0.9616132378578186,-1,-1,-1
188,-1,252,149,358,237,0.9353650212287903,-1,-1,-1
188,-1,1091,343,1362,511,0.9299197793006897,-1,-1,-1
189,-1,876,371,1203,582,0.9892463088035583,-1,-1,-1
189,-1,1382,382,1821,623,0.9870247840881348,-1,-1,-1
189,-1,638,198,760,290,0.9801385402679443,-1,-1,-1
189,-1,1074,256,1260,369,0.9654061198234558,-1,-1,-1
189,-1,815,233,1073,423,0.9643352627754211,-1,-1,-1
189,-1,259,152,366,239,0.812018871307373,-1,-1,-1
189,-1,1096,350,1377,514,0.7289292216300964,-1,-1,-1
190,-1,617,194,749,288,0.9884282946586609,-1,-1,-1
190,-1,889,372,1217,588,0.9874167442321777,-1,-1,-1
190,-1,1389,383,1827,626,0.9846150279045105,-1,-1,-1
190,-1,816,231,1079,421,0.9674980640411377,-1,-1,-1
190,-1,1053,253,1236,365,0.9616180658340454,-1,-1,-1
190,-1,261,155,365,241,0.7719939351081848,-1,-1,-1
191,-1,905,375,1240,595,0.9872883558273315,-1,-1,-1
191,-1,1399,386,1835,628,0.985479474067688,-1,-1,-1
191,-1,597,196,732,284,0.9848360419273376,-1,-1,-1
191,-1,822,232,1083,429,0.9734413027763367,-1,-1,-1
191,-1,1034,250,1218,360,0.8573936223983765,-1,-1,-1
191,-1,266,157,374,242,0.7081500887870789,-1,-1,-1
191,-1,1114,353,1397,519,0.689400851726532,-1,-1,-1
192,-1,920,380,1250,601,0.9937166571617126,-1,-1,-1
192,-1,1400,386,1853,634,0.9837560653686523,-1,-1,-1
192,-1,824,231,1087,433,0.975142776966095,-1,-1,-1
192,-1,591,191,722,277,0.9404629468917847,-1,-1,-1
192,-1,269,157,386,248,0.7018473744392395,-1,-1,-1
193,-1,929,385,1274,605,0.9910066723823547,-1,-1,-1
193,-1,1401,388,1856,637,0.9846585988998413,-1,-1,-1
193,-1,827,234,1090,433,0.976252555847168,-1,-1,-1
193,-1,581,187,707,275,0.9631672501564026,-1,-1,-1
193,-1,274,159,396,253,0.8924683332443237,-1,-1,-1
194,-1,940,390,1288,614,0.990261971950531,-1,-1,-1
194,-1,1405,390,1865,639,0.9816727042198181,-1,-1,-1
194,-1,831,236,1099,432,0.9798041582107544,-1,-1,-1
194,-1,278,161,398,255,0.9706022143363953,-1,-1,-1
194,-1,573,185,680,270,0.8936218619346619,-1,-1,-1
195,-1,958,394,1302,619,0.9932738542556763,-1,-1,-1
195,-1,831,235,1099,435,0.9833652377128601,-1,-1,-1
195,-1,1411,391,1870,641,0.9819596409797668,-1,-1,-1
195,-1,564,181,678,269,0.9777663946151733,-1,-1,-1
195,-1,284,163,399,259,0.9713844656944275,-1,-1,-1
196,-1,966,392,1327,624,0.9917147755622864,-1,-1,-1
196,-1,555,180,675,268,0.9878316521644592,-1,-1,-1
196,-1,829,233,1095,436,0.9877845048904419,-1,-1,-1
196,-1,1415,393,1874,640,0.984765887260437,-1,-1,-1
196,-1,288,164,401,259,0.9563625454902649,-1,-1,-1
197,-1,976,397,1335,631,0.9933562874794006,-1,-1,-1
197,-1,833,231,1096,437,0.9905851483345032,-1,-1,-1
197,-1,1418,396,1879,642,0.9857484698295593,-1,-1,-1
197,-1,548,181,662,267,0.9849686622619629,-1,-1,-1
197,-1,293,164,408,264,0.983744740486145,-1,-1,-1
198,-1,986,396,1353,638,0.9930408000946045,-1,-1,-1
198,-1,831,234,1096,439,0.9900033473968506,-1,-1,-1
198,-1,540,180,655,264,0.9878981709480286,-1,-1,-1
198,-1,1420,396,1885,644,0.9853112697601318,-1,-1,-1
198,-1,298,163,414,265,0.96927410364151,-1,-1,-1
199,-1,1015,404,1380,640,0.9916070699691772,-1,-1,-1
199,-1,833,233,1099,439,0.9907563328742981,-1,-1,-1
199,-1,1422,396,1890,647,0.9837364554405212,-1,-1,-1
199,-1,531,177,646,263,0.9787004590034485,-1,-1,-1
199,-1,305,166,416,270,0.9458122253417969,-1,-1,-1
200,-1,1018,407,1399,647,0.9948295950889587,-1,-1,-1
200,-1,833,233,1101,440,0.9904481768608093,-1,-1,-1
200,-1,1428,398,1896,647,0.9841446876525879,-1,-1,-1
200,-1,524,177,640,260,0.9431939721107483,-1,-1,-1
200,-1,308,169,426,269,0.9354191422462463,-1,-1,-1
201,-1,1028,412,1414,652,0.992563784122467,-1,-1,-1
201,-1,834,232,1102,438,0.991811990737915,-1,-1,-1
201,-1,1429,398,1899,648,0.9878589510917664,-1,-1,-1
201,-1,310,171,433,272,0.9815915822982788,-1,-1,-1
201,-1,515,175,631,257,0.9694837927818298,-1,-1,-1
202,-1,1043,415,1427,657,0.9943287968635559,-1,-1,-1
202,-1,836,229,1104,438,0.992109477519989,-1,-1,-1
202,-1,1436,396,1903,654,0.9850841164588928,-1,-1,-1
202,-1,508,172,621,255,0.9552797675132751,-1,-1,-1
202,-1,317,177,438,275,0.9494448304176331,-1,-1,-1
203,-1,1047,420,1453,666,0.9940025210380554,-1,-1,-1
203,-1,840,232,1108,442,0.9915717840194702,-1,-1,-1
203,-1,1436,396,1911,654,0.9835548996925354,-1,-1,-1
203,-1,321,180,447,277,0.9703887701034546,-1,-1,-1
203,-1,501,170,617,249,0.9286311268806458,-1,-1,-1
204,-1,1064,421,1464,669,0.9958808422088623,-1,-1,-1
204,-1,842,236,1111,444,0.9925122261047363,-1,-1,-1
204,-1,1442,397,1912,656,0.985185444355011,-1,-1,-1
204,-1,329,180,454,280,0.9810736179351807,-1,-1,-1
204,-1,492,166,603,249,0.9463552236557007,-1,-1,-1
205,-1,1079,425,1483,676,0.9931163787841797,-1,-1,-1
205,-1,844,236,1113,446,0.9927132725715637,-1,-1,-1
205,-1,337,180,462,282,0.9820484519004822,-1,-1,-1
205,-1,1454,396,1919,655,0.9786352515220642,-1,-1,-1
205,-1,486,167,596,247,0.9358563423156738,-1,-1,-1
206,-1,846,238,1115,446,0.9935664534568787,-1,-1,-1
206,-1,1088,426,1500,682,0.993236243724823,-1,-1,-1
206,-1,342,185,468,286,0.9907913208007812,-1,-1,-1
206,-1,1460,397,1919,656,0.9798346161842346,-1,-1,-1
206,-1,481,165,586,245,0.8669459223747253,-1,-1,-1
207,-1,848,236,1118,447,0.9934470057487488,-1,-1,-1
207,-1,1105,420,1509,686,0.9930665493011475,-1,-1,-1
207,-1,345,187,477,290,0.9926230907440186,-1,-1,-1
207,-1,1469,396,1920,660,0.9755992293357849,-1,-1,-1
207,-1,474,165,578,241,0.7823266386985779,-1,-1,-1
208,-1,349,188,481,292,0.994407057762146,-1,-1,-1
208,-1,849,235,1121,448,0.9930981993675232,-1,-1,-1
208,-1,1114,427,1523,696,0.9922267198562622,-1,-1,-1
208,-1,1465,398,1920,659,0.9687133431434631,-1,-1,-1
208,-1,780,202,921,295,0.7883434295654297,-1,-1,-1
208,-1,466,165,572,239,0.7863860726356506,-1,-1,-1
209,-1,354,190,488,297,0.9958776235580444,-1,-1,-1
209,-1,850,236,1124,448,0.9925528168678284,-1,-1,-1
209,-1,1128,435,1543,702,0.9912920594215393,-1,-1,-1
209,-1,769,202,909,295,0.9871883392333984,-1,-1,-1
209,-1,1486,399,1920,668,0.9494737386703491,-1,-1,-1
210,-1,358,190,496,299,0.9960477948188782,-1,-1,-1
210,-1,1153,442,1559,700,0.9936121106147766,-1,-1,-1
210,-1,854,237,1132,448,0.9918510317802429,-1,-1,-1
210,-1,756,195,897,293,0.9842345118522644,-1,-1,-1
210,-1,1497,402,1919,669,0.8891903758049011,-1,-1,-1
211,-1,363,193,506,303,0.9943218231201172,-1,-1,-1
211,-1,1144,440,1584,707,0.9929989576339722,-1,-1,-1
211,-1,863,237,1138,450,0.9918175339698792,-1,-1,-1
211,-1,747,194,883,291,0.990734338760376,-1,-1,-1
211,-1,1497,407,1918,670,0.7024776339530945,-1,-1,-1
212,-1,370,194,510,307,0.995169460773468,-1,-1,-1
212,-1,1161,445,1595,720,0.9928721785545349,-1,-1,-1
212,-1,867,236,1142,452,0.9918516278266907,-1,-1,-1
212,-1,732,192,871,287,0.9909701347351074,-1,-1,-1
212,-1,1515,412,1920,668,0.600214421749115,-1,-1,-1
213,-1,378,195,514,311,0.9955282807350159,-1,-1,-1
213,-1,1181,450,1602,724,0.9930796027183533,-1,-1,-1
213,-1,870,237,1146,455,0.9915944933891296,-1,-1,-1
213,-1,723,189,858,284,0.9912177920341492,-1,-1,-1
214,-1,383,199,525,313,0.9956389665603638,-1,-1,-1
214,-1,1189,453,1610,728,0.9926935434341431,-1,-1,-1
214,-1,873,241,1148,455,0.9903179407119751,-1,-1,-1
214,-1,712,188,846,282,0.9894722104072571,-1,-1,-1
215,-1,387,200,535,316,0.9961754083633423,-1,-1,-1
215,-1,1194,450,1653,727,0.9925577640533447,-1,-1,-1
215,-1,875,239,1155,456,0.9914218783378601,-1,-1,-1
215,-1,702,186,834,281,0.9889119863510132,-1,-1,-1
216,-1,394,204,547,321,0.9961297512054443,-1,-1,-1
216,-1,1209,455,1663,736,0.9932957291603088,-1,-1,-1
216,-1,879,246,1160,457,0.9921299815177917,-1,-1,-1
216,-1,693,183,822,276,0.9861239194869995,-1,-1,-1
217,-1,398,204,552,325,0.9955295920372009,-1,-1,-1
217,-1,880,241,1162,458,0.9926676154136658,-1,-1,-1
217,-1,1219,455,1681,738,0.9922977089881897,-1,-1,-1
217,-1,680,182,810,273,0.9909564852714539,-1,-1,-1
218,-1,407,208,561,327,0.9942432045936584,-1,-1,-1
218,-1,884,243,1165,460,0.9926826357841492,-1,-1,-1
218,-1,673,181,801,271,0.9914391040802002,-1,-1,-1
218,-1,1228,455,1700,744,0.9912841320037842,-1,-1,-1
219,-1,415,209,570,332,0.9954156875610352,-1,-1,-1
219,-1,889,243,1170,461,0.9920399188995361,-1,-1,-1
219,-1,1239,458,1711,753,0.9900863766670227,-1,-1,-1
219,-1,664,179,790,269,0.988792359828949,-1,-1,-1
220,-1,423,211,580,336,0.9956733584403992,-1,-1,-1
220,-1,893,241,1177,463,0.9918082356452942,-1,-1,-1
220,-1,1249,455,1719,755,0.9915809035301208,-1,-1,-1
220,-1,655,178,777,270,0.9777970314025879,-1,-1,-1
221,-1,431,215,591,338,0.9963473677635193,-1,-1,-1
221,-1,895,245,1184,464,0.9926453828811646,-1,-1,-1
221,-1,1261,461,1734,761,0.9920318126678467,-1,-1,-1
221,-1,657,178,765,264,0.9734733700752258,-1,-1,-1
222,-1,437,214,599,344,0.9969385862350464,-1,-1,-1
222,-1,898,246,1190,464,0.9911419153213501,-1,-1,-1
222,-1,1272,465,1745,766,0.9899134635925293,-1,-1,-1
222,-1,652,178,756,263,0.942859947681427,-1,-1,-1
223,-1,444,219,610,347,0.9967426657676697,-1,-1,-1
223,-1,906,245,1192,467,0.991142988204956,-1,-1,-1
223,-1,1277,468,1775,773,0.9880879521369934,-1,-1,-1
223,-1,645,178,748,262,0.7537145018577576,-1,-1,-1
224,-1,452,221,616,352,0.9961912631988525,-1,-1,-1
224,-1,910,246,1197,468,0.9897631406784058,-1,-1,-1
224,-1,1294,471,1790,777,0.9874333739280701,-1,-1,-1
224,-1,625,172,739,257,0.953015148639679,-1,-1,-1
225,-1,461,224,618,357,0.9957734942436218,-1,-1,-1
225,-1,911,247,1208,470,0.9905365109443665,-1,-1,-1
225,-1,1306,475,1795,782,0.9859666228294373,-1,-1,-1
225,-1,617,171,728,255,0.8939226865768433,-1,-1,-1
226,-1,471,226,627,364,0.995582640171051,-1,-1,-1
226,-1,915,247,1211,472,0.9902997016906738,-1,-1,-1
226,-1,1319,476,1812,789,0.9806423783302307,-1,-1,-1
226,-1,614,175,720,251,0.6674509048461914,-1,-1,-1
227,-1,476,231,648,366,0.9954128861427307,-1,-1,-1
227,-1,917,241,1215,474,0.9888318777084351,-1,-1,-1
227,-1,1325,481,1835,795,0.9888303875923157,-1,-1,-1
227,-1,1291,398,1628,545,0.6112751960754395,-1,-1,-1
228,-1,483,234,659,369,0.9936258792877197,-1,-1,-1
228,-1,922,247,1226,474,0.988473117351532,-1,-1,-1
228,-1,1332,481,1849,801,0.9846854209899902,-1,-1,-1
228,-1,1311,399,1645,545,0.6273768544197083,-1,-1,-1
229,-1,491,239,674,376,0.9955097436904907,-1,-1,-1
229,-1,1351,486,1863,802,0.9888762831687927,-1,-1,-1
229,-1,930,250,1218,481,0.9883253574371338,-1,-1,-1
229,-1,1312,401,1653,547,0.7270419001579285,-1,-1,-1
230,-1,498,238,681,381,0.9959232807159424,-1,-1,-1
230,-1,930,248,1231,478,0.9901245832443237,-1,-1,-1
230,-1,1357,485,1877,812,0.9869351387023926,-1,-1,-1
230,-1,1319,403,1661,547,0.7802779078483582,-1,-1,-1
231,-1,509,245,685,383,0.9921014904975891,-1,-1,-1
231,-1,1373,487,1888,814,0.9905597567558289,-1,-1,-1
231,-1,931,247,1235,478,0.989775538444519,-1,-1,-1
231,-1,567,162,672,239,0.6180248856544495,-1,-1,-1
232,-1,518,244,716,387,0.9950200319290161,-1,-1,-1
232,-1,935,248,1239,481,0.9909132719039917,-1,-1,-1
232,-1,1385,493,1903,820,0.9799394607543945,-1,-1,-1
232,-1,1334,406,1681,559,0.7763689160346985,-1,-1,-1
233,-1,524,250,727,392,0.9953031539916992,-1,-1,-1
233,-1,936,248,1243,481,0.9899991154670715,-1,-1,-1
233,-1,1394,492,1918,830,0.9819788336753845,-1,-1,-1
233,-1,1354,407,1703,560,0.7751171588897705,-1,-1,-1
233,-1,552,160,656,238,0.7679363489151001,-1,-1,-1
234,-1,537,252,743,401,0.9928870797157288,-1,-1,-1
234,-1,942,246,1243,482,0.9901464581489563,-1,-1,-1
234,-1,1405,494,1920,834,0.9857648015022278,-1,-1,-1
234,-1,548,159,653,237,0.8149842023849487,-1,-1,-1
234,-1,1357,411,1714,565,0.7192445993423462,-1,-1,-1
235,-1,548,254,758,407,0.9913780689239502,-1,-1,-1
235,-1,943,249,1249,483,0.9896231293678284,-1,-1,-1
235,-1,1413,496,1920,838,0.9750218391418457,-1,-1,-1
235,-1,542,157,647,236,0.6872828006744385,-1,-1,-1
236,-1,565,260,771,412,0.9926661849021912,-1,-1,-1
236,-1,945,250,1256,483,0.989738404750824,-1,-1,-1
236,-1,1429,503,1920,843,0.9675304293632507,-1,-1,-1
236,-1,1384,418,1736,568,0.7885358333587646,-1,-1,-1
237,-1,948,250,1258,484,0.990909993648529,-1,-1,-1
237,-1,575,263,788,414,0.9890794157981873,-1,-1,-1
237,-1,1428,506,1920,846,0.9420168995857239,-1,-1,-1
237,-1,1394,417,1756,576,0.7221449613571167,-1,-1,-1
238,-1,584,267,802,422,0.9930521249771118,-1,-1,-1
238,-1,947,252,1260,484,0.9904270172119141,-1,-1,-1
238,-1,1451,509,1920,854,0.9163761138916016,-1,-1,-1
239,-1,950,252,1263,484,0.9909789562225342,-1,-1,-1
239,-1,590,273,821,431,0.9870049953460693,-1,-1,-1
239,-1,1465,508,1920,860,0.8295513391494751,-1,-1,-1
240,-1,953,254,1266,487,0.9907445311546326,-1,-1,-1
240,-1,594,281,831,436,0.988652765750885,-1,-1,-1
240,-1,1474,509,1920,863,0.655390202999115,-1,-1,-1
241,-1,957,254,1271,485,0.9919678568840027,-1,-1,-1
241,-1,626,283,844,449,0.9894232153892517,-1,-1,-1
242,-1,959,255,1276,487,0.9907404184341431,-1,-1,-1
242,-1,634,291,865,451,0.988654613494873,-1,-1,-1
243,-1,656,288,878,459,0.9920784831047058,-1,-1,-1
243,-1,962,255,1278,487,0.9906697273254395,-1,-1,-1
244,-1,965,254,1280,487,0.9924187660217285,-1,-1,-1
244,-1,648,296,899,460,0.9913601279258728,-1,-1,-1
245,-1,660,297,914,469,0.9929654598236084,-1,-1,-1
245,-1,966,254,1281,493,0.9903603792190552,-1,-1,-1
246,-1,670,299,933,477,0.993945300579071,-1,-1,-1
246,-1,972,255,1288,494,0.9901502132415771,-1,-1,-1
247,-1,684,304,942,482,0.9940621256828308,-1,-1,-1
247,-1,972,257,1289,490,0.9910240173339844,-1,-1,-1
248,-1,692,307,969,490,0.9940325617790222,-1,-1,-1
248,-1,974,257,1291,490,0.9911735653877258,-1,-1,-1
249,-1,702,309,993,498,0.9941653609275818,-1,-1,-1
249,-1,976,257,1294,493,0.9897415637969971,-1,-1,-1
250,-1,717,312,1012,502,0.9922091960906982,-1,-1,-1
250,-1,982,259,1299,494,0.9903704524040222,-1,-1,-1
251,-1,728,312,1029,506,0.9929555654525757,-1,-1,-1
251,-1,987,260,1301,496,0.9905439019203186,-1,-1,-1
252,-1,745,318,1051,513,0.9923145174980164,-1,-1,-1
252,-1,995,265,1299,496,0.9890361428260803,-1,-1,-1
253,-1,762,324,1067,517,0.9909695982933044,-1,-1,-1
253,-1,1002,263,1302,498,0.9768243432044983,-1,-1,-1
254,-1,771,329,1093,524,0.9898661971092224,-1,-1,-1
254,-1,999,260,1312,499,0.9667055010795593,-1,-1,-1
255,-1,783,327,1102,535,0.9903010129928589,-1,-1,-1
255,-1,994,258,1320,500,0.9512848854064941,-1,-1,-1
256,-1,801,334,1127,541,0.9879924058914185,-1,-1,-1
256,-1,1002,257,1326,499,0.9148574471473694,-1,-1,-1
257,-1,818,336,1150,551,0.9903236627578735,-1,-1,-1
257,-1,1009,259,1335,507,0.9103119969367981,-1,-1,-1
258,-1,845,341,1167,550,0.9891144037246704,-1,-1,-1
258,-1,1012,258,1335,509,0.8182772994041443,-1,-1,-1
259,-1,848,344,1194,565,0.9927440881729126,-1,-1,-1
259,-1,1547,448,1904,645,0.758542537689209,-1,-1,-1
260,-1,872,359,1203,568,0.992210865020752,-1,-1,-1
260,-1,1547,448,1907,645,0.8157771825790405,-1,-1,-1
261,-1,874,355,1233,579,0.9964632391929626,-1,-1,-1
261,-1,1545,450,1911,650,0.7768849730491638,-1,-1,-1
262,-1,894,356,1260,586,0.9946833252906799,-1,-1,-1
262,-1,1546,449,1911,650,0.9169602394104004,-1,-1,-1
263,-1,911,362,1291,593,0.9946957230567932,-1,-1,-1
263,-1,1545,450,1919,655,0.9150441884994507,-1,-1,-1
264,-1,916,367,1290,604,0.9952346682548523,-1,-1,-1
264,-1,1547,450,1920,659,0.9379035234451294,-1,-1,-1
265,-1,930,370,1320,607,0.9954362511634827,-1,-1,-1
265,-1,1548,450,1920,663,0.9241402745246887,-1,-1,-1
266,-1,949,376,1351,618,0.9947499632835388,-1,-1,-1
266,-1,1548,448,1920,666,0.9250633120536804,-1,-1,-1
267,-1,964,378,1375,625,0.994688868522644,-1,-1,-1
267,-1,1548,449,1920,668,0.939937949180603,-1,-1,-1
268,-1,981,385,1397,629,0.9954187870025635,-1,-1,-1
268,-1,1548,451,1920,669,0.947333812713623,-1,-1,-1
269,-1,985,387,1421,642,0.9928194880485535,-1,-1,-1
269,-1,1548,453,1920,670,0.9482042789459229,-1,-1,-1
269,-1,1581,351,1909,495,0.7886776328086853,-1,-1,-1
270,-1,1005,393,1438,651,0.9930991530418396,-1,-1,-1
270,-1,1551,342,1871,488,0.9486197829246521,-1,-1,-1
270,-1,1547,452,1920,671,0.9349989891052246,-1,-1,-1
271,-1,1023,394,1464,656,0.9942452311515808,-1,-1,-1
271,-1,1509,333,1830,482,0.9688888788223267,-1,-1,-1
271,-1,1546,455,1920,672,0.9304720163345337,-1,-1,-1
272,-1,1035,398,1481,661,0.99605393409729,-1,-1,-1
272,-1,1481,330,1786,477,0.970684826374054,-1,-1,-1
272,-1,1548,454,1920,672,0.9245771169662476,-1,-1,-1
273,-1,1050,402,1508,668,0.9955606460571289,-1,-1,-1
273,-1,1448,329,1747,474,0.9746878147125244,-1,-1,-1
273,-1,1548,453,1920,672,0.9188318848609924,-1,-1,-1
274,-1,1060,406,1526,677,0.9951983094215393,-1,-1,-1
274,-1,1417,322,1710,463,0.9736161828041077,-1,-1,-1
274,-1,1548,452,1920,673,0.8808678984642029,-1,-1,-1
275,-1,1081,410,1546,685,0.9923351407051086,-1,-1,-1
275,-1,1386,313,1664,453,0.9264286756515503,-1,-1,-1
275,-1,1547,452,1920,673,0.875503420829773,-1,-1,-1
276,-1,1094,411,1564,693,0.9881396293640137,-1,-1,-1
276,-1,1547,451,1920,673,0.8639705777168274,-1,-1,-1
276,-1,1379,307,1622,450,0.7798181176185608,-1,-1,-1
277,-1,1115,421,1585,697,0.9895271062850952,-1,-1,-1
277,-1,1550,453,1920,678,0.8792431354522705,-1,-1,-1
277,-1,1367,308,1585,440,0.6635227799415588,-1,-1,-1
278,-1,1122,423,1601,714,0.9879561066627502,-1,-1,-1
278,-1,1551,451,1920,673,0.8660635352134705,-1,-1,-1
279,-1,1138,415,1623,716,0.9802427887916565,-1,-1,-1
280,-1,1142,423,1643,715,0.9873650670051575,-1,-1,-1
281,-1,1155,428,1661,723,0.9859074354171753,-1,-1,-1
281,-1,1081,278,1458,512,0.8554555177688599,-1,-1,-1
282,-1,1165,435,1685,731,0.9843465089797974,-1,-1,-1
282,-1,1084,277,1460,516,0.8326682448387146,-1,-1,-1
283,-1,1178,430,1706,737,0.9887019395828247,-1,-1,-1
283,-1,1086,277,1465,518,0.937004029750824,-1,-1,-1
284,-1,1189,441,1730,745,0.9884379506111145,-1,-1,-1
284,-1,1090,277,1468,521,0.9681068658828735,-1,-1,-1
285,-1,1206,447,1756,750,0.9881740808486938,-1,-1,-1
285,-1,1091,278,1473,526,0.9750708937644958,-1,-1,-1
286,-1,1226,450,1771,756,0.9801953434944153,-1,-1,-1
286,-1,1108,280,1484,526,0.9675305485725403,-1,-1,-1
287,-1,1234,448,1778,765,0.9862755537033081,-1,-1,-1
287,-1,1102,272,1487,530,0.9775677919387817,-1,-1,-1
288,-1,1244,454,1800,771,0.9762222170829773,-1,-1,-1
288,-1,1106,267,1482,533,0.9760817885398865,-1,-1,-1
289,-1,1112,277,1490,533,0.9843003153800964,-1,-1,-1
289,-1,1261,455,1822,780,0.9732865691184998,-1,-1,-1
290,-1,1112,279,1494,532,0.9856168627738953,-1,-1,-1
290,-1,1279,461,1845,786,0.974835991859436,-1,-1,-1
291,-1,1115,280,1496,537,0.9833498001098633,-1,-1,-1
291,-1,1281,463,1868,793,0.9641851186752319,-1,-1,-1
291,-1,1003,246,1198,364,0.9001055955886841,-1,-1,-1
292,-1,1122,283,1503,539,0.9876595139503479,-1,-1,-1
292,-1,992,244,1185,361,0.9862511157989502,-1,-1,-1
292,-1,1306,466,1887,800,0.9621833562850952,-1,-1,-1
293,-1,967,243,1161,356,0.9905796647071838,-1,-1,-1
293,-1,1125,280,1510,545,0.9894869327545166,-1,-1,-1
293,-1,1323,468,1906,806,0.9720001220703125,-1,-1,-1
294,-1,957,237,1139,351,0.9937148690223694,-1,-1,-1
294,-1,1128,278,1516,550,0.9878018498420715,-1,-1,-1
294,-1,1349,475,1917,811,0.9725890755653381,-1,-1,-1
295,-1,939,236,1122,346,0.9946587681770325,-1,-1,-1
295,-1,1127,279,1514,553,0.9904304146766663,-1,-1,-1
295,-1,1364,473,1920,822,0.9486190676689148,-1,-1,-1
296,-1,920,233,1101,342,0.9961860775947571,-1,-1,-1
296,-1,1131,280,1515,553,0.9906918406486511,-1,-1,-1
296,-1,1349,475,1920,835,0.868300199508667,-1,-1,-1
297,-1,906,231,1083,338,0.9942715167999268,-1,-1,-1
297,-1,1133,280,1516,554,0.9920821189880371,-1,-1,-1
297,-1,1371,479,1920,837,0.6785495281219482,-1,-1,-1
298,-1,891,226,1066,335,0.9931952953338623,-1,-1,-1
298,-1,1134,280,1519,554,0.992727518081665,-1,-1,-1
298,-1,1377,477,1920,855,0.6327730417251587,-1,-1,-1
299,-1,879,224,1050,331,0.9960311055183411,-1,-1,-1
299,-1,1137,278,1521,554,0.9934356212615967,-1,-1,-1
299,-1,1394,483,1920,862,0.640278697013855,-1,-1,-1
300,-1,864,221,1030,328,0.99398273229599,-1,-1,-1
300,-1,1137,279,1522,555,0.9937363862991333,-1,-1,-1
301,-1,1139,277,1526,555,0.9927127957344055,-1,-1,-1
301,-1,851,220,1011,325,0.9816384315490723,-1,-1,-1
302,-1,1140,278,1527,554,0.9908156394958496,-1,-1,-1
302,-1,838,214,1002,320,0.9906116127967834,-1,-1,-1
303,-1,1141,278,1529,554,0.9898244738578796,-1,-1,-1
303,-1,825,208,980,318,0.9884951710700989,-1,-1,-1
304,-1,815,209,967,313,0.9894382357597351,-1,-1,-1
304,-1,1142,279,1531,554,0.9893436431884766,-1,-1,-1
305,-1,800,209,956,310,0.9912282228469849,-1,-1,-1
305,-1,1135,278,1532,554,0.9888030886650085,-1,-1,-1
306,-1,791,208,940,308,0.9920704960823059,-1,-1,-1
306,-1,1145,279,1536,556,0.9879003763198853,-1,-1,-1
307,-1,780,207,928,303,0.9932160973548889,-1,-1,-1
307,-1,1142,280,1536,557,0.9889442920684814,-1,-1,-1
308,-1,766,203,917,300,0.9948790073394775,-1,-1,-1
308,-1,1139,280,1533,555,0.9891449809074402,-1,-1,-1
309,-1,758,199,904,298,0.9946367144584656,-1,-1,-1
309,-1,1140,278,1538,557,0.9894793629646301,-1,-1,-1
310,-1,748,197,892,295,0.9926939010620117,-1,-1,-1
310,-1,1147,281,1541,558,0.9908458590507507,-1,-1,-1
310,-1,358,166,458,246,0.7415440082550049,-1,-1,-1
311,-1,1148,281,1543,558,0.990409255027771,-1,-1,-1
311,-1,736,194,879,292,0.9897268414497375,-1,-1,-1
311,-1,362,166,464,248,0.8812902569770813,-1,-1,-1
312,-1,726,192,869,291,0.9923282265663147,-1,-1,-1
312,-1,1154,282,1545,558,0.9889295697212219,-1,-1,-1
312,-1,367,168,468,251,0.833637535572052,-1,-1,-1
313,-1,717,190,855,289,0.9934864044189453,-1,-1,-1
313,-1,1153,289,1550,557,0.9873417019844055,-1,-1,-1
313,-1,367,168,474,257,0.857880711555481,-1,-1,-1
314,-1,708,191,847,284,0.9922758936882019,-1,-1,-1
314,-1,1158,283,1554,559,0.9907671213150024,-1,-1,-1
314,-1,372,170,480,259,0.9120989441871643,-1,-1,-1
315,-1,701,186,831,283,0.9932259917259216,-1,-1,-1
315,-1,1161,283,1558,561,0.9902601838111877,-1,-1,-1
315,-1,373,173,486,262,0.9035460352897644,-1,-1,-1
316,-1,1160,283,1562,560,0.9936873316764832,-1,-1,-1
316,-1,690,187,824,282,0.9932361245155334,-1,-1,-1
316,-1,380,177,492,263,0.8129227161407471,-1,-1,-1
317,-1,680,186,818,279,0.9932456612586975,-1,-1,-1
317,-1,1166,279,1563,564,0.9925036430358887,-1,-1,-1
317,-1,385,180,493,268,0.8352939486503601,-1,-1,-1
318,-1,1168,280,1566,564,0.9935203194618225,-1,-1,-1
318,-1,675,184,805,273,0.9916621446609497,-1,-1,-1
318,-1,392,181,500,269,0.926325798034668,-1,-1,-1
319,-1,1172,281,1567,564,0.9944767355918884,-1,-1,-1
319,-1,668,181,802,274,0.9883878827095032,-1,-1,-1
319,-1,396,184,506,274,0.9631018042564392,-1,-1,-1
320,-1,1174,280,1573,567,0.9925479292869568,-1,-1,-1
320,-1,661,181,787,269,0.9856600761413574,-1,-1,-1
320,-1,400,186,513,278,0.9740840196609497,-1,-1,-1
321,-1,1175,282,1578,568,0.9928638339042664,-1,-1,-1
321,-1,404,186,519,280,0.9852705001831055,-1,-1,-1
321,-1,657,180,773,269,0.9668524265289307,-1,-1,-1
322,-1,1184,284,1575,574,0.990330696105957,-1,-1,-1
322,-1,407,190,527,285,0.9874410629272461,-1,-1,-1
322,-1,654,180,764,268,0.9791069030761719,-1,-1,-1
323,-1,1181,290,1591,571,0.9933250546455383,-1,-1,-1
323,-1,413,194,533,285,0.9909800887107849,-1,-1,-1
323,-1,647,180,757,265,0.9470969438552856,-1,-1,-1
324,-1,1190,289,1600,569,0.9941487312316895,-1,-1,-1
324,-1,418,196,540,288,0.9896607398986816,-1,-1,-1
324,-1,635,177,748,264,0.9536423087120056,-1,-1,-1
325,-1,1198,290,1609,570,0.99491947889328,-1,-1,-1
325,-1,424,196,547,293,0.991509199142456,-1,-1,-1
325,-1,624,176,742,261,0.9557299613952637,-1,-1,-1
326,-1,428,198,554,294,0.9937915205955505,-1,-1,-1
326,-1,1200,291,1620,573,0.9932479858398438,-1,-1,-1
326,-1,617,174,737,258,0.9566289782524109,-1,-1,-1
327,-1,1209,293,1630,575,0.9929234981536865,-1,-1,-1
327,-1,436,199,559,301,0.9925302863121033,-1,-1,-1
327,-1,609,172,723,256,0.919691801071167,-1,-1,-1
328,-1,440,204,569,304,0.9938257932662964,-1,-1,-1
328,-1,1209,293,1637,578,0.9929825067520142,-1,-1,-1
328,-1,600,173,716,253,0.7922254800796509,-1,-1,-1
329,-1,1224,296,1648,581,0.9933224320411682,-1,-1,-1
329,-1,445,207,579,307,0.9928325414657593,-1,-1,-1
329,-1,590,170,704,250,0.884304404258728,-1,-1,-1
330,-1,454,211,584,310,0.9936723709106445,-1,-1,-1
330,-1,1230,294,1659,585,0.9911275506019592,-1,-1,-1
330,-1,584,173,686,247,0.6748285889625549,-1,-1,-1
331,-1,460,211,591,314,0.9918837547302246,-1,-1,-1
331,-1,1233,292,1661,587,0.9907497763633728,-1,-1,-1
331,-1,579,173,681,242,0.722061812877655,-1,-1,-1
332,-1,466,215,601,317,0.9946591258049011,-1,-1,-1
332,-1,1248,291,1685,593,0.9902644157409668,-1,-1,-1
332,-1,572,171,682,243,0.7409536838531494,-1,-1,-1
333,-1,473,217,605,321,0.9944990277290344,-1,-1,-1
333,-1,1257,290,1697,598,0.9910485744476318,-1,-1,-1
333,-1,567,166,679,241,0.9364418983459473,-1,-1,-1
334,-1,480,219,609,325,0.9921886920928955,-1,-1,-1
334,-1,1270,294,1711,602,0.9905475974082947,-1,-1,-1
334,-1,559,159,667,241,0.9504649639129639,-1,-1,-1
335,-1,486,222,611,328,0.9888169765472412,-1,-1,-1
335,-1,1280,293,1720,608,0.9879425168037415,-1,-1,-1
335,-1,554,159,664,241,0.9677684307098389,-1,-1,-1
336,-1,1288,303,1738,611,0.9896509647369385,-1,-1,-1
336,-1,494,226,615,333,0.9729706048965454,-1,-1,-1
336,-1,547,160,658,239,0.9500954151153564,-1,-1,-1
337,-1,1297,299,1760,617,0.9852237701416016,-1,-1,-1
337,-1,497,230,629,337,0.9736412763595581,-1,-1,-1
337,-1,543,156,652,236,0.9555174112319946,-1,-1,-1
338,-1,509,232,650,342,0.992813766002655,-1,-1,-1
338,-1,1312,307,1779,622,0.9869367480278015,-1,-1,-1
338,-1,535,155,649,237,0.8935343623161316,-1,-1,-1
339,-1,515,238,660,346,0.9918498992919922,-1,-1,-1
339,-1,1339,301,1779,634,0.9789789319038391,-1,-1,-1
340,-1,523,241,669,352,0.9861688613891602,-1,-1,-1
340,-1,1340,311,1812,630,0.981460452079773,-1,-1,-1
341,-1,536,247,675,358,0.991457998752594,-1,-1,-1
341,-1,1355,309,1832,633,0.9784573316574097,-1,-1,-1
342,-1,542,246,681,363,0.9898271560668945,-1,-1,-1
342,-1,1376,308,1834,643,0.9672631621360779,-1,-1,-1
343,-1,1385,304,1853,650,0.9698671698570251,-1,-1,-1
343,-1,549,249,692,368,0.900482714176178,-1,-1,-1
344,-1,1384,305,1869,649,0.9646630883216858,-1,-1,-1
344,-1,565,263,714,375,0.9543054103851318,-1,-1,-1
345,-1,578,266,728,382,0.9661054015159607,-1,-1,-1
345,-1,1392,318,1881,654,0.9544835090637207,-1,-1,-1
346,-1,593,269,743,388,0.9866825342178345,-1,-1,-1
346,-1,1407,304,1891,658,0.9618765115737915,-1,-1,-1
347,-1,592,272,753,394,0.9863845705986023,-1,-1,-1
347,-1,1407,317,1905,654,0.9644691348075867,-1,-1,-1
348,-1,596,277,768,401,0.98921799659729,-1,-1,-1
348,-1,1420,319,1910,661,0.9600874781608582,-1,-1,-1
349,-1,607,281,781,406,0.9925118684768677,-1,-1,-1
349,-1,1427,323,1915,661,0.9618008732795715,-1,-1,-1
350,-1,619,285,796,413,0.9928489923477173,-1,-1,-1
350,-1,1430,318,1920,663,0.9495506882667542,-1,-1,-1
350,-1,1284,299,1522,427,0.7679669260978699,-1,-1,-1
351,-1,1264,292,1502,423,0.9592723250389099,-1,-1,-1
351,-1,644,292,809,423,0.9384586811065674,-1,-1,-1
351,-1,1441,323,1920,664,0.9372878074645996,-1,-1,-1
352,-1,659,299,819,429,0.9913267493247986,-1,-1,-1
352,-1,1238,291,1471,415,0.98561030626297,-1,-1,-1
352,-1,1444,323,1920,669,0.9270327091217041,-1,-1,-1
353,-1,659,301,837,437,0.9938228130340576,-1,-1,-1
353,-1,1216,288,1443,411,0.9926723837852478,-1,-1,-1
353,-1,1450,326,1920,672,0.8895288705825806,-1,-1,-1
354,-1,664,306,851,447,0.9920027256011963,-1,-1,-1
354,-1,1197,283,1417,407,0.9863834381103516,-1,-1,-1
354,-1,1455,328,1920,674,0.8968016505241394,-1,-1,-1
355,-1,676,309,870,454,0.9918509125709534,-1,-1,-1
355,-1,1174,276,1392,402,0.9828885793685913,-1,-1,-1
355,-1,1456,321,1920,668,0.8286094069480896,-1,-1,-1
356,-1,686,317,887,458,0.994146466255188,-1,-1,-1
356,-1,1157,274,1367,394,0.9877352118492126,-1,-1,-1
356,-1,1460,318,1920,675,0.8182665109634399,-1,-1,-1
357,-1,701,320,903,467,0.9931206107139587,-1,-1,-1
357,-1,1130,269,1344,389,0.9926180243492126,-1,-1,-1
357,-1,1462,324,1920,678,0.7938194870948792,-1,-1,-1
358,-1,1109,267,1320,385,0.9936787486076355,-1,-1,-1
358,-1,709,326,922,474,0.9934743046760559,-1,-1,-1
358,-1,1474,323,1920,681,0.7105775475502014,-1,-1,-1
359,-1,726,330,937,481,0.9932488203048706,-1,-1,-1
359,-1,1091,263,1296,381,0.9902598261833191,-1,-1,-1
359,-1,1476,321,1920,682,0.6922334432601929,-1,-1,-1
360,-1,736,336,961,487,0.9938661456108093,-1,-1,-1
360,-1,1076,260,1272,376,0.9935480952262878,-1,-1,-1
360,-1,1481,303,1920,693,0.6698160171508789,-1,-1,-1
361,-1,753,341,981,494,0.9935010075569153,-1,-1,-1
361,-1,1056,257,1249,372,0.9929366707801819,-1,-1,-1
361,-1,1481,316,1920,691,0.7416487336158752,-1,-1,-1
362,-1,769,344,1004,501,0.9926183819770813,-1,-1,-1
362,-1,1037,251,1230,366,0.9888129830360413,-1,-1,-1
362,-1,1490,293,1920,679,0.6817383170127869,-1,-1,-1
363,-1,782,348,1012,510,0.9922365546226501,-1,-1,-1
363,-1,1016,248,1210,363,0.9836007952690125,-1,-1,-1
364,-1,1003,244,1191,358,0.9926159381866455,-1,-1,-1
364,-1,795,353,1041,514,0.992497980594635,-1,-1,-1
364,-1,1483,314,1920,695,0.6149238348007202,-1,-1,-1
365,-1,804,361,1058,521,0.9918493032455444,-1,-1,-1
365,-1,984,241,1168,355,0.9908879995346069,-1,-1,-1
365,-1,1493,299,1920,679,0.7257068753242493,-1,-1,-1
366,-1,969,234,1149,351,0.9935203194618225,-1,-1,-1
366,-1,827,364,1084,529,0.9906492829322815,-1,-1,-1
366,-1,1496,300,1920,682,0.7092368602752686,-1,-1,-1
367,-1,954,236,1129,347,0.9925455451011658,-1,-1,-1
367,-1,839,368,1102,538,0.9905545115470886,-1,-1,-1
367,-1,1348,260,1665,443,0.7480771541595459,-1,-1,-1
367,-1,1486,321,1920,699,0.635748565196991,-1,-1,-1
368,-1,865,373,1115,550,0.9900169968605042,-1,-1,-1
368,-1,936,231,1114,344,0.987162172794342,-1,-1,-1
368,-1,1323,258,1630,437,0.8191959857940674,-1,-1,-1
369,-1,873,379,1153,558,0.9915207028388977,-1,-1,-1
369,-1,921,231,1099,337,0.9902340173721313,-1,-1,-1
369,-1,1302,252,1594,438,0.9129387736320496,-1,-1,-1
369,-1,1494,298,1920,682,0.645967423915863,-1,-1,-1
370,-1,908,227,1077,336,0.9926521182060242,-1,-1,-1
370,-1,887,384,1176,566,0.9910723567008972,-1,-1,-1
370,-1,1273,244,1591,433,0.9475820064544678,-1,-1,-1
370,-1,1495,299,1920,683,0.617922842502594,-1,-1,-1
371,-1,907,388,1200,577,0.9930515289306641,-1,-1,-1
371,-1,892,223,1061,332,0.9891566038131714,-1,-1,-1
371,-1,1253,241,1569,426,0.9804733991622925,-1,-1,-1
372,-1,922,396,1229,585,0.9928332567214966,-1,-1,-1
372,-1,881,223,1046,329,0.9924374222755432,-1,-1,-1
372,-1,1235,250,1539,420,0.9757378101348877,-1,-1,-1
373,-1,866,221,1031,325,0.9932368397712708,-1,-1,-1
373,-1,948,399,1255,594,0.9923966526985168,-1,-1,-1
373,-1,1214,238,1514,416,0.9827233552932739,-1,-1,-1
374,-1,964,407,1284,607,0.9924958944320679,-1,-1,-1
374,-1,1191,236,1489,410,0.9890705347061157,-1,-1,-1
374,-1,851,219,1013,324,0.987247884273529,-1,-1,-1
375,-1,977,415,1310,614,0.9922091960906982,-1,-1,-1
375,-1,841,216,1001,318,0.9877267479896545,-1,-1,-1
375,-1,1169,228,1463,411,0.9818034172058105,-1,-1,-1
376,-1,999,420,1341,623,0.992961585521698,-1,-1,-1
376,-1,826,211,984,315,0.9863075613975525,-1,-1,-1
376,-1,1151,214,1433,405,0.9766975045204163,-1,-1,-1
377,-1,1017,422,1370,631,0.9917197227478027,-1,-1,-1
377,-1,1134,205,1421,406,0.9837766289710999,-1,-1,-1
377,-1,815,210,970,311,0.970863938331604,-1,-1,-1
378,-1,1042,433,1387,641,0.9922616481781006,-1,-1,-1
378,-1,1114,223,1398,390,0.986194372177124,-1,-1,-1
378,-1,801,208,958,308,0.9853648543357849,-1,-1,-1
379,-1,1072,446,1420,647,0.9927632212638855,-1,-1,-1
379,-1,1097,198,1381,390,0.9900878071784973,-1,-1,-1
379,-1,792,208,940,307,0.980754017829895,-1,-1,-1
380,-1,1075,446,1448,663,0.9925727844238281,-1,-1,-1
380,-1,1076,212,1364,383,0.9887569546699524,-1,-1,-1
380,-1,779,206,930,302,0.962982714176178,-1,-1,-1
381,-1,1108,455,1479,672,0.9932605624198914,-1,-1,-1
381,-1,1066,204,1342,379,0.9854080080986023,-1,-1,-1
381,-1,770,207,914,299,0.9829345345497131,-1,-1,-1
382,-1,1122,459,1509,686,0.9932291507720947,-1,-1,-1
382,-1,758,201,902,295,0.9912624359130859,-1,-1,-1
382,-1,1051,225,1313,370,0.9893152713775635,-1,-1,-1
383,-1,1146,465,1546,696,0.9927685260772705,-1,-1,-1
383,-1,749,199,890,294,0.9907270669937134,-1,-1,-1
383,-1,1033,223,1296,369,0.9862418174743652,-1,-1,-1
384,-1,1170,474,1574,704,0.9933806657791138,-1,-1,-1
384,-1,735,195,877,291,0.990777850151062,-1,-1,-1
384,-1,1032,223,1276,362,0.9872627854347229,-1,-1,-1
385,-1,1185,479,1602,716,0.9923022985458374,-1,-1,-1
385,-1,1007,220,1263,360,0.9919439554214478,-1,-1,-1
385,-1,726,191,866,289,0.9911421537399292,-1,-1,-1
386,-1,715,189,855,287,0.9918584227561951,-1,-1,-1
386,-1,1216,488,1640,726,0.9905514717102051,-1,-1,-1
386,-1,1002,220,1240,358,0.9883927702903748,-1,-1,-1
387,-1,981,221,1226,357,0.9942745566368103,-1,-1,-1
387,-1,1241,496,1674,738,0.9930082559585571,-1,-1,-1
387,-1,710,190,845,284,0.9903166890144348,-1,-1,-1
388,-1,967,219,1208,357,0.9928182363510132,-1,-1,-1
388,-1,1269,502,1703,753,0.992759108543396,-1,-1,-1
388,-1,697,189,834,283,0.9893262386322021,-1,-1,-1
389,-1,958,219,1195,350,0.9944677352905273,-1,-1,-1
389,-1,1289,510,1743,765,0.9921984076499939,-1,-1,-1
389,-1,689,187,824,281,0.9913188815116882,-1,-1,-1
390,-1,944,212,1180,348,0.995087206363678,-1,-1,-1
390,-1,682,185,811,276,0.990607738494873,-1,-1,-1
390,-1,1316,513,1772,778,0.9904353618621826,-1,-1,-1
391,-1,930,214,1162,343,0.9939011335372925,-1,-1,-1
391,-1,671,183,802,274,0.9885916113853455,-1,-1,-1
391,-1,1358,529,1816,794,0.9847190380096436,-1,-1,-1
392,-1,921,210,1148,342,0.9935126900672913,-1,-1,-1
392,-1,666,180,787,270,0.9845975637435913,-1,-1,-1
392,-1,1374,534,1849,804,0.9842252731323242,-1,-1,-1
393,-1,907,205,1138,336,0.9923380017280579,-1,-1,-1
393,-1,1407,540,1886,821,0.9788486957550049,-1,-1,-1
393,-1,655,179,779,271,0.9733352661132812,-1,-1,-1
394,-1,906,205,1118,335,0.9922831654548645,-1,-1,-1
394,-1,1450,554,1919,835,0.9679398536682129,-1,-1,-1
394,-1,651,179,772,267,0.9647200107574463,-1,-1,-1
395,-1,886,204,1111,332,0.9925008416175842,-1,-1,-1
395,-1,649,176,764,265,0.9826882481575012,-1,-1,-1
395,-1,1462,557,1920,850,0.9155890941619873,-1,-1,-1
396,-1,875,205,1093,329,0.9917964935302734,-1,-1,-1
396,-1,645,178,757,265,0.9610666632652283,-1,-1,-1
396,-1,1499,563,1920,869,0.6372719407081604,-1,-1,-1
397,-1,869,204,1082,327,0.9929637312889099,-1,-1,-1
397,-1,630,176,747,263,0.983637273311615,-1,-1,-1
398,-1,854,203,1066,323,0.9948522448539734,-1,-1,-1
398,-1,618,175,739,258,0.9720616340637207,-1,-1,-1
399,-1,851,199,1058,320,0.9934577345848083,-1,-1,-1
399,-1,611,172,728,258,0.927125871181488,-1,-1,-1
400,-1,836,200,1046,319,0.9936395287513733,-1,-1,-1
400,-1,604,175,723,252,0.8106203079223633,-1,-1,-1
401,-1,828,196,1037,317,0.9956629872322083,-1,-1,-1
401,-1,596,172,708,251,0.9371961951255798,-1,-1,-1
402,-1,818,196,1025,314,0.9951561689376831,-1,-1,-1
402,-1,588,172,695,249,0.8342657685279846,-1,-1,-1
403,-1,809,196,1016,312,0.9949705004692078,-1,-1,-1
404,-1,808,191,1003,310,0.9930707812309265,-1,-1,-1
405,-1,799,193,992,308,0.9946233034133911,-1,-1,-1
405,-1,1567,327,1895,511,0.957922101020813,-1,-1,-1
405,-1,572,174,672,242,0.7951517701148987,-1,-1,-1
406,-1,789,195,985,307,0.9940548539161682,-1,-1,-1
406,-1,1529,324,1863,502,0.9872928857803345,-1,-1,-1
406,-1,566,168,670,242,0.8554292917251587,-1,-1,-1
407,-1,779,192,974,306,0.9942184686660767,-1,-1,-1
407,-1,1496,320,1822,495,0.9905505180358887,-1,-1,-1
407,-1,559,166,664,242,0.9376116394996643,-1,-1,-1
408,-1,780,193,965,303,0.9944808483123779,-1,-1,-1
408,-1,1464,316,1775,483,0.9921913743019104,-1,-1,-1
408,-1,553,162,658,240,0.9644566774368286,-1,-1,-1
409,-1,771,191,957,301,0.9939751029014587,-1,-1,-1
409,-1,1437,311,1735,476,0.989716112613678,-1,-1,-1
409,-1,546,161,657,240,0.9549052715301514,-1,-1,-1
410,-1,764,190,950,300,0.9935285449028015,-1,-1,-1
410,-1,1396,304,1692,468,0.9919031262397766,-1,-1,-1
410,-1,542,160,654,235,0.9430232048034668,-1,-1,-1
