1,-1,468,523,984,823,0.9946532249450684,-1,-1,-1
1,-1,1106,75,1325,213,0.9932709336280823,-1,-1,-1
1,-1,1440,498,1793,746,0.989992082118988,-1,-1,-1
2,-1,1134,73,1338,204,0.9944896697998047,-1,-1,-1
2,-1,510,530,1045,844,0.9938268065452576,-1,-1,-1
2,-1,1427,492,1783,740,0.9885774850845337,-1,-1,-1
3,-1,543,539,1095,866,0.9933832287788391,-1,-1,-1
3,-1,1422,488,1778,736,0.9926286935806274,-1,-1,-1
3,-1,1152,70,1344,196,0.9919356107711792,-1,-1,-1
3,-1,996,0,1184,113,0.7525575160980225,-1,-1,-1
4,-1,606,555,1152,886,0.9938095211982727,-1,-1,-1
4,-1,1172,63,1354,188,0.9923790693283081,-1,-1,-1
4,-1,1411,479,1768,731,0.9921160340309143,-1,-1,-1
4,-1,996,0,1185,113,0.8098457455635071,-1,-1,-1
5,-1,642,567,1213,908,0.9934672713279724,-1,-1,-1
5,-1,1398,472,1756,725,0.9932070374488831,-1,-1,-1
5,-1,1192,55,1362,182,0.9897291660308838,-1,-1,-1
5,-1,995,0,1187,114,0.859052300453186,-1,-1,-1
6,-1,717,592,1264,935,0.9933498501777649,-1,-1,-1
6,-1,1382,466,1747,721,0.9928213953971863,-1,-1,-1
6,-1,1210,53,1375,175,0.9874187111854553,-1,-1,-1
6,-1,994,0,1185,111,0.8102384209632874,-1,-1,-1
7,-1,747,604,1335,956,0.9943933486938477,-1,-1,-1
7,-1,1364,454,1729,711,0.9912864565849304,-1,-1,-1
7,-1,1222,50,1376,167,0.9890859127044678,-1,-1,-1
7,-1,994,0,1187,113,0.8572976589202881,-1,-1,-1
8,-1,790,607,1382,988,0.9944753050804138,-1,-1,-1
8,-1,1359,451,1725,704,0.9919987320899963,-1,-1,-1
8,-1,1236,41,1383,158,0.991661787033081,-1,-1,-1
8,-1,995,0,1184,111,0.7744150161743164,-1,-1,-1
9,-1,872,630,1446,1004,0.9938899278640747,-1,-1,-1
9,-1,1245,38,1389,151,0.99332594871521,-1,-1,-1
9,-1,1332,439,1705,700,0.9911500215530396,-1,-1,-1
9,-1,994,0,1186,113,0.8613881468772888,-1,-1,-1
10,-1,925,651,1505,1028,0.9942811727523804,-1,-1,-1
10,-1,1257,33,1392,145,0.9921658039093018,-1,-1,-1
10,-1,1319,436,1695,693,0.9894737601280212,-1,-1,-1
10,-1,993,0,1187,113,0.8546503186225891,-1,-1,-1
11,-1,1307,430,1684,679,0.9916902780532837,-1,-1,-1
11,-1,983,673,1561,1048,0.9895169138908386,-1,-1,-1
11,-1,1264,31,1398,139,0.986874520778656,-1,-1,-1
11,-1,998,0,1188,113,0.8009436726570129,-1,-1,-1
12,-1,1283,419,1673,667,0.9918027520179749,-1,-1,-1
12,-1,1274,26,1401,134,0.991797924041748,-1,-1,-1
12,-1,1050,704,1620,1055,0.9911069273948669,-1,-1,-1
12,-1,991,1,1186,114,0.8947880864143372,-1,-1,-1
13,-1,1257,410,1646,649,0.9929601550102234,-1,-1,-1
13,-1,1280,22,1404,126,0.9881688952445984,-1,-1,-1
13,-1,1109,730,1662,1062,0.983998715877533,-1,-1,-1
13,-1,992,1,1184,114,0.903593122959137,-1,-1,-1
14,-1,1223,405,1621,642,0.993815541267395,-1,-1,-1
14,-1,1288,19,1406,119,0.9873650670051575,-1,-1,-1
14,-1,1185,754,1711,1072,0.9866757988929749,-1,-1,-1
14,-1,990,1,1183,114,0.8816260099411011,-1,-1,-1
15,-1,1229,398,1604,638,0.9926486611366272,-1,-1,-1
15,-1,1294,15,1407,113,0.9859345555305481,-1,-1,-1
15,-1,1270,777,1758,1080,0.9762636423110962,-1,-1,-1
15,-1,989,1,1181,114,0.8201812505722046,-1,-1,-1
16,-1,1192,385,1589,626,0.9943106174468994,-1,-1,-1
16,-1,1296,14,1409,107,0.9805408120155334,-1,-1,-1
16,-1,1310,800,1795,1078,0.8485497832298279,-1,-1,-1
16,-1,987,1,1180,114,0.7688667178153992,-1,-1,-1
17,-1,1182,377,1559,617,0.9931110143661499,-1,-1,-1
17,-1,1303,10,1409,105,0.9749326109886169,-1,-1,-1
17,-1,985,0,1181,115,0.7918804883956909,-1,-1,-1
18,-1,1147,366,1538,603,0.9938550591468811,-1,-1,-1
18,-1,1305,7,1409,99,0.9549311399459839,-1,-1,-1
18,-1,983,3,1175,116,0.7453034520149231,-1,-1,-1
19,-1,1130,360,1508,592,0.9930775165557861,-1,-1,-1
19,-1,1307,4,1409,94,0.8822156190872192,-1,-1,-1
19,-1,984,3,1174,118,0.7357562184333801,-1,-1,-1
20,-1,1087,350,1485,578,0.995412290096283,-1,-1,-1
20,-1,1310,4,1410,90,0.7130995392799377,-1,-1,-1
21,-1,1057,340,1455,565,0.9938414096832275,-1,-1,-1
22,-1,1041,332,1412,555,0.9927485585212708,-1,-1,-1
23,-1,994,324,1394,540,0.9942041039466858,-1,-1,-1
23,-1,975,4,1172,117,0.7726088166236877,-1,-1,-1
24,-1,975,320,1355,527,0.9930751323699951,-1,-1,-1
24,-1,971,5,1172,117,0.7800931334495544,-1,-1,-1
25,-1,937,307,1327,517,0.9943726062774658,-1,-1,-1
25,-1,967,6,1169,117,0.8589377999305725,-1,-1,-1
26,-1,913,305,1289,504,0.9938132762908936,-1,-1,-1
26,-1,962,3,1167,121,0.9215513467788696,-1,-1,-1
27,-1,882,297,1250,493,0.9931575655937195,-1,-1,-1
27,-1,962,4,1169,121,0.9672945737838745,-1,-1,-1
28,-1,854,287,1216,480,0.9948621392250061,-1,-1,-1
28,-1,954,3,1164,122,0.9666388630867004,-1,-1,-1
29,-1,810,278,1192,472,0.994271993637085,-1,-1,-1
29,-1,947,2,1158,122,0.9730571508407593,-1,-1,-1
30,-1,788,275,1149,463,0.9933682084083557,-1,-1,-1
30,-1,941,2,1162,125,0.9806622862815857,-1,-1,-1
31,-1,744,267,1124,452,0.99445641040802,-1,-1,-1
31,-1,936,2,1156,127,0.9785422086715698,-1,-1,-1
32,-1,717,261,1084,445,0.9950120449066162,-1,-1,-1
32,-1,933,2,1156,126,0.9787671566009521,-1,-1,-1
33,-1,685,259,1052,439,0.9943371415138245,-1,-1,-1
33,-1,918,5,1149,131,0.9831977486610413,-1,-1,-1
33,-1,0,568,221,767,0.7189928889274597,-1,-1,-1
34,-1,652,254,1010,427,0.9937431216239929,-1,-1,-1
34,-1,911,6,1143,130,0.9801647663116455,-1,-1,-1
34,-1,0,566,235,764,0.8915666341781616,-1,-1,-1
35,-1,624,245,975,422,0.9945905208587646,-1,-1,-1
35,-1,907,4,1144,130,0.9724230170249939,-1,-1,-1
35,-1,0,557,253,766,0.958488941192627,-1,-1,-1
36,-1,594,243,937,415,0.994347870349884,-1,-1,-1
36,-1,2,552,268,763,0.9837350845336914,-1,-1,-1
36,-1,891,8,1139,136,0.979816734790802,-1,-1,-1
37,-1,568,241,906,411,0.9940240979194641,-1,-1,-1
37,-1,8,550,283,760,0.9838829636573792,-1,-1,-1
37,-1,878,6,1132,137,0.9793868660926819,-1,-1,-1
38,-1,536,243,865,405,0.9945630431175232,-1,-1,-1
38,-1,13,543,309,759,0.9904554486274719,-1,-1,-1
38,-1,873,5,1122,141,0.9764986634254456,-1,-1,-1
39,-1,513,247,833,402,0.994093120098114,-1,-1,-1
39,-1,22,542,325,754,0.9905855059623718,-1,-1,-1
39,-1,859,8,1118,143,0.9803116321563721,-1,-1,-1
40,-1,483,245,803,398,0.9921156764030457,-1,-1,-1
40,-1,36,538,341,751,0.99201500415802,-1,-1,-1
40,-1,854,8,1105,149,0.9849762320518494,-1,-1,-1
41,-1,453,246,757,398,0.9935105443000793,-1,-1,-1
41,-1,35,536,357,754,0.9902310967445374,-1,-1,-1
41,-1,839,8,1098,150,0.9845081567764282,-1,-1,-1
42,-1,433,247,728,397,0.9922621250152588,-1,-1,-1
42,-1,58,535,380,750,0.9918878674507141,-1,-1,-1
42,-1,824,12,1097,151,0.9878353476524353,-1,-1,-1
43,-1,74,538,407,746,0.9913604855537415,-1,-1,-1
43,-1,406,250,697,398,0.9910587668418884,-1,-1,-1
43,-1,806,9,1084,155,0.9865533709526062,-1,-1,-1
44,-1,377,254,650,399,0.9929225444793701,-1,-1,-1
44,-1,91,534,427,746,0.9896843433380127,-1,-1,-1
44,-1,802,12,1066,158,0.9844716191291809,-1,-1,-1
45,-1,107,535,451,745,0.9924862384796143,-1,-1,-1
45,-1,349,257,622,400,0.9924092292785645,-1,-1,-1
45,-1,784,14,1057,161,0.9862620830535889,-1,-1,-1
46,-1,331,264,597,405,0.9912604689598083,-1,-1,-1
46,-1,127,532,486,747,0.9912044405937195,-1,-1,-1
46,-1,764,15,1050,164,0.9862567782402039,-1,-1,-1
47,-1,141,527,504,748,0.991899847984314,-1,-1,-1
47,-1,305,265,566,408,0.9900552034378052,-1,-1,-1
47,-1,758,19,1042,169,0.9840459823608398,-1,-1,-1
48,-1,155,531,532,751,0.9938663840293884,-1,-1,-1
48,-1,279,267,532,415,0.9909905195236206,-1,-1,-1
48,-1,741,23,1033,172,0.9882309436798096,-1,-1,-1
49,-1,176,532,557,753,0.9921261072158813,-1,-1,-1
49,-1,255,276,493,419,0.9879769682884216,-1,-1,-1
49,-1,726,26,1018,176,0.9868598580360413,-1,-1,-1
50,-1,202,530,602,757,0.9945946335792542,-1,-1,-1
50,-1,233,282,469,425,0.9891303777694702,-1,-1,-1
50,-1,708,33,993,179,0.986728847026825,-1,-1,-1
51,-1,218,534,627,764,0.994148850440979,-1,-1,-1
51,-1,684,23,984,185,0.9874277114868164,-1,-1,-1
51,-1,208,288,438,432,0.9828680753707886,-1,-1,-1
52,-1,248,534,676,773,0.9953913688659668,-1,-1,-1
52,-1,667,37,968,189,0.9891317486763,-1,-1,-1
52,-1,192,294,417,438,0.9826586246490479,-1,-1,-1
52,-1,0,435,232,622,0.8319065570831299,-1,-1,-1
53,-1,273,534,701,786,0.9950199127197266,-1,-1,-1
53,-1,647,39,954,194,0.9872056245803833,-1,-1,-1
53,-1,171,303,382,442,0.9835265278816223,-1,-1,-1
53,-1,4,423,252,620,0.9593288898468018,-1,-1,-1
54,-1,287,537,739,797,0.9951701760292053,-1,-1,-1
54,-1,626,36,932,201,0.9893333315849304,-1,-1,-1
54,-1,149,309,358,447,0.9697660207748413,-1,-1,-1
54,-1,14,415,279,613,0.9631891846656799,-1,-1,-1
55,-1,316,540,785,811,0.9952013492584229,-1,-1,-1
55,-1,603,41,919,207,0.987148106098175,-1,-1,-1
55,-1,28,408,296,605,0.9712253212928772,-1,-1,-1
55,-1,134,318,329,451,0.9346557259559631,-1,-1,-1
56,-1,348,544,833,821,0.995980978012085,-1,-1,-1
56,-1,585,49,901,215,0.9860674738883972,-1,-1,-1
56,-1,38,399,319,600,0.9781650900840759,-1,-1,-1
56,-1,116,323,304,449,0.7868143916130066,-1,-1,-1
57,-1,386,554,872,837,0.9958588480949402,-1,-1,-1
57,-1,567,57,873,223,0.9873491525650024,-1,-1,-1
57,-1,53,387,344,582,0.9836755394935608,-1,-1,-1
58,-1,436,567,927,859,0.9959266185760498,-1,-1,-1
58,-1,542,48,856,229,0.9878469705581665,-1,-1,-1
58,-1,62,366,366,578,0.9622788429260254,-1,-1,-1
59,-1,458,577,986,872,0.9959225654602051,-1,-1,-1
59,-1,79,362,396,561,0.9849956631660461,-1,-1,-1
59,-1,514,49,840,237,0.9838269948959351,-1,-1,-1
60,-1,486,582,1040,891,0.995411217212677,-1,-1,-1
60,-1,497,60,805,245,0.9851203560829163,-1,-1,-1
60,-1,110,356,424,551,0.9816259145736694,-1,-1,-1
61,-1,554,593,1092,914,0.9941919445991516,-1,-1,-1
61,-1,124,346,459,555,0.9865511655807495,-1,-1,-1
61,-1,468,65,790,249,0.9819871783256531,-1,-1,-1
61,-1,25,366,189,502,0.951008141040802,-1,-1,-1
62,-1,590,603,1151,929,0.9954065084457397,-1,-1,-1
62,-1,153,332,495,545,0.9883233308792114,-1,-1,-1
62,-1,14,375,172,511,0.9828648567199707,-1,-1,-1
62,-1,447,67,771,261,0.9776830077171326,-1,-1,-1
63,-1,629,610,1218,951,0.9959773421287537,-1,-1,-1
63,-1,183,327,532,534,0.9893619418144226,-1,-1,-1
63,-1,0,383,153,520,0.9720889925956726,-1,-1,-1
63,-1,433,74,730,274,0.9670990109443665,-1,-1,-1
64,-1,676,621,1269,978,0.9946836829185486,-1,-1,-1
64,-1,208,308,569,526,0.9879373908042908,-1,-1,-1
64,-1,395,81,705,282,0.9765201807022095,-1,-1,-1
64,-1,0,391,135,528,0.948115885257721,-1,-1,-1
65,-1,748,639,1329,992,0.9953765869140625,-1,-1,-1
65,-1,234,294,607,517,0.9860061407089233,-1,-1,-1
65,-1,367,88,689,287,0.9732685089111328,-1,-1,-1
65,-1,0,401,117,530,0.8114442825317383,-1,-1,-1
66,-1,790,656,1400,1014,0.9954792261123657,-1,-1,-1
66,-1,261,280,646,501,0.9919519424438477,-1,-1,-1
66,-1,348,99,660,298,0.9742223620414734,-1,-1,-1
67,-1,842,671,1453,1035,0.9923140406608582,-1,-1,-1
67,-1,299,270,687,489,0.9884451627731323,-1,-1,-1
67,-1,330,105,633,306,0.9690388441085815,-1,-1,-1
68,-1,335,253,732,479,0.9946072697639465,-1,-1,-1
68,-1,906,691,1498,1047,0.9902865886688232,-1,-1,-1
68,-1,301,115,602,316,0.970055103302002,-1,-1,-1
69,-1,370,242,767,467,0.993893027305603,-1,-1,-1
69,-1,967,710,1556,1066,0.9909765720367432,-1,-1,-1
69,-1,280,117,577,329,0.9608364105224609,-1,-1,-1
70,-1,408,231,815,448,0.9925557971000671,-1,-1,-1
70,-1,1044,735,1608,1078,0.9774140119552612,-1,-1,-1
70,-1,257,130,550,342,0.9630746245384216,-1,-1,-1
70,-1,1641,598,1920,866,0.8578299880027771,-1,-1,-1
71,-1,459,214,861,431,0.987052857875824,-1,-1,-1
71,-1,1627,592,1920,858,0.9823899269104004,-1,-1,-1
71,-1,230,144,521,355,0.9741287231445312,-1,-1,-1
71,-1,1116,760,1667,1079,0.9702463150024414,-1,-1,-1
72,-1,493,207,902,416,0.9905954599380493,-1,-1,-1
72,-1,1604,586,1920,852,0.9874147772789001,-1,-1,-1
72,-1,205,155,501,362,0.9761139154434204,-1,-1,-1
72,-1,1175,780,1698,1078,0.9199774265289307,-1,-1,-1
73,-1,542,187,947,404,0.9916050434112549,-1,-1,-1
73,-1,1592,577,1917,842,0.9876018166542053,-1,-1,-1
73,-1,185,167,466,373,0.9779896140098572,-1,-1,-1
73,-1,1244,800,1748,1079,0.7760799527168274,-1,-1,-1
74,-1,599,176,982,389,0.9904768466949463,-1,-1,-1
74,-1,1573,570,1908,837,0.9903807044029236,-1,-1,-1
74,-1,163,173,431,387,0.9736363291740417,-1,-1,-1
75,-1,643,172,1030,364,0.9911249279975891,-1,-1,-1
75,-1,1556,549,1893,829,0.9899841547012329,-1,-1,-1
75,-1,140,180,420,395,0.9594232439994812,-1,-1,-1
76,-1,685,165,1062,346,0.99257493019104,-1,-1,-1
76,-1,1539,548,1880,819,0.9921294450759888,-1,-1,-1
76,-1,123,208,383,409,0.9732007384300232,-1,-1,-1
77,-1,737,150,1097,340,0.9922266006469727,-1,-1,-1
77,-1,1521,531,1869,811,0.9897114038467407,-1,-1,-1
77,-1,100,219,356,422,0.9744116067886353,-1,-1,-1
78,-1,776,141,1139,321,0.992694616317749,-1,-1,-1
78,-1,1490,521,1853,799,0.9925885200500488,-1,-1,-1
78,-1,80,232,331,435,0.9741300344467163,-1,-1,-1
79,-1,808,132,1169,310,0.9911161661148071,-1,-1,-1
79,-1,1465,515,1834,790,0.990638256072998,-1,-1,-1
79,-1,63,244,306,448,0.9834539890289307,-1,-1,-1
80,-1,1441,502,1818,777,0.9917020201683044,-1,-1,-1
80,-1,866,121,1203,295,0.988502025604248,-1,-1,-1
80,-1,44,255,281,457,0.9806928038597107,-1,-1,-1
81,-1,894,110,1225,280,0.9917146563529968,-1,-1,-1
81,-1,1413,487,1793,770,0.9902523756027222,-1,-1,-1
81,-1,28,267,256,470,0.9835675954818726,-1,-1,-1
82,-1,1377,474,1770,749,0.9916877150535583,-1,-1,-1
82,-1,930,101,1249,274,0.9905074834823608,-1,-1,-1
82,-1,8,278,236,484,0.9787395000457764,-1,-1,-1
83,-1,1360,454,1747,739,0.9911120533943176,-1,-1,-1
83,-1,972,99,1270,253,0.9907451868057251,-1,-1,-1
83,-1,0,295,216,495,0.957248866558075,-1,-1,-1
84,-1,1327,440,1723,723,0.9937806725502014,-1,-1,-1
84,-1,1017,88,1287,245,0.9888222217559814,-1,-1,-1
84,-1,0,304,192,500,0.9198362827301025,-1,-1,-1
85,-1,1300,428,1698,709,0.9937365055084229,-1,-1,-1
85,-1,1046,84,1305,233,0.989612877368927,-1,-1,-1
86,-1,1271,420,1668,701,0.9942073822021484,-1,-1,-1
86,-1,1077,80,1316,224,0.9909953474998474,-1,-1,-1
87,-1,1236,399,1647,670,0.995763897895813,-1,-1,-1
87,-1,1104,70,1332,211,0.9915707111358643,-1,-1,-1
88,-1,1201,387,1616,648,0.9947060942649841,-1,-1,-1
88,-1,1131,62,1345,201,0.9931597709655762,-1,-1,-1
89,-1,1181,377,1579,641,0.9952608942985535,-1,-1,-1
89,-1,1156,54,1357,195,0.9931861162185669,-1,-1,-1
90,-1,1125,358,1547,629,0.9951673746109009,-1,-1,-1
90,-1,1180,53,1369,181,0.9916457533836365,-1,-1,-1
91,-1,1107,352,1510,601,0.9951275587081909,-1,-1,-1
91,-1,1198,46,1378,175,0.9931118488311768,-1,-1,-1
92,-1,1066,328,1473,590,0.9937400817871094,-1,-1,-1
92,-1,1216,39,1386,165,0.9907139539718628,-1,-1,-1
93,-1,1023,321,1438,574,0.9960642457008362,-1,-1,-1
93,-1,1235,37,1393,156,0.9895333647727966,-1,-1,-1
94,-1,997,308,1406,555,0.9955600500106812,-1,-1,-1
94,-1,1248,33,1397,149,0.9898239970207214,-1,-1,-1
95,-1,961,301,1362,538,0.9956876635551453,-1,-1,-1
95,-1,1262,28,1403,142,0.989658534526825,-1,-1,-1
96,-1,921,289,1324,521,0.9946393370628357,-1,-1,-1
96,-1,1272,24,1411,136,0.9920797944068909,-1,-1,-1
97,-1,883,279,1287,507,0.9952066540718079,-1,-1,-1
97,-1,1282,20,1413,130,0.9909725189208984,-1,-1,-1
98,-1,854,267,1243,491,0.9959964752197266,-1,-1,-1
98,-1,1294,13,1416,121,0.9918763637542725,-1,-1,-1
99,-1,818,259,1204,475,0.99458909034729,-1,-1,-1
99,-1,1302,11,1419,114,0.9905499815940857,-1,-1,-1
100,-1,785,243,1170,466,0.9934327602386475,-1,-1,-1
100,-1,1308,12,1424,107,0.9868408441543579,-1,-1,-1
101,-1,758,247,1114,448,0.9949793219566345,-1,-1,-1
101,-1,1319,8,1425,102,0.9827149510383606,-1,-1,-1
102,-1,724,240,1078,437,0.9948681592941284,-1,-1,-1
102,-1,1322,6,1426,97,0.9703896641731262,-1,-1,-1
103,-1,688,235,1046,426,0.9939056038856506,-1,-1,-1
103,-1,1324,3,1428,93,0.9628934264183044,-1,-1,-1
104,-1,647,225,1004,421,0.9945552349090576,-1,-1,-1
104,-1,1328,0,1432,88,0.9068332314491272,-1,-1,-1
105,-1,609,224,972,410,0.9945079684257507,-1,-1,-1
105,-1,1333,0,1431,87,0.7672538161277771,-1,-1,-1
106,-1,582,215,929,401,0.994899332523346,-1,-1,-1
107,-1,551,216,886,398,0.9942023158073425,-1,-1,-1
108,-1,518,220,850,391,0.9943625926971436,-1,-1,-1
109,-1,492,215,814,387,0.9940381050109863,-1,-1,-1
110,-1,466,220,784,386,0.9932776093482971,-1,-1,-1
111,-1,433,218,742,383,0.9925655126571655,-1,-1,-1
112,-1,409,223,715,385,0.9928330183029175,-1,-1,-1
112,-1,13,499,307,744,0.8720484972000122,-1,-1,-1
113,-1,382,224,669,386,0.9929894208908081,-1,-1,-1
113,-1,0,490,341,738,0.9258317947387695,-1,-1,-1
114,-1,354,227,635,390,0.9925981760025024,-1,-1,-1
114,-1,9,484,360,726,0.9834551811218262,-1,-1,-1
115,-1,325,229,604,397,0.9904446005821228,-1,-1,-1
115,-1,25,471,387,724,0.9856142401695251,-1,-1,-1
116,-1,41,467,408,710,0.9890466332435608,-1,-1,-1
116,-1,304,242,576,400,0.9887498617172241,-1,-1,-1
117,-1,278,242,540,403,0.9909839630126953,-1,-1,-1
117,-1,55,447,444,703,0.9873492121696472,-1,-1,-1
118,-1,254,245,506,411,0.9795658588409424,-1,-1,-1
118,-1,82,433,469,695,0.9761922955513,-1,-1,-1
119,-1,101,421,512,681,0.9769912362098694,-1,-1,-1
119,-1,233,255,474,418,0.9756546020507812,-1,-1,-1
120,-1,124,409,550,672,0.9889103174209595,-1,-1,-1
120,-1,206,259,455,422,0.9708541631698608,-1,-1,-1
121,-1,152,393,592,665,0.9835002422332764,-1,-1,-1
121,-1,188,269,415,431,0.9698646664619446,-1,-1,-1
122,-1,185,378,632,649,0.9837021827697754,-1,-1,-1
122,-1,169,280,389,438,0.960054874420166,-1,-1,-1
123,-1,221,366,680,642,0.9765589237213135,-1,-1,-1
123,-1,148,283,364,448,0.9264660477638245,-1,-1,-1
124,-1,239,352,722,620,0.9732649922370911,-1,-1,-1
124,-1,121,295,333,456,0.9501628875732422,-1,-1,-1
124,-1,0,467,183,636,0.8087884783744812,-1,-1,-1
125,-1,293,340,774,587,0.9913211464881897,-1,-1,-1
125,-1,0,462,198,636,0.9455451369285583,-1,-1,-1
125,-1,105,303,314,465,0.9426451921463013,-1,-1,-1
126,-1,324,319,811,586,0.9878646731376648,-1,-1,-1
126,-1,2,461,205,626,0.9724833369255066,-1,-1,-1
126,-1,79,315,283,474,0.955409049987793,-1,-1,-1
127,-1,365,310,836,583,0.9847049713134766,-1,-1,-1
127,-1,7,456,217,618,0.9754918813705444,-1,-1,-1
127,-1,66,325,262,484,0.9230962991714478,-1,-1,-1
128,-1,401,296,896,562,0.9822729229927063,-1,-1,-1
128,-1,11,448,228,618,0.9773849844932556,-1,-1,-1
128,-1,48,330,228,486,0.8959481120109558,-1,-1,-1
129,-1,453,272,953,547,0.9870129227638245,-1,-1,-1
129,-1,24,441,242,606,0.9833049774169922,-1,-1,-1
129,-1,34,338,212,494,0.8319256901741028,-1,-1,-1
130,-1,33,432,249,600,0.9857629537582397,-1,-1,-1
130,-1,501,265,971,535,0.9854317307472229,-1,-1,-1
130,-1,12,355,182,511,0.6344404220581055,-1,-1,-1
131,-1,542,253,1034,516,0.986270546913147,-1,-1,-1
131,-1,37,424,268,598,0.9838195443153381,-1,-1,-1
132,-1,593,234,1080,496,0.9914807081222534,-1,-1,-1
132,-1,49,416,288,595,0.9882861971855164,-1,-1,-1
133,-1,634,221,1113,479,0.9908402562141418,-1,-1,-1
133,-1,63,405,301,590,0.9888439178466797,-1,-1,-1
134,-1,686,214,1154,460,0.989198625087738,-1,-1,-1
134,-1,76,400,326,574,0.9877195358276367,-1,-1,-1
135,-1,735,202,1191,439,0.992720901966095,-1,-1,-1
135,-1,85,388,345,564,0.9900171160697937,-1,-1,-1
136,-1,779,190,1220,423,0.9946526288986206,-1,-1,-1
136,-1,96,383,367,558,0.9858440160751343,-1,-1,-1
137,-1,848,180,1261,403,0.9950352907180786,-1,-1,-1
137,-1,126,375,390,548,0.9908671379089355,-1,-1,-1
138,-1,889,171,1285,387,0.9952854514122009,-1,-1,-1
138,-1,146,358,418,539,0.9882121682167053,-1,-1,-1
139,-1,930,164,1317,371,0.9935418367385864,-1,-1,-1
139,-1,165,348,445,532,0.9898903369903564,-1,-1,-1
140,-1,980,157,1338,354,0.9944709539413452,-1,-1,-1
140,-1,183,336,467,521,0.990875244140625,-1,-1,-1
141,-1,1012,148,1361,341,0.995760977268219,-1,-1,-1
141,-1,202,329,495,509,0.9916081428527832,-1,-1,-1
142,-1,1056,137,1381,326,0.9932241439819336,-1,-1,-1
142,-1,230,316,527,499,0.9908739328384399,-1,-1,-1
143,-1,1091,125,1390,317,0.9927305579185486,-1,-1,-1
143,-1,259,301,560,489,0.9907243847846985,-1,-1,-1
144,-1,1122,119,1405,302,0.9938894510269165,-1,-1,-1
144,-1,286,291,590,476,0.9912360906600952,-1,-1,-1
144,-1,1706,710,1920,917,0.895171582698822,-1,-1,-1
145,-1,1151,113,1423,288,0.9940434098243713,-1,-1,-1
145,-1,317,284,633,458,0.9917336702346802,-1,-1,-1
145,-1,1696,701,1920,920,0.97844398021698,-1,-1,-1
146,-1,1183,108,1432,274,0.9952978491783142,-1,-1,-1
146,-1,348,262,668,448,0.9898905754089355,-1,-1,-1
146,-1,1676,691,1920,912,0.980000376701355,-1,-1,-1
147,-1,1208,102,1444,261,0.9952725768089294,-1,-1,-1
147,-1,382,256,693,433,0.9930872321128845,-1,-1,-1
147,-1,1658,684,1920,908,0.9897862672805786,-1,-1,-1
147,-1,1087,0,1224,90,0.8209413886070251,-1,-1,-1
148,-1,1234,96,1455,249,0.9961826205253601,-1,-1,-1
148,-1,1636,672,1917,895,0.9925591945648193,-1,-1,-1
148,-1,419,242,735,419,0.992373526096344,-1,-1,-1
148,-1,1082,0,1221,94,0.8578576445579529,-1,-1,-1
149,-1,1255,89,1461,238,0.9944656491279602,-1,-1,-1
149,-1,452,230,777,406,0.9929391145706177,-1,-1,-1
149,-1,1610,665,1904,889,0.992426872253418,-1,-1,-1
149,-1,1076,0,1217,93,0.8820929527282715,-1,-1,-1
150,-1,1274,82,1466,228,0.995317816734314,-1,-1,-1
150,-1,1588,652,1892,882,0.9932431578636169,-1,-1,-1
150,-1,487,214,822,390,0.9924898743629456,-1,-1,-1
150,-1,1071,0,1215,95,0.891819417476654,-1,-1,-1
151,-1,1290,77,1472,217,0.9958384037017822,-1,-1,-1
151,-1,529,210,855,379,0.9945995807647705,-1,-1,-1
151,-1,1561,644,1874,874,0.9929426908493042,-1,-1,-1
151,-1,1064,0,1214,98,0.9242483973503113,-1,-1,-1
152,-1,1310,68,1478,209,0.9955488443374634,-1,-1,-1
152,-1,562,196,893,364,0.9944050312042236,-1,-1,-1
152,-1,1530,631,1856,862,0.9922122955322266,-1,-1,-1
152,-1,1058,0,1211,102,0.9472706317901611,-1,-1,-1
153,-1,1320,66,1480,202,0.9962912797927856,-1,-1,-1
153,-1,608,186,935,350,0.9933196306228638,-1,-1,-1
153,-1,1511,624,1838,855,0.9924156665802002,-1,-1,-1
153,-1,1055,0,1205,104,0.9638670086860657,-1,-1,-1
154,-1,653,178,980,336,0.9936168193817139,-1,-1,-1
154,-1,1335,59,1485,191,0.9934093952178955,-1,-1,-1
154,-1,1464,611,1812,846,0.9927431344985962,-1,-1,-1
154,-1,1048,0,1205,106,0.9736277461051941,-1,-1,-1
155,-1,1347,55,1486,182,0.994020402431488,-1,-1,-1
155,-1,686,167,1006,325,0.9937553405761719,-1,-1,-1
155,-1,1424,593,1785,834,0.9934276342391968,-1,-1,-1
155,-1,1041,0,1204,106,0.9707044959068298,-1,-1,-1
156,-1,1391,578,1754,819,0.9953140020370483,-1,-1,-1
156,-1,726,157,1045,312,0.994698166847229,-1,-1,-1
156,-1,1355,50,1490,175,0.9913545250892639,-1,-1,-1
156,-1,1037,0,1202,108,0.967438280582428,-1,-1,-1
157,-1,1361,44,1493,165,0.9957824945449829,-1,-1,-1
157,-1,774,148,1076,301,0.9936155080795288,-1,-1,-1
157,-1,1352,563,1727,808,0.9928150177001953,-1,-1,-1
157,-1,1030,0,1199,111,0.9501725435256958,-1,-1,-1
158,-1,1304,547,1690,795,0.9937011003494263,-1,-1,-1
158,-1,813,144,1110,288,0.9934206604957581,-1,-1,-1
158,-1,1368,38,1496,158,0.9929094910621643,-1,-1,-1
158,-1,1029,1,1194,111,0.9696269035339355,-1,-1,-1
158,-1,0,585,181,763,0.6321196556091309,-1,-1,-1
159,-1,853,133,1135,278,0.9933039546012878,-1,-1,-1
159,-1,1258,528,1657,779,0.9919958114624023,-1,-1,-1
159,-1,1374,32,1497,151,0.9890753030776978,-1,-1,-1
159,-1,1027,0,1194,111,0.9760642051696777,-1,-1,-1
159,-1,0,584,188,766,0.84206223487854,-1,-1,-1
160,-1,891,127,1170,267,0.9929641485214233,-1,-1,-1
160,-1,1217,514,1622,761,0.9915258288383484,-1,-1,-1
160,-1,1378,31,1496,141,0.9868027567863464,-1,-1,-1
160,-1,1021,0,1189,112,0.9803379774093628,-1,-1,-1
160,-1,0,577,197,765,0.8176149725914001,-1,-1,-1
161,-1,917,121,1192,258,0.9930358529090881,-1,-1,-1
161,-1,1151,497,1568,741,0.9919734001159668,-1,-1,-1
161,-1,1381,26,1497,134,0.9888476133346558,-1,-1,-1
161,-1,1018,0,1189,112,0.9792470335960388,-1,-1,-1
161,-1,0,576,201,758,0.9055911898612976,-1,-1,-1
162,-1,967,115,1216,243,0.9941574335098267,-1,-1,-1
162,-1,1381,24,1497,128,0.9912816286087036,-1,-1,-1
162,-1,1134,472,1531,726,0.9896609783172607,-1,-1,-1
162,-1,1013,0,1188,112,0.9774302840232849,-1,-1,-1
162,-1,0,573,212,760,0.9379501938819885,-1,-1,-1
163,-1,1072,461,1487,707,0.9940404295921326,-1,-1,-1
163,-1,1383,20,1497,123,0.9938762784004211,-1,-1,-1
163,-1,984,109,1241,237,0.9938507080078125,-1,-1,-1
163,-1,1012,2,1186,112,0.9686837792396545,-1,-1,-1
163,-1,0,571,217,756,0.9409600496292114,-1,-1,-1
164,-1,1031,103,1261,227,0.9926746487617493,-1,-1,-1
164,-1,1027,447,1446,684,0.9925042390823364,-1,-1,-1
164,-1,1386,19,1499,117,0.9918537735939026,-1,-1,-1
164,-1,0,571,224,754,0.966611921787262,-1,-1,-1
164,-1,1009,1,1182,113,0.9241858720779419,-1,-1,-1
165,-1,1054,95,1277,217,0.9946625828742981,-1,-1,-1
165,-1,1385,15,1494,110,0.9921320080757141,-1,-1,-1
165,-1,986,427,1379,658,0.9909754395484924,-1,-1,-1
165,-1,0,572,226,753,0.9755135774612427,-1,-1,-1
165,-1,1002,4,1175,117,0.8602301478385925,-1,-1,-1
166,-1,1079,87,1292,211,0.9938353300094604,-1,-1,-1
166,-1,938,411,1339,641,0.9932583570480347,-1,-1,-1
166,-1,0,571,231,754,0.9823123812675476,-1,-1,-1
166,-1,1387,11,1491,104,0.9595831632614136,-1,-1,-1
166,-1,996,3,1174,117,0.933656632900238,-1,-1,-1
167,-1,889,400,1291,624,0.9947974681854248,-1,-1,-1
167,-1,1102,84,1312,205,0.9926471710205078,-1,-1,-1
167,-1,0,570,237,754,0.9821036458015442,-1,-1,-1
167,-1,991,5,1170,117,0.9415866732597351,-1,-1,-1
167,-1,1386,7,1491,98,0.882976233959198,-1,-1,-1
168,-1,835,387,1241,610,0.9933848977088928,-1,-1,-1
168,-1,1127,78,1326,197,0.9913483262062073,-1,-1,-1
168,-1,1,568,242,751,0.9837941527366638,-1,-1,-1
168,-1,989,5,1171,119,0.9610995054244995,-1,-1,-1
168,-1,1385,2,1488,94,0.7842077612876892,-1,-1,-1
169,-1,1153,74,1339,189,0.993477463722229,-1,-1,-1
169,-1,798,372,1192,589,0.9923736453056335,-1,-1,-1
169,-1,4,569,248,753,0.9845591187477112,-1,-1,-1
169,-1,988,6,1170,118,0.9794935584068298,-1,-1,-1
169,-1,1385,0,1487,90,0.7998601794242859,-1,-1,-1
170,-1,744,362,1145,573,0.9928458333015442,-1,-1,-1
170,-1,1175,70,1351,182,0.9914930462837219,-1,-1,-1
170,-1,6,568,250,753,0.9861702919006348,-1,-1,-1
170,-1,978,6,1167,118,0.9741290211677551,-1,-1,-1
171,-1,717,356,1079,551,0.9938311576843262,-1,-1,-1
171,-1,1195,60,1358,175,0.9894688129425049,-1,-1,-1
171,-1,9,567,251,752,0.9828289151191711,-1,-1,-1
171,-1,979,8,1167,119,0.9816725850105286,-1,-1,-1
172,-1,662,337,1032,534,0.9947876930236816,-1,-1,-1
172,-1,1213,56,1368,168,0.990260899066925,-1,-1,-1
172,-1,971,11,1161,120,0.9851696491241455,-1,-1,-1
172,-1,9,566,253,751,0.9841265082359314,-1,-1,-1
173,-1,619,329,981,520,0.9941179752349854,-1,-1,-1
173,-1,1227,52,1379,163,0.9904084205627441,-1,-1,-1
173,-1,963,10,1157,124,0.9866378307342529,-1,-1,-1
173,-1,9,566,254,751,0.9850807785987854,-1,-1,-1
174,-1,587,324,926,507,0.9931765198707581,-1,-1,-1
174,-1,1244,48,1388,157,0.9909496903419495,-1,-1,-1
174,-1,952,9,1153,125,0.9905681014060974,-1,-1,-1
174,-1,9,566,256,750,0.9855629205703735,-1,-1,-1
175,-1,542,313,877,491,0.9945248365402222,-1,-1,-1
175,-1,944,12,1148,127,0.9887107014656067,-1,-1,-1
175,-1,1258,44,1394,148,0.987276017665863,-1,-1,-1
175,-1,9,566,257,750,0.9872379302978516,-1,-1,-1
176,-1,504,307,825,480,0.9933838248252869,-1,-1,-1
176,-1,934,11,1144,130,0.9919098019599915,-1,-1,-1
176,-1,9,566,256,750,0.9871279001235962,-1,-1,-1
176,-1,1265,40,1402,142,0.9793878793716431,-1,-1,-1
177,-1,476,303,783,468,0.9916227459907532,-1,-1,-1
177,-1,920,11,1139,133,0.988469660282135,-1,-1,-1
177,-1,10,566,256,750,0.9876900911331177,-1,-1,-1
177,-1,1278,35,1406,135,0.9873043894767761,-1,-1,-1
178,-1,431,301,728,461,0.9921672940254211,-1,-1,-1
178,-1,10,565,256,750,0.9881027340888977,-1,-1,-1
178,-1,911,13,1132,134,0.9875735640525818,-1,-1,-1
178,-1,1287,32,1408,130,0.985390305519104,-1,-1,-1
179,-1,401,299,679,454,0.9941691160202026,-1,-1,-1
179,-1,10,565,256,750,0.9881069660186768,-1,-1,-1
179,-1,908,12,1133,139,0.9867650270462036,-1,-1,-1
179,-1,1294,29,1414,124,0.9786940813064575,-1,-1,-1
180,-1,368,299,636,448,0.9943580031394958,-1,-1,-1
180,-1,10,565,257,750,0.9874904751777649,-1,-1,-1
180,-1,892,13,1125,143,0.9836327433586121,-1,-1,-1
180,-1,1299,27,1417,117,0.9807541370391846,-1,-1,-1
181,-1,334,300,595,444,0.9923593401908875,-1,-1,-1
181,-1,10,566,256,751,0.9864597320556641,-1,-1,-1
181,-1,881,13,1117,146,0.9861457943916321,-1,-1,-1
181,-1,1304,24,1417,113,0.9803987145423889,-1,-1,-1
182,-1,309,302,552,441,0.99237060546875,-1,-1,-1
182,-1,868,15,1094,149,0.9892103672027588,-1,-1,-1
182,-1,10,566,257,751,0.9867950081825256,-1,-1,-1
182,-1,1309,20,1418,107,0.9692812561988831,-1,-1,-1
183,-1,281,304,515,441,0.9924328327178955,-1,-1,-1
183,-1,856,19,1087,150,0.9878937602043152,-1,-1,-1
183,-1,10,565,255,751,0.986443042755127,-1,-1,-1
183,-1,1317,14,1418,102,0.9073647260665894,-1,-1,-1
184,-1,249,310,472,443,0.9906094670295715,-1,-1,-1
184,-1,842,23,1079,155,0.988246500492096,-1,-1,-1
184,-1,10,565,255,752,0.9858511090278625,-1,-1,-1
184,-1,1321,12,1419,98,0.8181153535842896,-1,-1,-1
185,-1,229,312,442,445,0.9894350171089172,-1,-1,-1
185,-1,827,26,1067,157,0.9884976148605347,-1,-1,-1
185,-1,10,564,255,752,0.9857915639877319,-1,-1,-1
185,-1,1324,10,1419,91,0.6368382573127747,-1,-1,-1
186,-1,202,320,410,449,0.9898847341537476,-1,-1,-1
186,-1,798,26,1058,162,0.988654613494873,-1,-1,-1
186,-1,11,565,255,751,0.9857407212257385,-1,-1,-1
187,-1,781,29,1040,166,0.9927181005477905,-1,-1,-1
187,-1,170,322,374,456,0.9893653392791748,-1,-1,-1
187,-1,11,565,256,752,0.9847805500030518,-1,-1,-1
188,-1,760,30,1031,171,0.9921626448631287,-1,-1,-1
188,-1,144,329,334,461,0.9884759187698364,-1,-1,-1
188,-1,11,565,256,751,0.9844589233398438,-1,-1,-1
189,-1,744,33,1012,174,0.9895341992378235,-1,-1,-1
189,-1,10,564,256,752,0.9843156933784485,-1,-1,-1
189,-1,121,335,305,468,0.9823139905929565,-1,-1,-1
190,-1,725,35,996,179,0.9873865246772766,-1,-1,-1
190,-1,10,564,256,751,0.9843375086784363,-1,-1,-1
190,-1,98,348,272,474,0.9833108186721802,-1,-1,-1
191,-1,713,39,979,183,0.9893354773521423,-1,-1,-1
191,-1,8,564,257,751,0.9848297238349915,-1,-1,-1
191,-1,70,354,243,484,0.98304682970047,-1,-1,-1
192,-1,683,42,964,190,0.9896837472915649,-1,-1,-1
192,-1,8,564,257,751,0.9849088788032532,-1,-1,-1
192,-1,54,367,211,489,0.9752362966537476,-1,-1,-1
193,-1,660,50,935,195,0.9905843734741211,-1,-1,-1
193,-1,7,565,258,750,0.9835144281387329,-1,-1,-1
193,-1,33,378,188,493,0.936924159526825,-1,-1,-1
194,-1,641,57,911,200,0.9893320798873901,-1,-1,-1
194,-1,7,566,258,750,0.9818814396858215,-1,-1,-1
194,-1,29,385,160,489,0.7818072438240051,-1,-1,-1
195,-1,622,62,890,207,0.989004909992218,-1,-1,-1
195,-1,8,565,258,750,0.9843466281890869,-1,-1,-1
196,-1,8,567,255,749,0.989166796207428,-1,-1,-1
196,-1,597,68,874,215,0.9878268837928772,-1,-1,-1
196,-1,1097,0,1229,86,0.7947631478309631,-1,-1,-1
197,-1,11,565,254,750,0.9879462122917175,-1,-1,-1
197,-1,574,69,847,221,0.9858081340789795,-1,-1,-1
197,-1,1092,0,1226,87,0.7859669327735901,-1,-1,-1
198,-1,546,78,820,229,0.9881193041801453,-1,-1,-1
198,-1,8,563,259,751,0.9849491715431213,-1,-1,-1
198,-1,1089,0,1223,88,0.897756814956665,-1,-1,-1
199,-1,520,81,797,239,0.9907962083816528,-1,-1,-1
199,-1,7,560,259,749,0.987407922744751,-1,-1,-1
199,-1,1084,0,1222,90,0.962504506111145,-1,-1,-1
200,-1,7,558,260,749,0.987335205078125,-1,-1,-1
200,-1,498,90,774,245,0.9859259724617004,-1,-1,-1
200,-1,1080,0,1221,92,0.9732806086540222,-1,-1,-1
201,-1,8,567,259,751,0.9867855906486511,-1,-1,-1
201,-1,465,94,742,255,0.9832997918128967,-1,-1,-1
201,-1,1078,0,1217,93,0.9634565711021423,-1,-1,-1
201,-1,0,392,272,606,0.9539430737495422,-1,-1,-1
202,-1,7,563,260,750,0.9872685074806213,-1,-1,-1
202,-1,434,96,714,263,0.9804264307022095,-1,-1,-1
202,-1,1074,0,1217,96,0.973323404788971,-1,-1,-1
202,-1,2,378,285,600,0.940535843372345,-1,-1,-1
203,-1,8,564,261,751,0.983463704586029,-1,-1,-1
203,-1,414,102,687,274,0.9796629548072815,-1,-1,-1
203,-1,1071,0,1214,97,0.9735976457595825,-1,-1,-1
203,-1,13,368,309,597,0.9662519097328186,-1,-1,-1
204,-1,32,357,338,572,0.9829596281051636,-1,-1,-1
204,-1,378,108,656,284,0.9785146117210388,-1,-1,-1
204,-1,10,561,264,750,0.9765985012054443,-1,-1,-1
204,-1,1067,0,1213,98,0.967162549495697,-1,-1,-1
205,-1,37,345,372,562,0.9854632616043091,-1,-1,-1
205,-1,355,115,625,295,0.9823127388954163,-1,-1,-1
205,-1,13,557,265,751,0.9776556491851807,-1,-1,-1
205,-1,1064,0,1211,99,0.9645354151725769,-1,-1,-1
206,-1,64,336,393,549,0.9866434335708618,-1,-1,-1
206,-1,15,560,269,750,0.9827387928962708,-1,-1,-1
206,-1,330,126,594,306,0.9799220561981201,-1,-1,-1
206,-1,1061,0,1211,100,0.9460121989250183,-1,-1,-1
207,-1,73,320,423,554,0.9880223274230957,-1,-1,-1
207,-1,15,560,270,748,0.9814491868019104,-1,-1,-1
207,-1,303,134,568,316,0.9772449135780334,-1,-1,-1
207,-1,1059,0,1209,101,0.9455173015594482,-1,-1,-1
208,-1,103,305,456,545,0.9919682145118713,-1,-1,-1
208,-1,17,560,272,747,0.9819560647010803,-1,-1,-1
208,-1,280,142,539,324,0.9643937349319458,-1,-1,-1
208,-1,1057,0,1207,103,0.9634156823158264,-1,-1,-1
209,-1,128,291,494,530,0.9915892481803894,-1,-1,-1
209,-1,17,560,276,748,0.9826564788818359,-1,-1,-1
209,-1,1054,0,1207,104,0.9558575749397278,-1,-1,-1
209,-1,265,157,514,316,0.7322261333465576,-1,-1,-1
210,-1,154,279,525,517,0.9930241107940674,-1,-1,-1
210,-1,20,561,279,747,0.9866536259651184,-1,-1,-1
210,-1,1053,0,1206,105,0.9467719793319702,-1,-1,-1
