1,-1,1080,270,1650,745,0.9959108829498291,-1,-1,-1
1,-1,386,103,621,292,0.9929600358009338,-1,-1,-1
2,-1,385,99,619,294,0.9935883283615112,-1,-1,-1
2,-1,1093,276,1680,760,0.9929525256156921,-1,-1,-1
3,-1,1114,291,1703,775,0.9958595633506775,-1,-1,-1
3,-1,377,102,611,297,0.9944204688072205,-1,-1,-1
4,-1,1126,299,1726,788,0.9958211183547974,-1,-1,-1
4,-1,370,101,607,299,0.9941233992576599,-1,-1,-1
5,-1,1153,303,1757,810,0.9952109456062317,-1,-1,-1
5,-1,364,102,607,299,0.9939038157463074,-1,-1,-1
5,-1,1571,156,1920,452,0.8818604946136475,-1,-1,-1
6,-1,1153,303,1757,810,0.9952021837234497,-1,-1,-1
6,-1,364,102,607,299,0.9939188957214355,-1,-1,-1
6,-1,1571,156,1920,452,0.8817137479782104,-1,-1,-1
7,-1,364,101,602,303,0.9947075843811035,-1,-1,-1
7,-1,1166,308,1791,828,0.9909607768058777,-1,-1,-1
7,-1,1560,142,1918,451,0.9555633664131165,-1,-1,-1
8,-1,1191,319,1815,846,0.9946020841598511,-1,-1,-1
8,-1,354,105,598,307,0.9938222169876099,-1,-1,-1
8,-1,1539,141,1909,441,0.9597312808036804,-1,-1,-1
9,-1,1202,328,1846,866,0.9958521127700806,-1,-1,-1
9,-1,347,105,594,309,0.9939695596694946,-1,-1,-1
9,-1,1530,135,1897,442,0.9551406502723694,-1,-1,-1
10,-1,340,106,590,310,0.9936990737915039,-1,-1,-1
10,-1,1221,332,1873,886,0.990982711315155,-1,-1,-1
10,-1,1496,145,1867,424,0.9145570397377014,-1,-1,-1
11,-1,335,106,588,310,0.9937118291854858,-1,-1,-1
11,-1,1218,343,1907,901,0.9934254884719849,-1,-1,-1
11,-1,1495,142,1854,417,0.958667516708374,-1,-1,-1
12,-1,332,106,583,312,0.9938375353813171,-1,-1,-1
12,-1,1266,352,1920,922,0.9834452271461487,-1,-1,-1
12,-1,1478,136,1835,419,0.909919798374176,-1,-1,-1
13,-1,328,105,581,316,0.9933751225471497,-1,-1,-1
13,-1,1448,131,1811,408,0.9735716581344604,-1,-1,-1
13,-1,1296,356,1920,936,0.9566624760627747,-1,-1,-1
14,-1,323,106,577,319,0.993436336517334,-1,-1,-1
14,-1,1451,129,1802,413,0.9839576482772827,-1,-1,-1
14,-1,1290,374,1920,958,0.9327691793441772,-1,-1,-1
15,-1,316,105,572,320,0.9931981563568115,-1,-1,-1
15,-1,1439,123,1788,406,0.9916980266571045,-1,-1,-1
15,-1,1318,378,1920,978,0.924057126045227,-1,-1,-1
16,-1,316,107,566,320,0.993130624294281,-1,-1,-1
16,-1,1425,124,1773,404,0.9914621114730835,-1,-1,-1
16,-1,1345,383,1920,1005,0.7821761965751648,-1,-1,-1
17,-1,302,107,564,325,0.9933276176452637,-1,-1,-1
17,-1,1419,125,1752,403,0.9918444752693176,-1,-1,-1
17,-1,1356,396,1920,1021,0.6217544674873352,-1,-1,-1
18,-1,1408,122,1741,397,0.994351863861084,-1,-1,-1
18,-1,298,106,560,325,0.993452787399292,-1,-1,-1
19,-1,293,107,556,325,0.9938868880271912,-1,-1,-1
19,-1,1394,125,1726,395,0.9931026697158813,-1,-1,-1
20,-1,286,107,554,328,0.9945474863052368,-1,-1,-1
20,-1,1377,117,1707,395,0.9917994737625122,-1,-1,-1
21,-1,283,108,552,330,0.995334804058075,-1,-1,-1
21,-1,1371,114,1702,391,0.9920226335525513,-1,-1,-1
22,-1,283,108,552,330,0.9953296184539795,-1,-1,-1
22,-1,1371,114,1702,391,0.9919298887252808,-1,-1,-1
23,-1,283,108,552,331,0.9953392744064331,-1,-1,-1
23,-1,1371,114,1702,391,0.9918660521507263,-1,-1,-1
24,-1,283,108,552,330,0.9953293800354004,-1,-1,-1
24,-1,1371,114,1702,391,0.9918349981307983,-1,-1,-1
25,-1,283,109,552,330,0.9953174591064453,-1,-1,-1
25,-1,1371,115,1702,391,0.9913690686225891,-1,-1,-1
26,-1,283,109,552,330,0.995331346988678,-1,-1,-1
26,-1,1371,115,1702,391,0.9913408160209656,-1,-1,-1
27,-1,283,109,552,330,0.9953349232673645,-1,-1,-1
27,-1,1371,115,1702,391,0.9912233352661133,-1,-1,-1
28,-1,283,109,552,330,0.9953180551528931,-1,-1,-1
28,-1,1371,115,1702,391,0.9912233352661133,-1,-1,-1
29,-1,283,109,552,330,0.9953179359436035,-1,-1,-1
29,-1,1371,115,1702,391,0.9912317395210266,-1,-1,-1
30,-1,283,109,552,330,0.9953246116638184,-1,-1,-1
30,-1,1371,115,1702,391,0.9912170171737671,-1,-1,-1
31,-1,283,109,552,330,0.995322048664093,-1,-1,-1
31,-1,1371,115,1702,392,0.9912316203117371,-1,-1,-1
32,-1,261,121,533,359,0.9936218857765198,-1,-1,-1
32,-1,1272,112,1565,358,0.9929874539375305,-1,-1,-1
32,-1,1613,168,1920,472,0.9138081669807434,-1,-1,-1
33,-1,261,121,534,363,0.9933881759643555,-1,-1,-1
33,-1,1263,112,1548,358,0.9901818633079529,-1,-1,-1
33,-1,1590,165,1920,471,0.9458639025688171,-1,-1,-1
34,-1,260,124,535,368,0.9932369589805603,-1,-1,-1
34,-1,1249,116,1542,354,0.9917329549789429,-1,-1,-1
34,-1,1581,161,1920,475,0.9654971361160278,-1,-1,-1
35,-1,253,123,542,374,0.993170976638794,-1,-1,-1
35,-1,1240,117,1530,350,0.9925189018249512,-1,-1,-1
35,-1,1569,156,1920,472,0.9774991273880005,-1,-1,-1
36,-1,252,123,543,373,0.992887556552887,-1,-1,-1
36,-1,1236,117,1517,348,0.9925634264945984,-1,-1,-1
36,-1,1549,155,1920,454,0.9916084408760071,-1,-1,-1
37,-1,250,127,541,378,0.9933295249938965,-1,-1,-1
37,-1,1225,111,1509,348,0.9929672479629517,-1,-1,-1
37,-1,1530,150,1918,458,0.9910587668418884,-1,-1,-1
38,-1,252,125,547,378,0.9945337772369385,-1,-1,-1
38,-1,1526,149,1902,444,0.9925695061683655,-1,-1,-1
38,-1,1215,111,1496,346,0.990949809551239,-1,-1,-1
39,-1,257,135,550,383,0.9948357343673706,-1,-1,-1
39,-1,1510,148,1890,444,0.9941451549530029,-1,-1,-1
39,-1,1207,110,1487,346,0.9933672547340393,-1,-1,-1
40,-1,258,135,550,383,0.9947999715805054,-1,-1,-1
40,-1,1510,148,1890,444,0.9941406846046448,-1,-1,-1
40,-1,1207,110,1487,346,0.9933439493179321,-1,-1,-1
41,-1,258,138,549,383,0.9952762126922607,-1,-1,-1
41,-1,1207,109,1487,345,0.9943760633468628,-1,-1,-1
41,-1,1511,148,1888,444,0.9940893650054932,-1,-1,-1
42,-1,255,141,559,399,0.9965416789054871,-1,-1,-1
42,-1,1462,143,1837,433,0.9926758408546448,-1,-1,-1
42,-1,1185,103,1461,340,0.9919123649597168,-1,-1,-1
43,-1,267,147,559,401,0.9951423406600952,-1,-1,-1
43,-1,1455,135,1825,422,0.9940008521080017,-1,-1,-1
43,-1,1179,104,1446,338,0.9902153015136719,-1,-1,-1
44,-1,1439,137,1807,419,0.9959756731987,-1,-1,-1
44,-1,260,144,570,406,0.9953038692474365,-1,-1,-1
44,-1,1173,98,1435,333,0.9909963607788086,-1,-1,-1
45,-1,259,145,573,414,0.9947732090950012,-1,-1,-1
45,-1,1425,136,1787,414,0.9943986535072327,-1,-1,-1
45,-1,1160,101,1426,330,0.9929359555244446,-1,-1,-1
46,-1,1415,134,1774,409,0.9956485629081726,-1,-1,-1
46,-1,1156,100,1423,328,0.9928309321403503,-1,-1,-1
46,-1,262,143,584,420,0.992418646812439,-1,-1,-1
47,-1,1401,134,1756,407,0.9963415265083313,-1,-1,-1
47,-1,265,153,588,423,0.9956046342849731,-1,-1,-1
47,-1,1150,93,1412,327,0.9933167695999146,-1,-1,-1
48,-1,1392,133,1741,399,0.9954751133918762,-1,-1,-1
48,-1,265,151,599,430,0.9934263229370117,-1,-1,-1
48,-1,1144,96,1401,325,0.9929749965667725,-1,-1,-1
49,-1,1369,134,1723,398,0.9940453767776489,-1,-1,-1
49,-1,264,155,604,434,0.9938509464263916,-1,-1,-1
49,-1,1136,97,1394,324,0.9929096102714539,-1,-1,-1
50,-1,1362,125,1706,397,0.9943135976791382,-1,-1,-1
50,-1,267,160,610,439,0.9938862919807434,-1,-1,-1
50,-1,1128,95,1383,322,0.9925209283828735,-1,-1,-1
51,-1,1356,129,1697,394,0.9963228702545166,-1,-1,-1
51,-1,270,159,613,448,0.9944989085197449,-1,-1,-1
51,-1,1121,95,1376,320,0.9937415719032288,-1,-1,-1
52,-1,1356,129,1697,394,0.9963505268096924,-1,-1,-1
52,-1,270,159,613,448,0.9944146871566772,-1,-1,-1
52,-1,1121,96,1376,320,0.9936885237693787,-1,-1,-1
53,-1,1356,129,1697,394,0.9963521957397461,-1,-1,-1
53,-1,270,159,613,448,0.9944374561309814,-1,-1,-1
53,-1,1121,96,1376,320,0.993718147277832,-1,-1,-1
54,-1,1356,129,1697,394,0.996350884437561,-1,-1,-1
54,-1,270,159,613,448,0.9944374561309814,-1,-1,-1
54,-1,1121,96,1376,320,0.993669331073761,-1,-1,-1
55,-1,1356,129,1697,394,0.9963501691818237,-1,-1,-1
55,-1,270,159,613,448,0.9944213032722473,-1,-1,-1
55,-1,1121,96,1376,320,0.9937300682067871,-1,-1,-1
56,-1,1356,129,1697,394,0.9963434338569641,-1,-1,-1
56,-1,270,159,613,448,0.9943941831588745,-1,-1,-1
56,-1,1121,96,1376,320,0.9937583208084106,-1,-1,-1
57,-1,1356,129,1697,394,0.9963468909263611,-1,-1,-1
57,-1,270,159,613,448,0.9943879246711731,-1,-1,-1
57,-1,1121,96,1376,320,0.9937775135040283,-1,-1,-1
58,-1,1356,129,1697,394,0.9963471293449402,-1,-1,-1
58,-1,270,159,613,448,0.994387686252594,-1,-1,-1
58,-1,1121,96,1376,320,0.9937359094619751,-1,-1,-1
59,-1,1356,129,1697,394,0.9963397979736328,-1,-1,-1
59,-1,270,159,613,448,0.9944115281105042,-1,-1,-1
59,-1,1121,96,1376,320,0.9937005043029785,-1,-1,-1
60,-1,1356,129,1697,394,0.9963556528091431,-1,-1,-1
60,-1,270,159,613,448,0.9943986535072327,-1,-1,-1
60,-1,1121,96,1376,320,0.9937421679496765,-1,-1,-1
61,-1,1356,129,1697,394,0.9963330030441284,-1,-1,-1
61,-1,270,159,614,448,0.9943470358848572,-1,-1,-1
61,-1,1121,95,1376,320,0.9941045641899109,-1,-1,-1
62,-1,1244,118,1560,366,0.9944273233413696,-1,-1,-1
62,-1,312,207,690,521,0.9924206137657166,-1,-1,-1
62,-1,1056,90,1288,303,0.9592479467391968,-1,-1,-1
62,-1,344,106,551,258,0.8221276998519897,-1,-1,-1
63,-1,1236,121,1549,359,0.9948102235794067,-1,-1,-1
63,-1,318,211,700,531,0.994203507900238,-1,-1,-1
63,-1,1052,87,1281,300,0.9628459811210632,-1,-1,-1
63,-1,338,103,542,262,0.8975706100463867,-1,-1,-1
64,-1,312,211,700,546,0.9936687350273132,-1,-1,-1
64,-1,1223,116,1533,359,0.9930654764175415,-1,-1,-1
64,-1,1039,94,1273,302,0.9660038948059082,-1,-1,-1
64,-1,330,98,537,261,0.9187408089637756,-1,-1,-1
65,-1,1222,120,1517,354,0.9937904477119446,-1,-1,-1
65,-1,316,210,711,548,0.9927707314491272,-1,-1,-1
65,-1,1034,94,1265,299,0.9789284467697144,-1,-1,-1
65,-1,326,98,532,268,0.9584910273551941,-1,-1,-1
66,-1,1209,111,1508,356,0.9940314888954163,-1,-1,-1
66,-1,320,219,708,556,0.9926297664642334,-1,-1,-1
66,-1,318,93,529,269,0.973244309425354,-1,-1,-1
66,-1,1031,86,1259,291,0.9603813886642456,-1,-1,-1
67,-1,321,224,724,558,0.9939124584197998,-1,-1,-1
67,-1,1197,115,1500,355,0.9935500025749207,-1,-1,-1
67,-1,312,89,526,268,0.9762982130050659,-1,-1,-1
67,-1,1022,98,1258,293,0.9532948732376099,-1,-1,-1
68,-1,325,226,731,567,0.9934521913528442,-1,-1,-1
68,-1,1191,115,1491,347,0.9927324652671814,-1,-1,-1
68,-1,309,88,521,268,0.9791117906570435,-1,-1,-1
68,-1,1015,97,1238,295,0.9614408612251282,-1,-1,-1
69,-1,322,224,744,574,0.9945579767227173,-1,-1,-1
69,-1,1181,113,1481,349,0.9922727346420288,-1,-1,-1
69,-1,301,87,515,270,0.9848195314407349,-1,-1,-1
69,-1,1010,97,1233,294,0.9654567241668701,-1,-1,-1
70,-1,331,228,749,583,0.993314802646637,-1,-1,-1
70,-1,1182,116,1469,349,0.9930272698402405,-1,-1,-1
70,-1,297,88,512,270,0.9863068461418152,-1,-1,-1
70,-1,1005,97,1226,287,0.9504619240760803,-1,-1,-1
71,-1,324,227,759,590,0.9937153458595276,-1,-1,-1
71,-1,1169,112,1460,346,0.9925646781921387,-1,-1,-1
71,-1,294,85,511,271,0.9865410923957825,-1,-1,-1
71,-1,1000,94,1219,287,0.9658874869346619,-1,-1,-1
72,-1,328,232,769,600,0.994090735912323,-1,-1,-1
72,-1,1166,111,1447,342,0.9916085600852966,-1,-1,-1
72,-1,290,86,505,273,0.9863461852073669,-1,-1,-1
72,-1,997,95,1211,287,0.9413000345230103,-1,-1,-1
73,-1,331,235,777,610,0.9936386942863464,-1,-1,-1
73,-1,1155,112,1439,342,0.9923862218856812,-1,-1,-1
73,-1,286,87,504,275,0.9904769659042358,-1,-1,-1
73,-1,993,97,1206,287,0.9674320220947266,-1,-1,-1
74,-1,1148,111,1426,339,0.9952659606933594,-1,-1,-1
74,-1,281,88,495,277,0.994053065776825,-1,-1,-1
74,-1,345,239,770,626,0.9918535351753235,-1,-1,-1
74,-1,984,99,1199,287,0.9724149107933044,-1,-1,-1
75,-1,1148,111,1426,339,0.9953064322471619,-1,-1,-1
75,-1,281,88,495,277,0.9940516352653503,-1,-1,-1
75,-1,345,239,770,626,0.9918892979621887,-1,-1,-1
75,-1,987,99,1197,284,0.9730727076530457,-1,-1,-1
76,-1,1148,111,1426,339,0.9953969120979309,-1,-1,-1
76,-1,281,88,495,277,0.9940524697303772,-1,-1,-1
76,-1,345,239,770,626,0.9918652176856995,-1,-1,-1
76,-1,987,98,1197,284,0.9726058840751648,-1,-1,-1
77,-1,1148,111,1426,339,0.9953795671463013,-1,-1,-1
77,-1,281,88,495,277,0.9940422177314758,-1,-1,-1
77,-1,345,239,770,626,0.991885781288147,-1,-1,-1
77,-1,984,99,1199,287,0.9718307852745056,-1,-1,-1
78,-1,1148,111,1426,339,0.9954076409339905,-1,-1,-1
78,-1,281,88,495,277,0.9940404295921326,-1,-1,-1
78,-1,345,239,770,626,0.9918301701545715,-1,-1,-1
78,-1,984,99,1199,287,0.9719287157058716,-1,-1,-1
79,-1,1148,111,1426,339,0.9953977465629578,-1,-1,-1
79,-1,281,88,495,277,0.9940310120582581,-1,-1,-1
79,-1,345,239,770,626,0.9918323755264282,-1,-1,-1
79,-1,984,99,1199,287,0.9719954133033752,-1,-1,-1
80,-1,1148,111,1426,339,0.9954000115394592,-1,-1,-1
80,-1,281,88,495,277,0.9940322041511536,-1,-1,-1
80,-1,345,239,770,626,0.9918537735939026,-1,-1,-1
80,-1,984,99,1199,287,0.9719879627227783,-1,-1,-1
81,-1,1148,112,1427,339,0.9955683350563049,-1,-1,-1
81,-1,281,88,495,277,0.9939634203910828,-1,-1,-1
81,-1,342,234,777,625,0.9915823340415955,-1,-1,-1
81,-1,986,98,1201,288,0.9729577302932739,-1,-1,-1
82,-1,1148,112,1427,339,0.9955809712409973,-1,-1,-1
82,-1,281,88,495,277,0.9940085411071777,-1,-1,-1
82,-1,342,234,777,625,0.9915001392364502,-1,-1,-1
82,-1,986,98,1201,288,0.973403811454773,-1,-1,-1
83,-1,1148,112,1427,339,0.9955795407295227,-1,-1,-1
83,-1,281,88,495,277,0.9940102100372314,-1,-1,-1
83,-1,342,234,777,625,0.9914905428886414,-1,-1,-1
83,-1,986,98,1201,288,0.9736081957817078,-1,-1,-1
84,-1,1148,112,1427,339,0.9955043196678162,-1,-1,-1
84,-1,281,88,495,277,0.9940206408500671,-1,-1,-1
84,-1,342,234,777,625,0.9914551973342896,-1,-1,-1
84,-1,986,98,1201,288,0.9734583497047424,-1,-1,-1
85,-1,1148,112,1427,340,0.9955217838287354,-1,-1,-1
85,-1,282,87,494,277,0.9939090013504028,-1,-1,-1
85,-1,342,235,778,626,0.991777777671814,-1,-1,-1
85,-1,987,98,1196,285,0.9712174534797668,-1,-1,-1
86,-1,1148,112,1427,340,0.9955397248268127,-1,-1,-1
86,-1,282,87,494,277,0.993910551071167,-1,-1,-1
86,-1,342,235,778,625,0.9917848110198975,-1,-1,-1
86,-1,987,98,1196,285,0.9712167382240295,-1,-1,-1
87,-1,1148,112,1427,340,0.9955475330352783,-1,-1,-1
87,-1,282,87,494,277,0.9939029812812805,-1,-1,-1
87,-1,342,235,778,625,0.991797685623169,-1,-1,-1
87,-1,987,98,1196,285,0.9715335965156555,-1,-1,-1
88,-1,1148,112,1427,340,0.9955704808235168,-1,-1,-1
88,-1,282,87,494,277,0.9938994646072388,-1,-1,-1
88,-1,342,235,778,625,0.9917783141136169,-1,-1,-1
88,-1,987,98,1196,285,0.9714452028274536,-1,-1,-1
89,-1,1148,112,1427,340,0.9955644607543945,-1,-1,-1
89,-1,282,87,494,277,0.9938977360725403,-1,-1,-1
89,-1,342,235,778,625,0.9917761087417603,-1,-1,-1
89,-1,987,98,1196,285,0.9719630479812622,-1,-1,-1
90,-1,1148,112,1427,340,0.9955804944038391,-1,-1,-1
90,-1,282,87,494,277,0.9938924312591553,-1,-1,-1
90,-1,342,235,778,625,0.9917765855789185,-1,-1,-1
90,-1,987,98,1196,285,0.971912145614624,-1,-1,-1
91,-1,1148,112,1427,340,0.9955602884292603,-1,-1,-1
91,-1,282,87,494,277,0.9938948750495911,-1,-1,-1
91,-1,342,235,778,625,0.991789698600769,-1,-1,-1
91,-1,987,98,1196,285,0.971927285194397,-1,-1,-1
92,-1,1400,148,1741,406,0.995512068271637,-1,-1,-1
92,-1,233,101,484,319,0.9954527616500854,-1,-1,-1
92,-1,427,386,1038,918,0.9942693710327148,-1,-1,-1
92,-1,1044,101,1287,307,0.9932925701141357,-1,-1,-1
93,-1,1040,101,1281,306,0.995699405670166,-1,-1,-1
93,-1,234,102,484,320,0.9954559803009033,-1,-1,-1
93,-1,449,405,1060,937,0.9938734769821167,-1,-1,-1
93,-1,1392,146,1736,400,0.9918540716171265,-1,-1,-1
94,-1,1039,101,1276,304,0.9957503080368042,-1,-1,-1
94,-1,233,103,486,322,0.9951135516166687,-1,-1,-1
94,-1,441,417,1087,961,0.9945763349533081,-1,-1,-1
94,-1,1377,142,1709,399,0.9935032725334167,-1,-1,-1
94,-1,911,131,1087,285,0.6474387049674988,-1,-1,-1
95,-1,1029,101,1270,307,0.995326042175293,-1,-1,-1
95,-1,1366,144,1695,395,0.9953227639198303,-1,-1,-1
95,-1,233,104,487,324,0.9951855540275574,-1,-1,-1
95,-1,449,424,1113,990,0.9951446652412415,-1,-1,-1
95,-1,906,132,1077,281,0.7358816862106323,-1,-1,-1
96,-1,1027,102,1265,304,0.9957689046859741,-1,-1,-1
96,-1,1352,143,1683,392,0.9953522682189941,-1,-1,-1
96,-1,230,106,491,327,0.9948733448982239,-1,-1,-1
96,-1,461,431,1134,1022,0.9911925196647644,-1,-1,-1
96,-1,906,143,1070,281,0.8056018352508545,-1,-1,-1
97,-1,1019,101,1260,302,0.9957135915756226,-1,-1,-1
97,-1,229,106,491,330,0.9951654672622681,-1,-1,-1
97,-1,1345,138,1671,389,0.9950278401374817,-1,-1,-1
97,-1,467,443,1161,1044,0.991572380065918,-1,-1,-1
97,-1,907,140,1066,282,0.676546573638916,-1,-1,-1
98,-1,229,106,492,335,0.995577335357666,-1,-1,-1
98,-1,1020,100,1254,304,0.9946385025978088,-1,-1,-1
98,-1,471,463,1187,1063,0.9941354990005493,-1,-1,-1
98,-1,1334,139,1655,389,0.9941129088401794,-1,-1,-1
98,-1,906,140,1063,283,0.6268576383590698,-1,-1,-1
99,-1,229,105,494,340,0.9949702620506287,-1,-1,-1
99,-1,1016,99,1249,304,0.994944155216217,-1,-1,-1
99,-1,1323,139,1650,385,0.9946225881576538,-1,-1,-1
99,-1,473,478,1222,1083,0.9678451418876648,-1,-1,-1
99,-1,906,140,1059,282,0.7629531025886536,-1,-1,-1
100,-1,232,106,492,340,0.9946749210357666,-1,-1,-1
100,-1,1016,100,1242,298,0.9939782619476318,-1,-1,-1
100,-1,1320,140,1626,377,0.9928960204124451,-1,-1,-1
100,-1,485,495,1256,1088,0.9742010831832886,-1,-1,-1
101,-1,232,111,500,342,0.9951336979866028,-1,-1,-1
101,-1,1304,136,1620,377,0.9945301413536072,-1,-1,-1
101,-1,1013,97,1241,300,0.9930058121681213,-1,-1,-1
101,-1,501,508,1275,1088,0.922508716583252,-1,-1,-1
102,-1,227,114,507,350,0.9932312965393066,-1,-1,-1
102,-1,1306,139,1600,376,0.9930423498153687,-1,-1,-1
102,-1,1010,100,1235,297,0.990943968296051,-1,-1,-1
102,-1,538,515,1295,1088,0.7743372917175293,-1,-1,-1
103,-1,1285,135,1592,372,0.9943872690200806,-1,-1,-1
103,-1,227,114,508,353,0.9919784069061279,-1,-1,-1
103,-1,1005,101,1230,294,0.991908609867096,-1,-1,-1
103,-1,549,547,1338,1087,0.7870003581047058,-1,-1,-1
104,-1,1275,129,1579,370,0.9930886626243591,-1,-1,-1
104,-1,1007,101,1229,294,0.990990161895752,-1,-1,-1
104,-1,231,111,521,354,0.9889183640480042,-1,-1,-1
105,-1,1269,131,1571,369,0.9948322772979736,-1,-1,-1
105,-1,233,115,520,357,0.9943852424621582,-1,-1,-1
105,-1,997,103,1221,293,0.9914608001708984,-1,-1,-1
105,-1,573,574,1405,1088,0.6266250014305115,-1,-1,-1
106,-1,1260,128,1561,366,0.9948641657829285,-1,-1,-1
106,-1,232,111,518,363,0.9936681389808655,-1,-1,-1
106,-1,993,101,1218,291,0.9899016618728638,-1,-1,-1
106,-1,599,590,1451,1088,0.6884390711784363,-1,-1,-1
107,-1,1254,128,1552,364,0.9945946335792542,-1,-1,-1
107,-1,232,114,524,367,0.9943133592605591,-1,-1,-1
107,-1,991,100,1213,289,0.9828633666038513,-1,-1,-1
108,-1,233,116,529,372,0.9939975738525391,-1,-1,-1
108,-1,1238,127,1538,362,0.9939572811126709,-1,-1,-1
108,-1,991,101,1206,288,0.9821678400039673,-1,-1,-1
108,-1,1612,194,1920,460,0.9489138126373291,-1,-1,-1
109,-1,1232,130,1527,359,0.9942031502723694,-1,-1,-1
109,-1,233,120,531,376,0.994155764579773,-1,-1,-1
109,-1,1596,190,1920,460,0.991912841796875,-1,-1,-1
109,-1,983,97,1200,288,0.9848158359527588,-1,-1,-1
110,-1,233,127,537,377,0.9942933917045593,-1,-1,-1
110,-1,1224,128,1517,359,0.9940885305404663,-1,-1,-1
110,-1,1579,186,1917,451,0.9910398125648499,-1,-1,-1
110,-1,971,96,1199,287,0.9820204377174377,-1,-1,-1
111,-1,1220,130,1509,354,0.9942582845687866,-1,-1,-1
111,-1,238,124,541,385,0.9938431978225708,-1,-1,-1
111,-1,1576,188,1902,448,0.9916774034500122,-1,-1,-1
111,-1,978,97,1198,288,0.9861385226249695,-1,-1,-1
112,-1,1219,130,1509,354,0.9942502975463867,-1,-1,-1
112,-1,237,123,539,387,0.9940965175628662,-1,-1,-1
112,-1,1575,188,1902,448,0.9916074275970459,-1,-1,-1
112,-1,978,97,1198,287,0.9858483076095581,-1,-1,-1
113,-1,1220,130,1509,354,0.9941757917404175,-1,-1,-1
113,-1,237,123,539,387,0.9941351413726807,-1,-1,-1
113,-1,1575,188,1902,448,0.9916016459465027,-1,-1,-1
113,-1,978,97,1198,287,0.9857542514801025,-1,-1,-1
114,-1,1220,130,1509,353,0.9942084550857544,-1,-1,-1
114,-1,239,125,533,382,0.9924179315567017,-1,-1,-1
114,-1,1576,188,1902,448,0.9915664792060852,-1,-1,-1
114,-1,978,97,1198,287,0.9854153990745544,-1,-1,-1
115,-1,1220,130,1509,354,0.9942823648452759,-1,-1,-1
115,-1,237,123,539,387,0.994114100933075,-1,-1,-1
115,-1,1576,188,1902,448,0.9915642738342285,-1,-1,-1
115,-1,978,97,1198,287,0.9863558411598206,-1,-1,-1
116,-1,1220,130,1509,353,0.9942528605461121,-1,-1,-1
116,-1,237,123,539,387,0.9940592050552368,-1,-1,-1
116,-1,1575,188,1902,448,0.9915086030960083,-1,-1,-1
116,-1,978,97,1198,287,0.9861282110214233,-1,-1,-1
117,-1,1220,130,1509,353,0.9941940903663635,-1,-1,-1
117,-1,237,123,539,387,0.9940555095672607,-1,-1,-1
117,-1,1575,188,1902,448,0.99154132604599,-1,-1,-1
117,-1,978,97,1198,287,0.9860981702804565,-1,-1,-1
118,-1,1220,130,1509,353,0.994175910949707,-1,-1,-1
118,-1,237,123,539,387,0.9940286874771118,-1,-1,-1
118,-1,1575,188,1902,448,0.9915646314620972,-1,-1,-1
118,-1,978,97,1198,287,0.9860810041427612,-1,-1,-1
119,-1,1220,130,1509,354,0.9941478967666626,-1,-1,-1
119,-1,237,123,539,387,0.9940604567527771,-1,-1,-1
119,-1,1575,188,1902,448,0.9915474057197571,-1,-1,-1
119,-1,978,97,1198,287,0.9857818484306335,-1,-1,-1
120,-1,1220,130,1509,354,0.9941465854644775,-1,-1,-1
120,-1,237,123,539,387,0.9940422177314758,-1,-1,-1
120,-1,1575,188,1902,448,0.9915159940719604,-1,-1,-1
120,-1,978,97,1198,287,0.9856894016265869,-1,-1,-1
121,-1,1220,130,1509,354,0.9944208264350891,-1,-1,-1
121,-1,238,124,541,385,0.9938602447509766,-1,-1,-1
121,-1,1575,188,1902,448,0.9916000366210938,-1,-1,-1
121,-1,978,97,1198,288,0.9858207702636719,-1,-1,-1
122,-1,260,157,590,449,0.9943615198135376,-1,-1,-1
122,-1,1146,126,1410,335,0.993685781955719,-1,-1,-1
122,-1,953,112,1162,282,0.9297133088111877,-1,-1,-1
122,-1,1459,165,1744,403,0.9261282086372375,-1,-1,-1
123,-1,264,160,600,455,0.9943839311599731,-1,-1,-1
123,-1,1139,124,1401,331,0.9940354824066162,-1,-1,-1
123,-1,1450,164,1731,398,0.9382628798484802,-1,-1,-1
123,-1,951,112,1156,283,0.9086492657661438,-1,-1,-1
124,-1,263,162,607,467,0.9937578439712524,-1,-1,-1
124,-1,1131,125,1396,331,0.9934219717979431,-1,-1,-1
124,-1,949,114,1152,285,0.9670493602752686,-1,-1,-1
124,-1,1439,162,1711,397,0.8981629014015198,-1,-1,-1
125,-1,267,167,613,477,0.9939042925834656,-1,-1,-1
125,-1,1124,126,1387,331,0.993501603603363,-1,-1,-1
125,-1,946,115,1151,285,0.959226131439209,-1,-1,-1
125,-1,1426,161,1699,393,0.9134923815727234,-1,-1,-1
125,-1,1636,175,1920,467,0.8231309056282043,-1,-1,-1
126,-1,272,162,613,484,0.9949067234992981,-1,-1,-1
126,-1,1117,121,1381,328,0.9935374855995178,-1,-1,-1
126,-1,936,113,1149,289,0.9510290622711182,-1,-1,-1
126,-1,1420,158,1685,390,0.9405329823493958,-1,-1,-1
126,-1,1611,169,1920,462,0.7641810774803162,-1,-1,-1
127,-1,272,162,613,484,0.9949552416801453,-1,-1,-1
127,-1,1117,121,1381,328,0.9934791326522827,-1,-1,-1
127,-1,936,113,1149,289,0.951075553894043,-1,-1,-1
127,-1,1420,158,1685,390,0.9408010244369507,-1,-1,-1
127,-1,1611,169,1920,462,0.765569806098938,-1,-1,-1
128,-1,272,162,613,484,0.9949657320976257,-1,-1,-1
128,-1,1118,119,1378,329,0.9949585795402527,-1,-1,-1
128,-1,935,113,1149,289,0.9488286972045898,-1,-1,-1
128,-1,1420,158,1685,390,0.9393406510353088,-1,-1,-1
128,-1,1611,168,1920,462,0.7674424648284912,-1,-1,-1
129,-1,272,162,613,484,0.9949369430541992,-1,-1,-1
129,-1,1117,121,1381,328,0.993435263633728,-1,-1,-1
129,-1,935,113,1149,289,0.9509790539741516,-1,-1,-1
129,-1,1420,158,1685,390,0.9416269659996033,-1,-1,-1
129,-1,1611,169,1920,462,0.7671008706092834,-1,-1,-1
130,-1,272,162,613,484,0.9949340224266052,-1,-1,-1
130,-1,1117,121,1381,328,0.9933393597602844,-1,-1,-1
130,-1,935,113,1149,289,0.9512673020362854,-1,-1,-1
130,-1,1420,158,1685,390,0.9418306946754456,-1,-1,-1
130,-1,1611,169,1920,462,0.7736007571220398,-1,-1,-1
131,-1,272,163,613,483,0.9947112798690796,-1,-1,-1
131,-1,1117,121,1380,328,0.9934859871864319,-1,-1,-1
131,-1,940,115,1148,282,0.9548513889312744,-1,-1,-1
131,-1,1421,157,1685,390,0.9329949617385864,-1,-1,-1
131,-1,1611,168,1920,462,0.7668918371200562,-1,-1,-1
132,-1,1541,159,1886,437,0.9947572946548462,-1,-1,-1
132,-1,286,195,673,536,0.9947273135185242,-1,-1,-1
132,-1,1085,114,1337,318,0.9935163259506226,-1,-1,-1
132,-1,914,123,1127,289,0.9743815064430237,-1,-1,-1
132,-1,203,85,422,270,0.9460533857345581,-1,-1,-1
133,-1,289,199,684,543,0.995313286781311,-1,-1,-1
133,-1,1543,155,1878,436,0.9939795732498169,-1,-1,-1
133,-1,1082,114,1334,321,0.9934934973716736,-1,-1,-1
133,-1,916,126,1128,288,0.9779290556907654,-1,-1,-1
133,-1,203,84,425,271,0.9684640765190125,-1,-1,-1
133,-1,1357,151,1609,375,0.7952221632003784,-1,-1,-1
134,-1,294,197,693,552,0.9950910806655884,-1,-1,-1
134,-1,1075,115,1325,316,0.9932720065116882,-1,-1,-1
134,-1,1522,150,1864,435,0.9917043447494507,-1,-1,-1
134,-1,203,84,425,273,0.9744791388511658,-1,-1,-1
134,-1,915,125,1120,291,0.972235918045044,-1,-1,-1
134,-1,1345,149,1600,372,0.6124287247657776,-1,-1,-1
135,-1,1513,150,1850,425,0.9939607381820679,-1,-1,-1
135,-1,1075,116,1317,315,0.993860125541687,-1,-1,-1
135,-1,300,197,703,557,0.9924604296684265,-1,-1,-1
135,-1,207,85,426,280,0.9746066331863403,-1,-1,-1
135,-1,914,126,1117,294,0.970744252204895,-1,-1,-1
135,-1,1338,152,1593,368,0.8449675440788269,-1,-1,-1
136,-1,1503,145,1840,422,0.9942806959152222,-1,-1,-1
136,-1,1069,114,1311,313,0.9937936067581177,-1,-1,-1
136,-1,298,202,711,569,0.9930881857872009,-1,-1,-1
136,-1,208,86,428,280,0.9752671122550964,-1,-1,-1
136,-1,913,127,1114,292,0.9643656611442566,-1,-1,-1
136,-1,1336,146,1583,365,0.7815517783164978,-1,-1,-1
137,-1,303,209,714,577,0.9953500032424927,-1,-1,-1
137,-1,1061,115,1303,312,0.993980884552002,-1,-1,-1
137,-1,1487,147,1825,419,0.993845522403717,-1,-1,-1
137,-1,206,87,437,284,0.9763203859329224,-1,-1,-1
137,-1,911,129,1108,289,0.9630027413368225,-1,-1,-1
137,-1,1323,145,1571,366,0.8348206877708435,-1,-1,-1
138,-1,1483,142,1822,415,0.9941304326057434,-1,-1,-1
138,-1,1054,114,1296,312,0.9935600757598877,-1,-1,-1
138,-1,306,211,725,593,0.9930597543716431,-1,-1,-1
138,-1,202,87,428,286,0.9693603515625,-1,-1,-1
138,-1,912,132,1108,286,0.9382712841033936,-1,-1,-1
138,-1,1316,143,1555,364,0.8589956760406494,-1,-1,-1
139,-1,1050,113,1292,310,0.9937149882316589,-1,-1,-1
139,-1,1462,146,1801,409,0.9935559630393982,-1,-1,-1
139,-1,299,215,732,611,0.9932652711868286,-1,-1,-1
139,-1,202,85,430,288,0.9753339290618896,-1,-1,-1
139,-1,908,133,1094,284,0.9234825372695923,-1,-1,-1
139,-1,421,154,593,266,0.8908227682113647,-1,-1,-1
139,-1,1305,143,1551,360,0.8194296360015869,-1,-1,-1
140,-1,1466,140,1788,409,0.9937499165534973,-1,-1,-1
140,-1,308,227,753,621,0.9927771091461182,-1,-1,-1
140,-1,1048,113,1284,309,0.9908402562141418,-1,-1,-1
140,-1,207,90,436,289,0.9824550747871399,-1,-1,-1
140,-1,418,152,591,270,0.9664098024368286,-1,-1,-1
140,-1,909,137,1087,284,0.934319794178009,-1,-1,-1
140,-1,1297,144,1537,360,0.8026569485664368,-1,-1,-1
141,-1,314,224,759,629,0.9943622350692749,-1,-1,-1
141,-1,1443,143,1778,403,0.9930900931358337,-1,-1,-1
141,-1,1038,113,1283,309,0.9866172075271606,-1,-1,-1
141,-1,206,94,439,292,0.9810041785240173,-1,-1,-1
141,-1,422,151,595,270,0.9707430601119995,-1,-1,-1
141,-1,911,130,1090,289,0.832197904586792,-1,-1,-1
141,-1,1286,145,1532,357,0.6741846203804016,-1,-1,-1
142,-1,1442,142,1770,402,0.996416449546814,-1,-1,-1
142,-1,315,230,759,646,0.9918568134307861,-1,-1,-1
142,-1,1039,109,1272,314,0.9888297915458679,-1,-1,-1
142,-1,208,94,445,296,0.9880362749099731,-1,-1,-1
142,-1,422,148,600,272,0.958738386631012,-1,-1,-1
142,-1,912,131,1088,287,0.8470645546913147,-1,-1,-1
142,-1,1277,143,1516,357,0.7674728035926819,-1,-1,-1
143,-1,1430,141,1752,398,0.994096040725708,-1,-1,-1
143,-1,312,237,784,666,0.9937649965286255,-1,-1,-1
143,-1,1035,112,1267,306,0.9928171634674072,-1,-1,-1
143,-1,210,95,446,298,0.9887401461601257,-1,-1,-1
143,-1,422,144,602,273,0.948113203048706,-1,-1,-1
143,-1,915,130,1084,283,0.8745851516723633,-1,-1,-1
143,-1,1269,143,1506,355,0.8206677436828613,-1,-1,-1
144,-1,316,248,792,675,0.9954354166984558,-1,-1,-1
144,-1,1028,114,1267,307,0.9930177927017212,-1,-1,-1
144,-1,1432,143,1738,398,0.9924988150596619,-1,-1,-1
144,-1,211,96,448,299,0.9890585541725159,-1,-1,-1
144,-1,420,140,604,273,0.9640995264053345,-1,-1,-1
144,-1,1256,143,1510,353,0.721670925617218,-1,-1,-1
144,-1,914,133,1076,284,0.624936044216156,-1,-1,-1
145,-1,315,249,792,674,0.995511531829834,-1,-1,-1
145,-1,1432,143,1738,398,0.9923833012580872,-1,-1,-1
145,-1,1023,113,1267,308,0.99222731590271,-1,-1,-1
145,-1,211,96,447,299,0.9894123673439026,-1,-1,-1
145,-1,422,141,604,272,0.9667513966560364,-1,-1,-1
145,-1,907,141,1070,283,0.7455971837043762,-1,-1,-1
145,-1,1263,143,1502,352,0.7237403392791748,-1,-1,-1
146,-1,316,249,792,674,0.9954889416694641,-1,-1,-1
146,-1,1432,143,1738,398,0.9924730062484741,-1,-1,-1
146,-1,1023,113,1267,308,0.9923344254493713,-1,-1,-1
146,-1,211,96,447,299,0.9893850684165955,-1,-1,-1
146,-1,422,141,604,272,0.9668734073638916,-1,-1,-1
146,-1,907,141,1070,283,0.7402042746543884,-1,-1,-1
146,-1,1263,143,1502,352,0.7257041335105896,-1,-1,-1
147,-1,315,249,792,675,0.9954668283462524,-1,-1,-1
147,-1,1432,143,1738,398,0.9924538731575012,-1,-1,-1
147,-1,1023,113,1267,308,0.9922853708267212,-1,-1,-1
147,-1,211,96,447,299,0.9894104599952698,-1,-1,-1
147,-1,422,141,604,272,0.9666774868965149,-1,-1,-1
147,-1,907,141,1070,283,0.7396010160446167,-1,-1,-1
147,-1,1263,143,1502,352,0.7333303093910217,-1,-1,-1
148,-1,316,249,792,675,0.9955002665519714,-1,-1,-1
148,-1,1432,143,1738,398,0.9924606680870056,-1,-1,-1
148,-1,1023,113,1267,308,0.9922905564308167,-1,-1,-1
148,-1,211,96,447,299,0.9894754886627197,-1,-1,-1
148,-1,422,141,604,272,0.9673088788986206,-1,-1,-1
148,-1,907,141,1070,283,0.7396005988121033,-1,-1,-1
148,-1,1263,143,1502,352,0.7343279123306274,-1,-1,-1
149,-1,316,249,792,675,0.9954903721809387,-1,-1,-1
149,-1,1432,143,1738,398,0.9924730062484741,-1,-1,-1
149,-1,1023,113,1266,308,0.9922458529472351,-1,-1,-1
149,-1,211,96,447,299,0.989436149597168,-1,-1,-1
149,-1,422,141,605,272,0.9670130610466003,-1,-1,-1
149,-1,1263,143,1502,352,0.7416160702705383,-1,-1,-1
149,-1,907,141,1070,282,0.7353820204734802,-1,-1,-1
150,-1,316,249,792,675,0.9954916834831238,-1,-1,-1
150,-1,1432,143,1738,398,0.9924374222755432,-1,-1,-1
150,-1,1023,113,1266,308,0.9922001957893372,-1,-1,-1
150,-1,211,96,447,299,0.9894736409187317,-1,-1,-1
150,-1,422,141,604,272,0.9671398997306824,-1,-1,-1
150,-1,1263,143,1502,352,0.7458174228668213,-1,-1,-1
150,-1,907,140,1070,283,0.7352527976036072,-1,-1,-1
151,-1,316,249,791,675,0.9952955842018127,-1,-1,-1
151,-1,1027,114,1267,307,0.9923896193504333,-1,-1,-1
151,-1,1422,139,1735,396,0.9915933609008789,-1,-1,-1
151,-1,211,96,448,300,0.9890676140785217,-1,-1,-1
151,-1,422,143,605,273,0.9684947729110718,-1,-1,-1
151,-1,908,140,1073,283,0.69240802526474,-1,-1,-1
151,-1,1257,143,1509,353,0.6887224912643433,-1,-1,-1
152,-1,349,321,919,819,0.9961684346199036,-1,-1,-1
152,-1,216,103,477,317,0.994261622428894,-1,-1,-1
152,-1,1364,132,1649,378,0.9913780689239502,-1,-1,-1
152,-1,440,123,633,273,0.9871138334274292,-1,-1,-1
152,-1,983,113,1222,295,0.9870426654815674,-1,-1,-1
152,-1,1203,139,1429,337,0.7351994514465332,-1,-1,-1
153,-1,220,101,476,319,0.9953280687332153,-1,-1,-1
153,-1,356,329,933,837,0.9941437840461731,-1,-1,-1
153,-1,1334,131,1649,375,0.9937594532966614,-1,-1,-1
153,-1,990,107,1213,292,0.9884493947029114,-1,-1,-1
153,-1,445,120,636,271,0.9877612590789795,-1,-1,-1
153,-1,1185,141,1419,336,0.6441065669059753,-1,-1,-1
154,-1,222,103,479,322,0.995370090007782,-1,-1,-1
154,-1,371,335,949,861,0.9942756295204163,-1,-1,-1
154,-1,1336,131,1632,375,0.9930201172828674,-1,-1,-1
154,-1,446,121,640,273,0.9892288446426392,-1,-1,-1
154,-1,985,108,1215,297,0.9867089986801147,-1,-1,-1
155,-1,223,102,483,324,0.9951947331428528,-1,-1,-1
155,-1,371,353,976,876,0.9949615001678467,-1,-1,-1
155,-1,1318,128,1626,375,0.9935460686683655,-1,-1,-1
155,-1,450,121,644,275,0.9915002584457397,-1,-1,-1
155,-1,975,107,1207,294,0.9826353788375854,-1,-1,-1
156,-1,391,358,996,905,0.996924102306366,-1,-1,-1
156,-1,222,105,488,326,0.9949241876602173,-1,-1,-1
156,-1,1312,126,1610,372,0.9934226870536804,-1,-1,-1
156,-1,450,119,649,277,0.9878647923469543,-1,-1,-1
156,-1,972,106,1202,292,0.9787508249282837,-1,-1,-1
157,-1,396,367,1020,928,0.9968318343162537,-1,-1,-1
157,-1,223,104,493,329,0.9948909282684326,-1,-1,-1
157,-1,1314,130,1598,366,0.992443859577179,-1,-1,-1
157,-1,446,120,655,279,0.9861694574356079,-1,-1,-1
157,-1,970,107,1198,292,0.9812096953392029,-1,-1,-1
158,-1,405,386,1045,956,0.9958867430686951,-1,-1,-1
158,-1,229,106,503,333,0.9954987168312073,-1,-1,-1
158,-1,1295,131,1593,367,0.9928178787231445,-1,-1,-1
158,-1,456,117,658,279,0.9852123260498047,-1,-1,-1
158,-1,947,109,1197,292,0.9829627275466919,-1,-1,-1
159,-1,416,395,1072,985,0.9962711334228516,-1,-1,-1
159,-1,226,104,501,336,0.9946751594543457,-1,-1,-1
159,-1,1290,126,1582,364,0.9937570095062256,-1,-1,-1
159,-1,460,120,662,281,0.9890433549880981,-1,-1,-1
159,-1,942,109,1195,289,0.979812741279602,-1,-1,-1
160,-1,420,404,1100,1026,0.9950069189071655,-1,-1,-1
160,-1,228,106,506,342,0.9947176575660706,-1,-1,-1
160,-1,1284,126,1570,361,0.9940185546875,-1,-1,-1
160,-1,462,118,670,282,0.9897251129150391,-1,-1,-1
160,-1,943,109,1184,289,0.9777187705039978,-1,-1,-1
161,-1,424,425,1126,1047,0.9957222938537598,-1,-1,-1
161,-1,230,106,510,343,0.9953657388687134,-1,-1,-1
161,-1,1278,126,1561,360,0.9937179088592529,-1,-1,-1
161,-1,468,119,675,282,0.9861278533935547,-1,-1,-1
161,-1,938,109,1180,290,0.9764418601989746,-1,-1,-1
162,-1,424,425,1126,1047,0.9957059025764465,-1,-1,-1
162,-1,230,106,510,343,0.9953930377960205,-1,-1,-1
162,-1,1278,126,1561,360,0.9936927556991577,-1,-1,-1
162,-1,469,119,675,282,0.9859533905982971,-1,-1,-1
162,-1,938,109,1180,290,0.9763152599334717,-1,-1,-1
163,-1,425,425,1126,1047,0.9957168698310852,-1,-1,-1
163,-1,230,106,510,343,0.9953675270080566,-1,-1,-1
163,-1,1278,126,1561,360,0.9935008883476257,-1,-1,-1
163,-1,468,119,675,283,0.9859927892684937,-1,-1,-1
163,-1,938,109,1180,290,0.9767340421676636,-1,-1,-1
164,-1,425,425,1126,1047,0.9957568049430847,-1,-1,-1
164,-1,230,106,510,343,0.9953925609588623,-1,-1,-1
164,-1,1278,126,1561,360,0.9936320185661316,-1,-1,-1
164,-1,468,119,675,282,0.98586106300354,-1,-1,-1
164,-1,938,109,1180,290,0.97632896900177,-1,-1,-1
165,-1,424,425,1126,1047,0.995752215385437,-1,-1,-1
165,-1,230,106,510,343,0.9953975081443787,-1,-1,-1
165,-1,1278,126,1561,361,0.9935681223869324,-1,-1,-1
165,-1,469,120,675,282,0.986215353012085,-1,-1,-1
165,-1,938,109,1180,290,0.9760028719902039,-1,-1,-1
166,-1,425,425,1126,1048,0.9956359267234802,-1,-1,-1
166,-1,230,106,510,343,0.9954932928085327,-1,-1,-1
166,-1,1278,126,1561,361,0.9934410452842712,-1,-1,-1
166,-1,469,119,675,282,0.9864545464515686,-1,-1,-1
166,-1,938,110,1180,289,0.9755599498748779,-1,-1,-1
167,-1,425,425,1126,1047,0.9956608414649963,-1,-1,-1
167,-1,230,106,510,343,0.9954942464828491,-1,-1,-1
167,-1,1278,126,1561,361,0.9934593439102173,-1,-1,-1
167,-1,469,119,675,282,0.9864526391029358,-1,-1,-1
167,-1,938,110,1180,289,0.9752951264381409,-1,-1,-1
168,-1,425,425,1126,1048,0.9956372380256653,-1,-1,-1
168,-1,230,106,510,343,0.9954942464828491,-1,-1,-1
168,-1,1278,126,1561,361,0.9934728741645813,-1,-1,-1
168,-1,469,120,675,282,0.986458957195282,-1,-1,-1
168,-1,938,110,1180,290,0.974927544593811,-1,-1,-1
169,-1,230,105,510,343,0.9955961108207703,-1,-1,-1
169,-1,424,425,1126,1048,0.9954984188079834,-1,-1,-1
169,-1,1278,126,1561,361,0.9934508800506592,-1,-1,-1
169,-1,468,119,675,283,0.9860839247703552,-1,-1,-1
169,-1,939,109,1180,290,0.9764994978904724,-1,-1,-1
170,-1,231,105,510,343,0.9955788254737854,-1,-1,-1
170,-1,424,425,1126,1048,0.995537519454956,-1,-1,-1
170,-1,1278,126,1561,361,0.9934918284416199,-1,-1,-1
170,-1,468,119,675,283,0.9863037467002869,-1,-1,-1
170,-1,939,109,1180,290,0.9763132929801941,-1,-1,-1
171,-1,231,105,510,343,0.9955963492393494,-1,-1,-1
171,-1,424,425,1126,1048,0.9955899715423584,-1,-1,-1
171,-1,1278,126,1561,361,0.9934622049331665,-1,-1,-1
171,-1,468,119,675,283,0.9862046241760254,-1,-1,-1
171,-1,939,109,1180,290,0.9766704440116882,-1,-1,-1
172,-1,255,125,570,390,0.99527907371521,-1,-1,-1
172,-1,1191,122,1473,347,0.9936801195144653,-1,-1,-1
172,-1,520,133,735,309,0.9835350513458252,-1,-1,-1
172,-1,926,118,1134,288,0.8925932049751282,-1,-1,-1
173,-1,254,125,577,393,0.9958570599555969,-1,-1,-1
173,-1,1186,122,1459,348,0.991657018661499,-1,-1,-1
173,-1,528,135,737,306,0.9834624528884888,-1,-1,-1
173,-1,927,125,1135,282,0.9008862972259521,-1,-1,-1
173,-1,596,656,1540,1088,0.7048327922821045,-1,-1,-1
174,-1,262,125,584,403,0.9965102076530457,-1,-1,-1
174,-1,1177,118,1449,342,0.9940862655639648,-1,-1,-1
174,-1,531,133,744,309,0.9833365082740784,-1,-1,-1
174,-1,928,125,1129,283,0.8634252548217773,-1,-1,-1
175,-1,265,129,591,405,0.996452808380127,-1,-1,-1
175,-1,1181,122,1440,340,0.9915558099746704,-1,-1,-1
175,-1,533,138,748,311,0.9804260730743408,-1,-1,-1
175,-1,929,126,1122,282,0.7491105198860168,-1,-1,-1
176,-1,273,128,594,408,0.9960891008377075,-1,-1,-1
176,-1,1170,122,1430,337,0.9931795597076416,-1,-1,-1
176,-1,534,137,751,311,0.9713793992996216,-1,-1,-1
176,-1,931,126,1118,281,0.6244401335716248,-1,-1,-1
177,-1,275,131,603,415,0.9965518712997437,-1,-1,-1
177,-1,1173,119,1425,336,0.9937794804573059,-1,-1,-1
177,-1,540,139,756,315,0.9421161413192749,-1,-1,-1
177,-1,931,127,1112,282,0.7480643391609192,-1,-1,-1
178,-1,273,136,609,430,0.995305061340332,-1,-1,-1
178,-1,1167,118,1418,334,0.994453489780426,-1,-1,-1
178,-1,550,138,765,318,0.9159075021743774,-1,-1,-1
179,-1,279,139,617,433,0.9954108595848083,-1,-1,-1
179,-1,1156,116,1408,337,0.9930605888366699,-1,-1,-1
179,-1,554,141,763,316,0.8963061571121216,-1,-1,-1
180,-1,280,139,618,438,0.9964324235916138,-1,-1,-1
180,-1,1150,118,1405,331,0.9949007034301758,-1,-1,-1
180,-1,555,142,768,317,0.8916724324226379,-1,-1,-1
181,-1,269,145,633,449,0.9953168630599976,-1,-1,-1
181,-1,1153,116,1399,332,0.9940926432609558,-1,-1,-1
181,-1,562,140,774,321,0.8929685354232788,-1,-1,-1
182,-1,274,145,641,450,0.9953416585922241,-1,-1,-1
182,-1,1150,116,1396,329,0.9943956136703491,-1,-1,-1
182,-1,565,141,778,325,0.7838550806045532,-1,-1,-1
183,-1,286,148,644,464,0.9947304725646973,-1,-1,-1
183,-1,1135,116,1389,333,0.9925797581672668,-1,-1,-1
183,-1,570,143,783,326,0.815911591053009,-1,-1,-1
184,-1,279,155,657,473,0.9961532950401306,-1,-1,-1
184,-1,1131,116,1383,330,0.9935790300369263,-1,-1,-1
185,-1,293,160,664,483,0.995388388633728,-1,-1,-1
185,-1,1132,115,1377,325,0.9938114285469055,-1,-1,-1
186,-1,298,159,667,489,0.9958849549293518,-1,-1,-1
186,-1,1126,110,1373,326,0.9931950569152832,-1,-1,-1
187,-1,293,167,679,498,0.9962942004203796,-1,-1,-1
187,-1,1122,110,1370,325,0.9934113621711731,-1,-1,-1
188,-1,300,169,691,508,0.9966921806335449,-1,-1,-1
188,-1,1120,109,1368,323,0.99356609582901,-1,-1,-1
188,-1,590,145,807,339,0.6066997647285461,-1,-1,-1
189,-1,300,169,691,508,0.9966809153556824,-1,-1,-1
189,-1,1120,109,1368,323,0.9935334920883179,-1,-1,-1
189,-1,590,145,807,339,0.6107417941093445,-1,-1,-1
190,-1,300,169,691,508,0.9966915845870972,-1,-1,-1
190,-1,1120,109,1368,323,0.9935073852539062,-1,-1,-1
190,-1,590,145,807,339,0.613792896270752,-1,-1,-1
191,-1,299,166,692,509,0.996239185333252,-1,-1,-1
191,-1,1120,109,1368,323,0.9924887418746948,-1,-1,-1
192,-1,317,191,725,550,0.994414210319519,-1,-1,-1
192,-1,1103,108,1341,318,0.9914554953575134,-1,-1,-1
193,-1,323,195,738,559,0.994766354560852,-1,-1,-1
193,-1,1100,108,1335,316,0.991732120513916,-1,-1,-1
194,-1,336,197,759,573,0.9936643838882446,-1,-1,-1
194,-1,1096,108,1332,316,0.992500364780426,-1,-1,-1
195,-1,339,203,763,579,0.99513840675354,-1,-1,-1
195,-1,1093,109,1328,314,0.9920709729194641,-1,-1,-1
196,-1,340,199,775,592,0.9947435855865479,-1,-1,-1
196,-1,1094,107,1324,311,0.9935830235481262,-1,-1,-1
197,-1,346,203,787,602,0.9951192140579224,-1,-1,-1
197,-1,1086,108,1321,313,0.9920483231544495,-1,-1,-1
198,-1,361,206,802,619,0.992399275302887,-1,-1,-1
198,-1,1081,109,1316,312,0.991849422454834,-1,-1,-1
199,-1,366,211,817,635,0.9922435879707336,-1,-1,-1
199,-1,1080,107,1311,311,0.9920347332954407,-1,-1,-1
200,-1,364,229,829,643,0.9939057230949402,-1,-1,-1
200,-1,1074,108,1308,307,0.9934172630310059,-1,-1,-1
200,-1,419,86,643,270,0.8353204727172852,-1,-1,-1
201,-1,358,231,846,664,0.9943307638168335,-1,-1,-1
201,-1,1073,108,1302,308,0.9923009872436523,-1,-1,-1
201,-1,413,84,638,273,0.9529005885124207,-1,-1,-1
202,-1,358,231,846,664,0.9943285584449768,-1,-1,-1
202,-1,1073,108,1302,308,0.9923580288887024,-1,-1,-1
202,-1,413,84,638,273,0.9537349343299866,-1,-1,-1
203,-1,358,231,846,664,0.9943053126335144,-1,-1,-1
203,-1,1073,108,1302,308,0.9923376441001892,-1,-1,-1
203,-1,413,84,638,273,0.9532114863395691,-1,-1,-1
204,-1,358,231,846,664,0.9943175911903381,-1,-1,-1
204,-1,1073,108,1302,308,0.9923034906387329,-1,-1,-1
204,-1,413,84,638,273,0.9532232880592346,-1,-1,-1
205,-1,357,231,846,664,0.9944251775741577,-1,-1,-1
205,-1,1078,107,1303,308,0.9924790859222412,-1,-1,-1
205,-1,415,82,636,274,0.9526022672653198,-1,-1,-1
206,-1,357,231,846,664,0.9944043159484863,-1,-1,-1
206,-1,1072,108,1302,308,0.9924263954162598,-1,-1,-1
206,-1,415,82,636,274,0.9530413746833801,-1,-1,-1
207,-1,357,231,846,664,0.9944300055503845,-1,-1,-1
207,-1,1072,108,1302,308,0.9924421310424805,-1,-1,-1
207,-1,413,84,638,273,0.9565595984458923,-1,-1,-1
208,-1,357,231,846,664,0.994470477104187,-1,-1,-1
208,-1,1072,108,1302,308,0.992403507232666,-1,-1,-1
208,-1,413,84,638,273,0.9560883045196533,-1,-1,-1
209,-1,357,231,846,664,0.9944596290588379,-1,-1,-1
209,-1,1072,108,1302,308,0.9924128651618958,-1,-1,-1
209,-1,413,84,638,273,0.9561306834220886,-1,-1,-1
210,-1,357,231,846,664,0.9944676160812378,-1,-1,-1
210,-1,1072,108,1302,308,0.9923679232597351,-1,-1,-1
210,-1,413,84,638,273,0.9558897018432617,-1,-1,-1
211,-1,357,231,846,664,0.9944518208503723,-1,-1,-1
211,-1,1078,107,1303,308,0.9924769997596741,-1,-1,-1
211,-1,415,82,636,274,0.9509779810905457,-1,-1,-1
212,-1,1301,203,1721,515,0.9948199391365051,-1,-1,-1
212,-1,437,339,1078,876,0.9939960241317749,-1,-1,-1
212,-1,1051,106,1267,301,0.9897900223731995,-1,-1,-1
212,-1,413,51,637,270,0.9873901605606079,-1,-1,-1
213,-1,458,349,1104,910,0.9940705895423889,-1,-1,-1
213,-1,1289,201,1685,507,0.9935986995697021,-1,-1,-1
213,-1,1051,106,1264,299,0.9888268709182739,-1,-1,-1
213,-1,413,45,631,271,0.9887507557868958,-1,-1,-1
214,-1,468,363,1132,941,0.9936075210571289,-1,-1,-1
214,-1,1271,189,1652,503,0.9933945536613464,-1,-1,-1
214,-1,413,46,633,271,0.9904925227165222,-1,-1,-1
214,-1,1045,106,1264,301,0.9819192886352539,-1,-1,-1
215,-1,468,369,1167,971,0.9936308264732361,-1,-1,-1
215,-1,1248,187,1629,493,0.9926989674568176,-1,-1,-1
215,-1,413,40,635,271,0.9915691018104553,-1,-1,-1
215,-1,1042,103,1264,299,0.9685999155044556,-1,-1,-1
215,-1,552,244,886,449,0.6676912903785706,-1,-1,-1
216,-1,1227,188,1611,488,0.9935694932937622,-1,-1,-1
216,-1,415,27,638,271,0.9923201203346252,-1,-1,-1
216,-1,479,381,1196,1013,0.9908251166343689,-1,-1,-1
216,-1,1045,103,1255,297,0.9434633255004883,-1,-1,-1
216,-1,556,247,894,473,0.6459231376647949,-1,-1,-1
217,-1,1210,185,1591,474,0.9955124258995056,-1,-1,-1
217,-1,483,402,1218,1029,0.9936988353729248,-1,-1,-1
217,-1,419,24,642,269,0.9914935827255249,-1,-1,-1
217,-1,1040,104,1255,298,0.911909818649292,-1,-1,-1
218,-1,1187,180,1566,464,0.9937359094619751,-1,-1,-1
218,-1,420,26,646,269,0.9931262731552124,-1,-1,-1
218,-1,472,413,1254,1065,0.9912791848182678,-1,-1,-1
218,-1,550,268,902,518,0.9253401160240173,-1,-1,-1
218,-1,1040,104,1253,296,0.8530367612838745,-1,-1,-1
219,-1,423,23,647,266,0.9945034980773926,-1,-1,-1
219,-1,1175,176,1542,457,0.99382483959198,-1,-1,-1
219,-1,515,444,1296,1081,0.9725421667098999,-1,-1,-1
219,-1,558,270,905,533,0.9356122016906738,-1,-1,-1
219,-1,1038,107,1246,296,0.626392126083374,-1,-1,-1
220,-1,423,23,649,268,0.9953303337097168,-1,-1,-1
220,-1,1161,173,1524,449,0.9949095845222473,-1,-1,-1
220,-1,559,274,916,552,0.9866201877593994,-1,-1,-1
220,-1,529,460,1338,1084,0.9830166697502136,-1,-1,-1
221,-1,1142,169,1496,442,0.994938850402832,-1,-1,-1
221,-1,426,22,653,270,0.9945912957191467,-1,-1,-1
221,-1,548,283,926,557,0.9932067394256592,-1,-1,-1
221,-1,543,478,1370,1088,0.9642369747161865,-1,-1,-1
221,-1,1554,306,1919,621,0.9236623048782349,-1,-1,-1
221,-1,1032,105,1242,288,0.6401020884513855,-1,-1,-1
222,-1,427,22,659,276,0.9949873685836792,-1,-1,-1
222,-1,1126,167,1474,435,0.9932959675788879,-1,-1,-1
222,-1,551,282,938,575,0.9916436076164246,-1,-1,-1
222,-1,1528,305,1916,612,0.9790027737617493,-1,-1,-1
222,-1,557,497,1420,1088,0.8654900193214417,-1,-1,-1
223,-1,429,23,662,278,0.994860827922821,-1,-1,-1
223,-1,1119,160,1463,427,0.9947511553764343,-1,-1,-1
223,-1,552,287,947,587,0.9931252002716064,-1,-1,-1
223,-1,1507,294,1919,610,0.9920282959938049,-1,-1,-1
223,-1,575,523,1472,1088,0.8809496760368347,-1,-1,-1
224,-1,430,21,665,280,0.995211660861969,-1,-1,-1
224,-1,1107,159,1439,424,0.9936479926109314,-1,-1,-1
224,-1,565,293,957,604,0.993500292301178,-1,-1,-1
224,-1,1479,298,1897,594,0.9916097521781921,-1,-1,-1
224,-1,619,552,1536,1088,0.7545032501220703,-1,-1,-1
225,-1,429,21,665,280,0.9951347708702087,-1,-1,-1
225,-1,1107,159,1439,424,0.9936009049415588,-1,-1,-1
225,-1,565,293,957,604,0.9934383034706116,-1,-1,-1
225,-1,1479,298,1897,594,0.9916245341300964,-1,-1,-1
225,-1,617,549,1537,1088,0.8250889182090759,-1,-1,-1
226,-1,429,20,665,280,0.9951737523078918,-1,-1,-1
226,-1,1107,159,1439,424,0.9935315251350403,-1,-1,-1
226,-1,565,294,957,604,0.9934640526771545,-1,-1,-1
226,-1,1478,298,1897,594,0.9918436408042908,-1,-1,-1
226,-1,617,549,1538,1088,0.820236325263977,-1,-1,-1
227,-1,429,21,665,280,0.9951932430267334,-1,-1,-1
227,-1,1107,159,1439,424,0.9935370087623596,-1,-1,-1
227,-1,565,294,957,604,0.9934548735618591,-1,-1,-1
227,-1,1478,298,1897,594,0.9918507933616638,-1,-1,-1
227,-1,617,549,1538,1088,0.8193938732147217,-1,-1,-1
228,-1,429,21,665,280,0.9952046871185303,-1,-1,-1
228,-1,1107,159,1439,424,0.9935139417648315,-1,-1,-1
228,-1,565,293,957,604,0.993462324142456,-1,-1,-1
228,-1,1478,298,1897,594,0.9918428659439087,-1,-1,-1
228,-1,618,552,1536,1088,0.7560335397720337,-1,-1,-1
229,-1,429,20,665,280,0.9953708052635193,-1,-1,-1
229,-1,566,293,957,604,0.9935249090194702,-1,-1,-1
229,-1,1107,159,1439,424,0.9934391379356384,-1,-1,-1
229,-1,1478,297,1897,594,0.9918031096458435,-1,-1,-1
229,-1,617,549,1537,1088,0.8077509999275208,-1,-1,-1
230,-1,429,21,665,280,0.9953274726867676,-1,-1,-1
230,-1,565,293,957,603,0.9934244155883789,-1,-1,-1
230,-1,1107,159,1439,424,0.9933920502662659,-1,-1,-1
230,-1,1478,297,1897,594,0.9918334484100342,-1,-1,-1
230,-1,618,552,1535,1088,0.748094916343689,-1,-1,-1
231,-1,428,22,666,279,0.995058536529541,-1,-1,-1
231,-1,566,294,955,603,0.9933178424835205,-1,-1,-1
231,-1,1108,159,1439,423,0.9932770133018494,-1,-1,-1
231,-1,1478,297,1897,594,0.9919988512992859,-1,-1,-1
231,-1,608,554,1515,1088,0.7300786375999451,-1,-1,-1
232,-1,448,17,695,295,0.9946097135543823,-1,-1,-1
232,-1,586,364,1044,733,0.9944592714309692,-1,-1,-1
232,-1,1021,136,1322,380,0.993519127368927,-1,-1,-1
232,-1,1309,244,1670,503,0.9800431728363037,-1,-1,-1
233,-1,599,381,1058,756,0.995799720287323,-1,-1,-1
233,-1,453,19,698,293,0.9953160285949707,-1,-1,-1
233,-1,1011,131,1303,380,0.9922892451286316,-1,-1,-1
233,-1,1290,236,1641,496,0.9834495186805725,-1,-1,-1
233,-1,1549,324,1920,647,0.8903325200080872,-1,-1,-1
234,-1,456,19,704,296,0.9966363906860352,-1,-1,-1
234,-1,591,391,1078,773,0.9942155480384827,-1,-1,-1
234,-1,999,124,1301,373,0.9921987652778625,-1,-1,-1
234,-1,1272,232,1622,485,0.98799067735672,-1,-1,-1
234,-1,1516,321,1920,634,0.9608029127120972,-1,-1,-1
235,-1,459,20,710,299,0.9961987137794495,-1,-1,-1
235,-1,593,405,1090,793,0.9953699707984924,-1,-1,-1
235,-1,990,118,1284,374,0.991511881351471,-1,-1,-1
235,-1,1485,307,1920,626,0.9888023734092712,-1,-1,-1
235,-1,1253,226,1596,475,0.9819568395614624,-1,-1,-1
236,-1,459,22,713,304,0.9957297444343567,-1,-1,-1
236,-1,609,418,1099,814,0.9946199655532837,-1,-1,-1
236,-1,989,120,1270,364,0.9921857714653015,-1,-1,-1
236,-1,1470,300,1900,627,0.9907636046409607,-1,-1,-1
236,-1,1252,225,1571,461,0.9808796048164368,-1,-1,-1
237,-1,461,21,717,307,0.9948908090591431,-1,-1,-1
237,-1,602,433,1119,843,0.9947831034660339,-1,-1,-1
237,-1,1438,298,1879,608,0.9932706952095032,-1,-1,-1
237,-1,969,112,1258,368,0.9922738671302795,-1,-1,-1
237,-1,1222,216,1554,463,0.9834489226341248,-1,-1,-1
238,-1,464,22,722,308,0.9956550598144531,-1,-1,-1
238,-1,605,449,1140,864,0.994900643825531,-1,-1,-1
238,-1,1424,296,1851,602,0.9917130470275879,-1,-1,-1
238,-1,969,116,1246,363,0.991224467754364,-1,-1,-1
238,-1,1197,214,1534,452,0.9771426916122437,-1,-1,-1
239,-1,610,459,1157,890,0.9955524802207947,-1,-1,-1
239,-1,469,19,725,305,0.9941006302833557,-1,-1,-1
239,-1,956,107,1235,355,0.9917842149734497,-1,-1,-1
239,-1,1405,289,1820,589,0.9903371334075928,-1,-1,-1
239,-1,1192,211,1514,447,0.9574179649353027,-1,-1,-1
240,-1,475,21,733,308,0.9963393211364746,-1,-1,-1
240,-1,623,474,1169,918,0.99581378698349,-1,-1,-1
240,-1,1388,285,1797,579,0.9938259720802307,-1,-1,-1
240,-1,943,112,1225,355,0.9908105134963989,-1,-1,-1
240,-1,1180,204,1494,442,0.941929042339325,-1,-1,-1
241,-1,475,24,741,313,0.996239185333252,-1,-1,-1
241,-1,1364,279,1775,570,0.9959728121757507,-1,-1,-1
241,-1,621,496,1194,945,0.9959045052528381,-1,-1,-1
241,-1,924,118,1213,353,0.9917036294937134,-1,-1,-1
241,-1,1160,199,1472,432,0.9573092460632324,-1,-1,-1
242,-1,475,24,741,313,0.9962336421012878,-1,-1,-1
242,-1,1364,279,1775,570,0.9959818124771118,-1,-1,-1
242,-1,621,496,1194,945,0.9958978295326233,-1,-1,-1
242,-1,924,118,1213,353,0.9917231202125549,-1,-1,-1
242,-1,1160,199,1472,432,0.9577112197875977,-1,-1,-1
243,-1,475,24,741,313,0.9962536096572876,-1,-1,-1
243,-1,1364,279,1775,570,0.9959665536880493,-1,-1,-1
243,-1,621,496,1194,945,0.9958953857421875,-1,-1,-1
243,-1,924,118,1213,353,0.9916600584983826,-1,-1,-1
243,-1,1160,199,1472,432,0.957912027835846,-1,-1,-1
244,-1,475,24,741,313,0.996241569519043,-1,-1,-1
244,-1,1364,279,1775,570,0.9959646463394165,-1,-1,-1
244,-1,621,496,1194,945,0.995890200138092,-1,-1,-1
244,-1,924,118,1213,353,0.9916433095932007,-1,-1,-1
244,-1,1160,199,1472,432,0.957251787185669,-1,-1,-1
245,-1,475,24,741,313,0.9962258338928223,-1,-1,-1
245,-1,1364,279,1775,570,0.9959841966629028,-1,-1,-1
245,-1,621,496,1194,945,0.9958782196044922,-1,-1,-1
245,-1,924,118,1213,353,0.9916664958000183,-1,-1,-1
245,-1,1164,200,1474,429,0.9627315998077393,-1,-1,-1
246,-1,475,25,741,313,0.9962691068649292,-1,-1,-1
246,-1,1364,279,1775,570,0.9959816932678223,-1,-1,-1
246,-1,621,496,1194,945,0.9958928823471069,-1,-1,-1
246,-1,924,118,1213,353,0.9916490316390991,-1,-1,-1
246,-1,1160,199,1472,432,0.9552971124649048,-1,-1,-1
247,-1,475,25,741,313,0.9962672591209412,-1,-1,-1
247,-1,1364,279,1775,570,0.9959880709648132,-1,-1,-1
247,-1,621,496,1194,945,0.9958997368812561,-1,-1,-1
247,-1,924,118,1213,352,0.9916518330574036,-1,-1,-1
247,-1,1164,200,1474,429,0.9620581269264221,-1,-1,-1
248,-1,475,25,741,313,0.9962704181671143,-1,-1,-1
248,-1,1364,279,1775,570,0.9960081577301025,-1,-1,-1
248,-1,621,496,1194,945,0.9958871006965637,-1,-1,-1
248,-1,924,118,1213,352,0.9916583895683289,-1,-1,-1
248,-1,1164,200,1474,429,0.9625468254089355,-1,-1,-1
249,-1,475,25,741,313,0.9962688684463501,-1,-1,-1
249,-1,1364,279,1775,570,0.9959981441497803,-1,-1,-1
249,-1,621,496,1194,945,0.995891809463501,-1,-1,-1
249,-1,924,118,1213,352,0.9916107058525085,-1,-1,-1
249,-1,1164,200,1474,429,0.9626848697662354,-1,-1,-1
250,-1,475,25,741,313,0.9962767958641052,-1,-1,-1
250,-1,1364,279,1775,570,0.9959924817085266,-1,-1,-1
250,-1,621,496,1194,945,0.9958868622779846,-1,-1,-1
250,-1,924,118,1213,352,0.991612434387207,-1,-1,-1
250,-1,1164,200,1474,429,0.9629772901535034,-1,-1,-1
251,-1,478,23,740,309,0.9962445497512817,-1,-1,-1
251,-1,1364,279,1775,570,0.9959593415260315,-1,-1,-1
251,-1,621,496,1194,945,0.9958721995353699,-1,-1,-1
251,-1,924,118,1213,353,0.9916111826896667,-1,-1,-1
251,-1,1160,199,1472,432,0.9563418626785278,-1,-1,-1
252,-1,515,20,807,339,0.9953344464302063,-1,-1,-1
252,-1,1195,219,1545,471,0.9941660165786743,-1,-1,-1
252,-1,855,117,1095,321,0.9568895697593689,-1,-1,-1
252,-1,1044,167,1300,374,0.6116175651550293,-1,-1,-1
253,-1,519,19,820,339,0.9966256618499756,-1,-1,-1
253,-1,1180,217,1529,471,0.9958135485649109,-1,-1,-1
253,-1,845,118,1090,322,0.95256507396698,-1,-1,-1
254,-1,524,20,827,343,0.9970993995666504,-1,-1,-1
254,-1,1173,209,1515,462,0.9951016306877136,-1,-1,-1
254,-1,843,116,1080,319,0.9563124179840088,-1,-1,-1
254,-1,1017,161,1274,367,0.6398562788963318,-1,-1,-1
255,-1,529,18,828,346,0.9970632195472717,-1,-1,-1
255,-1,1161,212,1497,456,0.9956225752830505,-1,-1,-1
255,-1,839,115,1071,314,0.9729289412498474,-1,-1,-1
256,-1,533,19,833,349,0.996996283531189,-1,-1,-1
256,-1,1154,209,1482,455,0.995468020439148,-1,-1,-1
256,-1,830,114,1059,316,0.9684496521949768,-1,-1,-1
257,-1,544,21,844,355,0.9964421391487122,-1,-1,-1
257,-1,1139,207,1471,450,0.9953893423080444,-1,-1,-1
257,-1,823,113,1050,311,0.9584851264953613,-1,-1,-1
258,-1,547,17,849,358,0.995311975479126,-1,-1,-1
258,-1,1139,210,1450,442,0.9941439032554626,-1,-1,-1
258,-1,817,112,1039,308,0.8972510099411011,-1,-1,-1
259,-1,549,18,850,367,0.9953847527503967,-1,-1,-1
259,-1,1122,203,1445,439,0.9940764904022217,-1,-1,-1
259,-1,816,113,1032,305,0.7732767462730408,-1,-1,-1
260,-1,1112,197,1435,431,0.9952038526535034,-1,-1,-1
260,-1,552,22,857,369,0.9950474500656128,-1,-1,-1
260,-1,820,109,1026,302,0.6094557642936707,-1,-1,-1
261,-1,1103,188,1413,426,0.9951451420783997,-1,-1,-1
261,-1,557,23,871,368,0.9944774508476257,-1,-1,-1
261,-1,1627,234,1920,487,0.8637831211090088,-1,-1,-1
261,-1,959,144,1193,346,0.7128679156303406,-1,-1,-1
262,-1,567,33,884,371,0.9948295950889587,-1,-1,-1
262,-1,1093,187,1406,425,0.9945372939109802,-1,-1,-1
262,-1,1610,226,1920,482,0.9153568744659424,-1,-1,-1
262,-1,947,134,1190,342,0.7191317081451416,-1,-1,-1
263,-1,1092,186,1394,417,0.9942132830619812,-1,-1,-1
263,-1,577,23,895,372,0.9937123656272888,-1,-1,-1
263,-1,1584,222,1920,477,0.9783480763435364,-1,-1,-1
263,-1,942,126,1179,339,0.6940175890922546,-1,-1,-1
264,-1,580,36,906,383,0.9945429563522339,-1,-1,-1
264,-1,1078,181,1390,412,0.9942586421966553,-1,-1,-1
264,-1,1564,216,1920,465,0.9937528967857361,-1,-1,-1
264,-1,934,125,1168,336,0.6922743916511536,-1,-1,-1
265,-1,582,31,912,385,0.9948015213012695,-1,-1,-1
265,-1,1071,179,1377,410,0.9945266842842102,-1,-1,-1
265,-1,1549,210,1906,464,0.9943619966506958,-1,-1,-1
265,-1,926,137,1163,333,0.62370365858078,-1,-1,-1
266,-1,595,28,926,394,0.9948309063911438,-1,-1,-1
266,-1,1523,203,1875,455,0.9942674040794373,-1,-1,-1
266,-1,1054,179,1365,408,0.9933386445045471,-1,-1,-1
267,-1,601,28,934,396,0.9945987462997437,-1,-1,-1
267,-1,1508,206,1857,451,0.9941369295120239,-1,-1,-1
267,-1,1052,184,1349,404,0.9932920932769775,-1,-1,-1
268,-1,609,40,950,401,0.9953517913818359,-1,-1,-1
268,-1,1491,200,1835,441,0.9948577880859375,-1,-1,-1
268,-1,1029,176,1346,399,0.9912035465240479,-1,-1,-1
269,-1,611,42,958,407,0.9957446455955505,-1,-1,-1
269,-1,1481,201,1805,435,0.9942086935043335,-1,-1,-1
269,-1,1016,176,1330,402,0.9935573935508728,-1,-1,-1
270,-1,619,43,967,413,0.9952132701873779,-1,-1,-1
270,-1,1464,199,1781,426,0.9949117302894592,-1,-1,-1
270,-1,996,174,1317,393,0.9942647814750671,-1,-1,-1
271,-1,1440,189,1767,420,0.9963297247886658,-1,-1,-1
271,-1,629,43,980,411,0.9953721165657043,-1,-1,-1
271,-1,983,174,1294,390,0.9933027029037476,-1,-1,-1
272,-1,641,40,991,418,0.9956066012382507,-1,-1,-1
272,-1,1423,182,1748,414,0.994672954082489,-1,-1,-1
272,-1,953,170,1272,387,0.9917023777961731,-1,-1,-1
273,-1,1405,185,1727,409,0.9951748251914978,-1,-1,-1
273,-1,655,49,1003,436,0.9939548373222351,-1,-1,-1
273,-1,958,154,1254,385,0.9727205634117126,-1,-1,-1
274,-1,655,56,1014,441,0.9945411086082458,-1,-1,-1
274,-1,1400,184,1702,406,0.9944381713867188,-1,-1,-1
274,-1,963,149,1231,379,0.9804630875587463,-1,-1,-1
275,-1,659,51,1026,444,0.9943392872810364,-1,-1,-1
275,-1,1372,174,1686,402,0.994114339351654,-1,-1,-1
275,-1,976,147,1204,375,0.9076491594314575,-1,-1,-1
276,-1,670,51,1039,458,0.9946823716163635,-1,-1,-1
276,-1,1361,171,1670,398,0.9942861199378967,-1,-1,-1
276,-1,991,138,1174,375,0.6122780442237854,-1,-1,-1
277,-1,1346,170,1655,390,0.9950957298278809,-1,-1,-1
277,-1,682,50,1049,458,0.994662344455719,-1,-1,-1
278,-1,1330,164,1638,389,0.9937374591827393,-1,-1,-1
278,-1,693,67,1076,471,0.9927005767822266,-1,-1,-1
279,-1,686,67,1081,477,0.9944906234741211,-1,-1,-1
279,-1,1318,165,1621,385,0.9934187531471252,-1,-1,-1
280,-1,686,67,1081,477,0.99443519115448,-1,-1,-1
280,-1,1318,165,1621,385,0.993402898311615,-1,-1,-1
281,-1,686,68,1081,477,0.9943026304244995,-1,-1,-1
281,-1,1318,165,1620,387,0.9936408400535583,-1,-1,-1
282,-1,686,68,1081,477,0.9942962527275085,-1,-1,-1
282,-1,1318,165,1620,387,0.9936235547065735,-1,-1,-1
283,-1,686,68,1081,477,0.9942665696144104,-1,-1,-1
283,-1,1318,165,1620,387,0.9936463832855225,-1,-1,-1
284,-1,686,68,1081,477,0.9942533373832703,-1,-1,-1
284,-1,1318,165,1620,386,0.9936879277229309,-1,-1,-1
285,-1,686,68,1081,477,0.9942775368690491,-1,-1,-1
285,-1,1318,165,1620,387,0.9936878085136414,-1,-1,-1
286,-1,686,68,1081,477,0.9942124485969543,-1,-1,-1
286,-1,1321,165,1617,386,0.9938786625862122,-1,-1,-1
287,-1,686,68,1081,477,0.9942070245742798,-1,-1,-1
287,-1,1321,165,1617,386,0.9939336180686951,-1,-1,-1
288,-1,686,68,1081,477,0.9942051768302917,-1,-1,-1
288,-1,1321,165,1617,386,0.9939168095588684,-1,-1,-1
289,-1,686,68,1081,477,0.9942557215690613,-1,-1,-1
289,-1,1318,165,1620,386,0.9935374855995178,-1,-1,-1
290,-1,686,68,1081,477,0.9942498207092285,-1,-1,-1
290,-1,1318,165,1620,386,0.9935355186462402,-1,-1,-1
291,-1,686,68,1081,477,0.9942658543586731,-1,-1,-1
291,-1,1318,165,1620,386,0.9935206770896912,-1,-1,-1
292,-1,825,94,1312,596,0.9961463212966919,-1,-1,-1
292,-1,1424,268,1830,548,0.9950109720230103,-1,-1,-1
292,-1,220,161,670,353,0.9947797060012817,-1,-1,-1
292,-1,659,119,831,274,0.6248085498809814,-1,-1,-1
293,-1,853,97,1341,610,0.9952486157417297,-1,-1,-1
293,-1,195,160,657,356,0.9951713681221008,-1,-1,-1
293,-1,1398,260,1794,536,0.9934970140457153,-1,-1,-1
293,-1,662,126,828,272,0.791838526725769,-1,-1,-1
294,-1,866,103,1365,621,0.9965460896492004,-1,-1,-1
294,-1,1391,256,1782,525,0.9947187900543213,-1,-1,-1
294,-1,159,156,627,351,0.9939044117927551,-1,-1,-1
294,-1,660,129,825,275,0.8525266051292419,-1,-1,-1
294,-1,771,124,939,283,0.7197103500366211,-1,-1,-1
295,-1,882,97,1388,633,0.994782030582428,-1,-1,-1
295,-1,153,157,609,353,0.9940853118896484,-1,-1,-1
295,-1,1370,245,1751,528,0.9920342564582825,-1,-1,-1
295,-1,762,123,956,285,0.9760068655014038,-1,-1,-1
295,-1,659,131,813,271,0.8704855442047119,-1,-1,-1
296,-1,907,104,1415,645,0.9968074560165405,-1,-1,-1
296,-1,126,156,587,355,0.99363774061203,-1,-1,-1
296,-1,1361,242,1739,508,0.9883794784545898,-1,-1,-1
296,-1,759,118,954,283,0.9756867289543152,-1,-1,-1
296,-1,657,132,810,271,0.8559126257896423,-1,-1,-1
297,-1,918,98,1447,668,0.9938786625862122,-1,-1,-1
297,-1,102,156,574,356,0.9915691018104553,-1,-1,-1
297,-1,1374,236,1708,503,0.9838353395462036,-1,-1,-1
297,-1,756,121,961,284,0.9807871580123901,-1,-1,-1
297,-1,661,132,821,273,0.7392824292182922,-1,-1,-1
298,-1,945,106,1479,680,0.9961722493171692,-1,-1,-1
298,-1,85,155,552,355,0.9945266842842102,-1,-1,-1
298,-1,755,123,950,282,0.9869840145111084,-1,-1,-1
298,-1,1393,229,1688,493,0.9620903134346008,-1,-1,-1
299,-1,937,116,1511,697,0.9942824840545654,-1,-1,-1
299,-1,84,155,536,358,0.9883887767791748,-1,-1,-1
299,-1,749,122,947,281,0.9766407608985901,-1,-1,-1
299,-1,1422,230,1669,485,0.8041973114013672,-1,-1,-1
