1,-1,1307,752,1655,959,0.9948773980140686,-1,-1,-1
1,-1,2003,904,2220,1079,0.9922628402709961,-1,-1,-1
2,-1,1294,746,1642,959,0.9938032627105713,-1,-1,-1
2,-1,2008,903,2223,1074,0.9911591410636902,-1,-1,-1
3,-1,1272,746,1634,962,0.9943524599075317,-1,-1,-1
3,-1,2016,905,2219,1072,0.9912322163581848,-1,-1,-1
4,-1,1265,746,1631,965,0.9927908182144165,-1,-1,-1
4,-1,2022,904,2222,1068,0.9913683533668518,-1,-1,-1
5,-1,1239,741,1609,959,0.9950131773948669,-1,-1,-1
5,-1,2031,902,2223,1066,0.9910039901733398,-1,-1,-1
6,-1,1216,739,1595,963,0.9938578009605408,-1,-1,-1
6,-1,2035,902,2223,1064,0.9929343461990356,-1,-1,-1
7,-1,1196,736,1590,963,0.993800699710846,-1,-1,-1
7,-1,2037,903,2222,1060,0.9898723363876343,-1,-1,-1
8,-1,1182,736,1581,967,0.9936835765838623,-1,-1,-1
8,-1,2041,903,2227,1058,0.9909690022468567,-1,-1,-1
9,-1,1163,734,1564,965,0.9934686422348022,-1,-1,-1
9,-1,2041,903,2227,1051,0.9892818927764893,-1,-1,-1
10,-1,1142,730,1560,967,0.993655800819397,-1,-1,-1
10,-1,2048,900,2230,1050,0.9920979738235474,-1,-1,-1
11,-1,1126,727,1545,966,0.9936887621879578,-1,-1,-1
11,-1,2048,900,2232,1049,0.9863728880882263,-1,-1,-1
12,-1,1104,728,1536,969,0.9938743710517883,-1,-1,-1
12,-1,2060,901,2231,1046,0.9844405651092529,-1,-1,-1
13,-1,1088,725,1522,968,0.9935722351074219,-1,-1,-1
13,-1,2062,900,2235,1041,0.9845126271247864,-1,-1,-1
14,-1,1080,721,1522,968,0.9927819967269897,-1,-1,-1
14,-1,2068,899,2233,1039,0.9882850646972656,-1,-1,-1
15,-1,1056,722,1504,965,0.9935384392738342,-1,-1,-1
15,-1,2071,899,2233,1038,0.9881995916366577,-1,-1,-1
16,-1,1037,721,1494,967,0.9938243627548218,-1,-1,-1
16,-1,2073,899,2236,1035,0.9847584962844849,-1,-1,-1
17,-1,1006,715,1491,971,0.9933211207389832,-1,-1,-1
17,-1,2077,900,2237,1033,0.9822067022323608,-1,-1,-1
18,-1,996,712,1484,972,0.9931294322013855,-1,-1,-1
18,-1,2075,901,2240,1027,0.9720640182495117,-1,-1,-1
19,-1,986,710,1475,970,0.9925143122673035,-1,-1,-1
19,-1,2083,902,2241,1030,0.9754447340965271,-1,-1,-1
20,-1,960,704,1456,970,0.9935629367828369,-1,-1,-1
20,-1,2087,902,2246,1027,0.9768593907356262,-1,-1,-1
21,-1,943,702,1449,969,0.9936915636062622,-1,-1,-1
21,-1,2091,902,2245,1026,0.9835204482078552,-1,-1,-1
22,-1,929,697,1442,971,0.9935342073440552,-1,-1,-1
22,-1,2091,904,2247,1025,0.9820075631141663,-1,-1,-1
23,-1,912,693,1438,974,0.992893397808075,-1,-1,-1
23,-1,2098,900,2246,1023,0.975597620010376,-1,-1,-1
24,-1,897,692,1433,971,0.9922229647636414,-1,-1,-1
24,-1,2103,901,2249,1023,0.9769524335861206,-1,-1,-1
25,-1,895,696,1438,971,0.9906891584396362,-1,-1,-1
25,-1,2104,901,2248,1020,0.9761884808540344,-1,-1,-1
26,-1,872,690,1424,968,0.9912163019180298,-1,-1,-1
26,-1,2109,901,2251,1021,0.9726084470748901,-1,-1,-1
27,-1,862,689,1413,970,0.9920628666877747,-1,-1,-1
27,-1,2110,901,2252,1018,0.9681287407875061,-1,-1,-1
28,-1,851,689,1407,970,0.992312490940094,-1,-1,-1
28,-1,2113,903,2251,1015,0.9625828266143799,-1,-1,-1
29,-1,837,677,1396,976,0.9917919635772705,-1,-1,-1
29,-1,2114,901,2253,1014,0.9570437669754028,-1,-1,-1
30,-1,831,675,1388,978,0.9914349913597107,-1,-1,-1
30,-1,2114,899,2257,1014,0.9487396478652954,-1,-1,-1
31,-1,825,681,1384,971,0.9935919642448425,-1,-1,-1
31,-1,2118,901,2261,1013,0.934615433216095,-1,-1,-1
32,-1,814,680,1378,971,0.9928309321403503,-1,-1,-1
32,-1,2122,900,2262,1012,0.8946684002876282,-1,-1,-1
33,-1,812,685,1385,976,0.9907702803611755,-1,-1,-1
33,-1,2124,899,2265,1012,0.8910425901412964,-1,-1,-1
34,-1,803,684,1380,975,0.9890299439430237,-1,-1,-1
34,-1,2125,898,2267,1012,0.8896525502204895,-1,-1,-1
34,-1,0,833,1304,1643,0.8345049619674683,-1,-1,-1
35,-1,779,677,1370,973,0.9860218167304993,-1,-1,-1
35,-1,0,875,1464,1608,0.9174344539642334,-1,-1,-1
35,-1,2128,898,2264,1009,0.8889440894126892,-1,-1,-1
36,-1,119,881,1569,1561,0.9911653399467468,-1,-1,-1
36,-1,772,673,1363,974,0.9843644499778748,-1,-1,-1
36,-1,2130,897,2267,1008,0.7871905565261841,-1,-1,-1
37,-1,395,898,1660,1528,0.9909260272979736,-1,-1,-1
37,-1,777,677,1351,964,0.9866769313812256,-1,-1,-1
37,-1,2133,895,2269,1007,0.7903624773025513,-1,-1,-1
38,-1,632,910,1745,1495,0.9929541945457458,-1,-1,-1
38,-1,768,674,1355,969,0.9866904020309448,-1,-1,-1
38,-1,2135,895,2270,1006,0.7495073080062866,-1,-1,-1
39,-1,827,922,1804,1462,0.9904806017875671,-1,-1,-1
39,-1,750,672,1352,973,0.9880518913269043,-1,-1,-1
39,-1,2136,895,2270,1005,0.6487865447998047,-1,-1,-1
40,-1,1002,938,1866,1440,0.991028904914856,-1,-1,-1
40,-1,744,672,1347,974,0.9903694987297058,-1,-1,-1
41,-1,1131,951,1917,1406,0.9914736747741699,-1,-1,-1
41,-1,740,673,1346,976,0.9900609254837036,-1,-1,-1
42,-1,1249,954,1957,1378,0.9944555163383484,-1,-1,-1
42,-1,731,672,1336,975,0.9910351634025574,-1,-1,-1
43,-1,1354,958,1985,1353,0.9941830039024353,-1,-1,-1
43,-1,725,671,1331,975,0.9911583065986633,-1,-1,-1
43,-1,1704,801,1855,919,0.6464422345161438,-1,-1,-1
44,-1,1435,958,2011,1331,0.9940230250358582,-1,-1,-1
44,-1,744,674,1326,977,0.990872859954834,-1,-1,-1
44,-1,1688,801,1847,921,0.7538579106330872,-1,-1,-1
45,-1,1508,965,2022,1324,0.9931714534759521,-1,-1,-1
45,-1,724,669,1332,974,0.9911925196647644,-1,-1,-1
45,-1,1679,798,1839,919,0.9183931946754456,-1,-1,-1
46,-1,1557,948,2043,1297,0.9937344193458557,-1,-1,-1
46,-1,721,669,1329,974,0.9909095168113708,-1,-1,-1
46,-1,1668,797,1833,919,0.9265250563621521,-1,-1,-1
47,-1,1619,960,2068,1280,0.9935163259506226,-1,-1,-1
47,-1,713,669,1325,974,0.9910887479782104,-1,-1,-1
47,-1,1656,795,1830,922,0.9633837342262268,-1,-1,-1
48,-1,1656,956,2088,1263,0.9925393462181091,-1,-1,-1
48,-1,691,668,1319,974,0.9912480115890503,-1,-1,-1
48,-1,1641,795,1820,922,0.9692622423171997,-1,-1,-1
49,-1,684,666,1309,975,0.9921910166740417,-1,-1,-1
49,-1,1691,958,2102,1252,0.9920377731323242,-1,-1,-1
49,-1,1629,794,1809,919,0.9670785665512085,-1,-1,-1
50,-1,676,668,1313,976,0.9920469522476196,-1,-1,-1
50,-1,1728,957,2114,1239,0.9910683631896973,-1,-1,-1
50,-1,1614,794,1804,917,0.9657737016677856,-1,-1,-1
51,-1,1760,957,2124,1226,0.9914777874946594,-1,-1,-1
51,-1,674,662,1290,974,0.990056037902832,-1,-1,-1
51,-1,1604,788,1789,920,0.9613377451896667,-1,-1,-1
52,-1,1789,953,2130,1216,0.9924265146255493,-1,-1,-1
52,-1,661,664,1295,978,0.9909262657165527,-1,-1,-1
52,-1,1593,787,1779,917,0.9702688455581665,-1,-1,-1
53,-1,1810,948,2139,1208,0.9929267764091492,-1,-1,-1
53,-1,653,663,1289,977,0.9917974472045898,-1,-1,-1
53,-1,1577,787,1764,917,0.9791116118431091,-1,-1,-1
54,-1,1831,946,2147,1190,0.9939363598823547,-1,-1,-1
54,-1,642,661,1283,980,0.9918091893196106,-1,-1,-1
54,-1,1567,787,1747,922,0.9781768321990967,-1,-1,-1
55,-1,634,658,1281,980,0.9903650879859924,-1,-1,-1
55,-1,1852,950,2153,1180,0.9893026947975159,-1,-1,-1
55,-1,1546,784,1746,918,0.9839196801185608,-1,-1,-1
56,-1,1869,945,2156,1172,0.9904234409332275,-1,-1,-1
56,-1,644,664,1270,977,0.9891005158424377,-1,-1,-1
56,-1,1537,783,1735,914,0.9866504669189453,-1,-1,-1
57,-1,1888,942,2164,1162,0.9924132227897644,-1,-1,-1
57,-1,603,657,1266,978,0.9911715388298035,-1,-1,-1
57,-1,1517,775,1718,920,0.9685782194137573,-1,-1,-1
58,-1,1902,944,2165,1156,0.9912671446800232,-1,-1,-1
58,-1,589,657,1264,981,0.9893667101860046,-1,-1,-1
58,-1,1497,780,1711,915,0.9779607653617859,-1,-1,-1
59,-1,564,655,1257,982,0.9918152689933777,-1,-1,-1
59,-1,1918,944,2170,1147,0.9912500381469727,-1,-1,-1
59,-1,1480,772,1693,921,0.9744763374328613,-1,-1,-1
60,-1,1928,941,2172,1140,0.9917530417442322,-1,-1,-1
60,-1,560,654,1247,980,0.9902793765068054,-1,-1,-1
60,-1,1463,768,1678,922,0.9788830876350403,-1,-1,-1
61,-1,1939,941,2180,1136,0.9922165870666504,-1,-1,-1
61,-1,549,643,1233,981,0.9901519417762756,-1,-1,-1
61,-1,1440,772,1668,916,0.9771881103515625,-1,-1,-1
62,-1,1946,940,2184,1128,0.9937307834625244,-1,-1,-1
62,-1,529,645,1228,978,0.9894201755523682,-1,-1,-1
62,-1,1418,769,1652,915,0.9572327733039856,-1,-1,-1
63,-1,1955,937,2189,1121,0.9937050938606262,-1,-1,-1
63,-1,500,639,1209,977,0.987877607345581,-1,-1,-1
63,-1,1398,761,1634,921,0.9625728726387024,-1,-1,-1
64,-1,1964,930,2188,1116,0.9955409169197083,-1,-1,-1
64,-1,465,635,1209,981,0.9910906553268433,-1,-1,-1
64,-1,1380,759,1619,917,0.9315606951713562,-1,-1,-1
65,-1,1973,931,2189,1109,0.9958695769309998,-1,-1,-1
65,-1,434,627,1189,985,0.9900778532028198,-1,-1,-1
65,-1,1355,754,1605,915,0.9763229489326477,-1,-1,-1
66,-1,1979,931,2190,1105,0.9956256151199341,-1,-1,-1
66,-1,407,624,1181,985,0.9930559992790222,-1,-1,-1
66,-1,1335,749,1588,914,0.9558769464492798,-1,-1,-1
67,-1,1986,933,2187,1100,0.9946824908256531,-1,-1,-1
67,-1,367,603,1148,987,0.987160325050354,-1,-1,-1
67,-1,1307,745,1562,920,0.9606313109397888,-1,-1,-1
68,-1,1991,930,2189,1097,0.9944124817848206,-1,-1,-1
68,-1,301,614,1121,984,0.9919635057449341,-1,-1,-1
68,-1,1278,747,1543,910,0.9589150547981262,-1,-1,-1
69,-1,1995,925,2201,1093,0.993980884552002,-1,-1,-1
69,-1,270,604,1129,986,0.9876919388771057,-1,-1,-1
69,-1,1245,738,1527,913,0.9559939503669739,-1,-1,-1
70,-1,2001,926,2203,1088,0.9927116632461548,-1,-1,-1
70,-1,215,597,1096,986,0.9899719953536987,-1,-1,-1
70,-1,1217,733,1510,912,0.8803954124450684,-1,-1,-1
71,-1,2006,923,2200,1085,0.9944092631340027,-1,-1,-1
71,-1,162,582,1056,987,0.9896361231803894,-1,-1,-1
71,-1,1187,731,1487,910,0.9268676042556763,-1,-1,-1
72,-1,2014,921,2201,1081,0.9947534799575806,-1,-1,-1
72,-1,82,574,1027,989,0.986230194568634,-1,-1,-1
72,-1,1160,729,1465,908,0.939805269241333,-1,-1,-1
73,-1,2021,923,2207,1075,0.9923877716064453,-1,-1,-1
73,-1,5,563,985,990,0.9880440831184387,-1,-1,-1
73,-1,1124,728,1451,907,0.9275146126747131,-1,-1,-1
74,-1,2026,922,2205,1071,0.993886411190033,-1,-1,-1
74,-1,0,551,951,988,0.9761698246002197,-1,-1,-1
74,-1,1091,721,1422,904,0.9433426856994629,-1,-1,-1
75,-1,2029,921,2208,1068,0.9932925701141357,-1,-1,-1
75,-1,0,536,916,993,0.8878058195114136,-1,-1,-1
75,-1,1057,715,1397,903,0.876648485660553,-1,-1,-1
76,-1,2035,922,2208,1064,0.9932938814163208,-1,-1,-1
76,-1,1014,712,1371,904,0.880261242389679,-1,-1,-1
76,-1,0,530,819,1003,0.8408805727958679,-1,-1,-1
77,-1,2037,919,2212,1060,0.9925615191459656,-1,-1,-1
77,-1,960,704,1344,902,0.9581624865531921,-1,-1,-1
78,-1,2044,920,2210,1056,0.9906232953071594,-1,-1,-1
78,-1,924,695,1312,900,0.9738960862159729,-1,-1,-1
79,-1,2050,919,2210,1054,0.9912431240081787,-1,-1,-1
79,-1,873,687,1284,903,0.9807610511779785,-1,-1,-1
80,-1,2049,918,2210,1050,0.9881908893585205,-1,-1,-1
80,-1,847,679,1250,896,0.9832563400268555,-1,-1,-1
81,-1,776,675,1218,899,0.9871155023574829,-1,-1,-1
81,-1,2057,919,2207,1048,0.9826632738113403,-1,-1,-1
82,-1,734,669,1197,900,0.9848875999450684,-1,-1,-1
82,-1,2059,917,2212,1046,0.9846046566963196,-1,-1,-1
83,-1,674,658,1162,901,0.989029049873352,-1,-1,-1
83,-1,2061,916,2213,1041,0.9841676354408264,-1,-1,-1
84,-1,599,641,1117,897,0.9907592535018921,-1,-1,-1
84,-1,2061,917,2213,1034,0.9688192009925842,-1,-1,-1
85,-1,544,633,1081,898,0.9918708801269531,-1,-1,-1
85,-1,2063,914,2209,1032,0.9572502374649048,-1,-1,-1
86,-1,470,627,1023,890,0.9913145899772644,-1,-1,-1
86,-1,2068,916,2211,1027,0.954380989074707,-1,-1,-1
87,-1,415,618,987,888,0.989737331867218,-1,-1,-1
87,-1,2069,915,2213,1025,0.9527773261070251,-1,-1,-1
88,-1,322,600,946,884,0.9914525747299194,-1,-1,-1
88,-1,2070,911,2219,1027,0.9593688249588013,-1,-1,-1
89,-1,256,596,885,877,0.9914337396621704,-1,-1,-1
89,-1,2073,910,2220,1025,0.9658723473548889,-1,-1,-1
90,-1,175,589,822,872,0.9903172254562378,-1,-1,-1
90,-1,2077,909,2222,1024,0.9475346803665161,-1,-1,-1
91,-1,64,569,771,871,0.9895462393760681,-1,-1,-1
91,-1,2078,908,2222,1023,0.9391770362854004,-1,-1,-1
92,-1,8,564,711,870,0.9671698212623596,-1,-1,-1
92,-1,2080,908,2221,1021,0.929838240146637,-1,-1,-1
93,-1,2083,908,2222,1020,0.8905348777770996,-1,-1,-1
93,-1,0,548,643,868,0.690165102481842,-1,-1,-1
94,-1,2085,907,2225,1019,0.8656238913536072,-1,-1,-1
94,-1,0,540,578,859,0.7057790756225586,-1,-1,-1
95,-1,2088,908,2227,1018,0.8087272047996521,-1,-1,-1
96,-1,0,559,1108,1440,0.8058008551597595,-1,-1,-1
96,-1,2091,908,2225,1015,0.7330778241157532,-1,-1,-1
97,-1,8,690,1243,1365,0.9895429611206055,-1,-1,-1
97,-1,2095,908,2228,1015,0.6653769612312317,-1,-1,-1
98,-1,306,713,1335,1314,0.9902358651161194,-1,-1,-1
98,-1,2100,909,2228,1013,0.6236140131950378,-1,-1,-1
99,-1,519,730,1428,1276,0.9942408800125122,-1,-1,-1
100,-1,693,750,1503,1238,0.9935610294342041,-1,-1,-1
101,-1,852,775,1570,1206,0.9947118759155273,-1,-1,-1
101,-1,2113,909,2235,1012,0.6487845778465271,-1,-1,-1
102,-1,989,781,1621,1185,0.9960376024246216,-1,-1,-1
103,-1,1094,792,1681,1167,0.9946843981742859,-1,-1,-1
104,-1,1191,798,1704,1150,0.9946388602256775,-1,-1,-1
104,-1,1741,814,1885,910,0.623621940612793,-1,-1,-1
105,-1,1266,803,1749,1135,0.9942564368247986,-1,-1,-1
105,-1,1731,808,1874,912,0.6230259537696838,-1,-1,-1
106,-1,1336,809,1769,1121,0.9937783479690552,-1,-1,-1
107,-1,1396,816,1800,1112,0.9945793151855469,-1,-1,-1
108,-1,1445,827,1836,1101,0.9937689900398254,-1,-1,-1
109,-1,1514,832,1862,1090,0.9944320321083069,-1,-1,-1
110,-1,1552,837,1877,1080,0.994789719581604,-1,-1,-1
111,-1,1591,843,1901,1069,0.994823694229126,-1,-1,-1
112,-1,1616,851,1920,1065,0.9953163862228394,-1,-1,-1
113,-1,1655,846,1930,1061,0.99434494972229,-1,-1,-1
114,-1,1677,844,1948,1057,0.9945510029792786,-1,-1,-1
115,-1,1708,852,1957,1047,0.9934472441673279,-1,-1,-1
115,-1,1594,794,1772,910,0.7564037442207336,-1,-1,-1
116,-1,1730,855,1976,1043,0.9935046434402466,-1,-1,-1
116,-1,1578,790,1778,914,0.9904400110244751,-1,-1,-1
117,-1,1752,851,1990,1037,0.9952821135520935,-1,-1,-1
117,-1,1558,786,1761,914,0.9828422665596008,-1,-1,-1
118,-1,1767,853,1999,1034,0.9952079653739929,-1,-1,-1
118,-1,1543,785,1745,914,0.9839913845062256,-1,-1,-1
118,-1,0,723,946,1368,0.7397664785385132,-1,-1,-1
119,-1,1792,865,2015,1032,0.9946915507316589,-1,-1,-1
119,-1,74,748,1137,1299,0.9897633790969849,-1,-1,-1
119,-1,1530,777,1732,917,0.9783200025558472,-1,-1,-1
120,-1,1805,864,2024,1029,0.9951338171958923,-1,-1,-1
120,-1,343,766,1247,1255,0.9927339553833008,-1,-1,-1
120,-1,1504,780,1720,912,0.9749673008918762,-1,-1,-1
121,-1,1827,866,2034,1025,0.9944082498550415,-1,-1,-1
121,-1,588,785,1355,1217,0.9928184747695923,-1,-1,-1
121,-1,1490,777,1705,912,0.9727252125740051,-1,-1,-1
122,-1,1836,867,2045,1020,0.9948034882545471,-1,-1,-1
122,-1,762,801,1452,1182,0.9929922819137573,-1,-1,-1
122,-1,1463,771,1690,912,0.9772284030914307,-1,-1,-1
123,-1,930,820,1499,1162,0.9937220215797424,-1,-1,-1
123,-1,1853,864,2050,1019,0.9925776124000549,-1,-1,-1
123,-1,1446,770,1675,911,0.9666330814361572,-1,-1,-1
124,-1,1032,821,1576,1143,0.9949718713760376,-1,-1,-1
124,-1,1875,867,2058,1011,0.9914023280143738,-1,-1,-1
124,-1,1420,764,1660,911,0.9676817655563354,-1,-1,-1
125,-1,1140,816,1613,1133,0.9920997023582458,-1,-1,-1
125,-1,1879,864,2062,1010,0.9884951710700989,-1,-1,-1
125,-1,1396,757,1642,910,0.9344108700752258,-1,-1,-1
126,-1,1233,823,1652,1114,0.9938859343528748,-1,-1,-1
126,-1,1894,863,2068,1008,0.9880527257919312,-1,-1,-1
127,-1,1310,833,1695,1105,0.9937468767166138,-1,-1,-1
127,-1,1903,866,2083,1002,0.9874502420425415,-1,-1,-1
127,-1,1347,754,1606,900,0.8311260342597961,-1,-1,-1
128,-1,1375,850,1757,1089,0.9908623695373535,-1,-1,-1
128,-1,1913,865,2085,1001,0.9849483370780945,-1,-1,-1
129,-1,1432,840,1770,1080,0.9944808483123779,-1,-1,-1
129,-1,1923,863,2094,998,0.9855485558509827,-1,-1,-1
129,-1,1297,752,1568,902,0.9727782011032104,-1,-1,-1
130,-1,1475,848,1804,1072,0.9943706393241882,-1,-1,-1
130,-1,1261,739,1549,910,0.9868341088294983,-1,-1,-1
130,-1,1934,860,2096,997,0.9839701056480408,-1,-1,-1
131,-1,1523,852,1827,1062,0.9936000108718872,-1,-1,-1
131,-1,1231,737,1527,909,0.9905412793159485,-1,-1,-1
131,-1,1946,863,2099,995,0.986992359161377,-1,-1,-1
132,-1,1569,855,1852,1055,0.9940159320831299,-1,-1,-1
132,-1,1195,729,1498,907,0.9903833270072937,-1,-1,-1
132,-1,1954,865,2104,992,0.989234209060669,-1,-1,-1
133,-1,1608,861,1869,1045,0.9929386973381042,-1,-1,-1
133,-1,1166,730,1481,906,0.9836170673370361,-1,-1,-1
133,-1,1965,865,2105,995,0.9830605387687683,-1,-1,-1
134,-1,1644,860,1896,1041,0.9918105602264404,-1,-1,-1
134,-1,1128,724,1455,904,0.9894194602966309,-1,-1,-1
134,-1,40,719,1036,1232,0.9854936599731445,-1,-1,-1
134,-1,1968,867,2113,988,0.9747732281684875,-1,-1,-1
135,-1,1666,860,1918,1039,0.9957790374755859,-1,-1,-1
135,-1,326,742,1171,1201,0.9889817833900452,-1,-1,-1
135,-1,1093,713,1429,901,0.976421058177948,-1,-1,-1
135,-1,1977,871,2117,987,0.9595470428466797,-1,-1,-1
136,-1,1692,864,1933,1035,0.9952846169471741,-1,-1,-1
136,-1,542,765,1281,1167,0.9923954010009766,-1,-1,-1
136,-1,1051,708,1406,898,0.9538459777832031,-1,-1,-1
136,-1,1984,871,2118,985,0.9288880825042725,-1,-1,-1
137,-1,1719,865,1943,1032,0.9951071739196777,-1,-1,-1
137,-1,748,771,1378,1139,0.9897053837776184,-1,-1,-1
137,-1,1989,873,2123,982,0.883358359336853,-1,-1,-1
137,-1,1019,701,1372,890,0.7259384989738464,-1,-1,-1
138,-1,1740,868,1959,1029,0.9956244826316833,-1,-1,-1
138,-1,900,795,1474,1120,0.9946213960647583,-1,-1,-1
138,-1,1998,870,2132,980,0.8073371052742004,-1,-1,-1
138,-1,961,695,1346,866,0.6087270975112915,-1,-1,-1
139,-1,1761,867,1975,1023,0.9956328272819519,-1,-1,-1
139,-1,1030,805,1530,1103,0.9917102456092834,-1,-1,-1
139,-1,909,683,1308,888,0.9235257506370544,-1,-1,-1
139,-1,2005,871,2135,979,0.853236973285675,-1,-1,-1
140,-1,1776,868,1983,1021,0.9944254159927368,-1,-1,-1
140,-1,1138,814,1598,1092,0.9918826222419739,-1,-1,-1
140,-1,860,676,1289,899,0.9841428399085999,-1,-1,-1
140,-1,2011,871,2138,978,0.7947371602058411,-1,-1,-1
141,-1,1800,868,1997,1019,0.9922935962677002,-1,-1,-1
141,-1,1188,825,1625,1075,0.9915340542793274,-1,-1,-1
141,-1,802,664,1268,901,0.9909868836402893,-1,-1,-1
141,-1,2009,869,2144,979,0.8408279418945312,-1,-1,-1
142,-1,1813,870,2006,1015,0.9914721846580505,-1,-1,-1
142,-1,750,658,1234,904,0.9911688566207886,-1,-1,-1
142,-1,1295,825,1676,1063,0.9901036024093628,-1,-1,-1
142,-1,2017,867,2146,977,0.6441085338592529,-1,-1,-1
143,-1,683,655,1186,897,0.992254376411438,-1,-1,-1
143,-1,1830,873,2012,1009,0.9912557601928711,-1,-1,-1
143,-1,1356,825,1713,1059,0.9909563660621643,-1,-1,-1
143,-1,2025,871,2150,974,0.655208170413971,-1,-1,-1
144,-1,617,641,1149,896,0.9935272336006165,-1,-1,-1
144,-1,1432,826,1745,1054,0.9904707670211792,-1,-1,-1
144,-1,1851,869,2023,1006,0.9813994765281677,-1,-1,-1
144,-1,2031,870,2152,974,0.6346927285194397,-1,-1,-1
145,-1,535,625,1116,902,0.9911675453186035,-1,-1,-1
145,-1,1476,840,1780,1045,0.9906338453292847,-1,-1,-1
145,-1,1863,873,2031,1004,0.9832412004470825,-1,-1,-1
145,-1,0,997,1611,1916,0.8122386336326599,-1,-1,-1
146,-1,532,984,1740,1741,0.9930728077888489,-1,-1,-1
146,-1,474,615,1076,893,0.992957353591919,-1,-1,-1
146,-1,1524,845,1809,1036,0.9911209940910339,-1,-1,-1
146,-1,1876,878,2038,1001,0.9767237901687622,-1,-1,-1
147,-1,861,973,1789,1598,0.9935239553451538,-1,-1,-1
147,-1,1556,849,1835,1032,0.9913320541381836,-1,-1,-1
147,-1,406,609,1017,896,0.9899019002914429,-1,-1,-1
147,-1,1891,877,2047,998,0.9526265859603882,-1,-1,-1
148,-1,1086,952,1863,1496,0.9953463673591614,-1,-1,-1
148,-1,325,595,969,894,0.9898494482040405,-1,-1,-1
148,-1,1595,849,1858,1029,0.9893044233322144,-1,-1,-1
148,-1,1903,876,2054,994,0.9638797640800476,-1,-1,-1
149,-1,1273,953,1913,1412,0.9940483570098877,-1,-1,-1
149,-1,223,581,927,889,0.9916198253631592,-1,-1,-1
149,-1,1631,851,1879,1029,0.9846125841140747,-1,-1,-1
149,-1,1909,875,2067,994,0.9507862329483032,-1,-1,-1
150,-1,1404,958,1950,1349,0.9941591024398804,-1,-1,-1
150,-1,122,562,874,887,0.9915186762809753,-1,-1,-1
150,-1,1656,854,1898,1030,0.9899251461029053,-1,-1,-1
150,-1,1921,878,2066,990,0.9051519632339478,-1,-1,-1
151,-1,1491,944,1990,1305,0.9921080470085144,-1,-1,-1
151,-1,33,547,806,880,0.9880611896514893,-1,-1,-1
151,-1,1685,857,1913,1024,0.9849473237991333,-1,-1,-1
151,-1,1931,877,2072,988,0.8647398948669434,-1,-1,-1
152,-1,1571,940,2014,1275,0.9926519989967346,-1,-1,-1
152,-1,1710,858,1932,1016,0.9648158550262451,-1,-1,-1
152,-1,1940,880,2081,986,0.8304579854011536,-1,-1,-1
152,-1,0,535,777,884,0.772606372833252,-1,-1,-1
153,-1,1636,942,2028,1249,0.9918636083602905,-1,-1,-1
153,-1,1729,861,1944,1008,0.9602605700492859,-1,-1,-1
153,-1,1951,878,2088,982,0.7929477095603943,-1,-1,-1
153,-1,0,520,687,876,0.6844777464866638,-1,-1,-1
154,-1,1680,942,2053,1219,0.9928105473518372,-1,-1,-1
154,-1,1748,861,1963,1000,0.9771813154220581,-1,-1,-1
154,-1,1959,873,2094,984,0.8115398287773132,-1,-1,-1
155,-1,1737,928,2067,1190,0.9898109436035156,-1,-1,-1
155,-1,1766,860,1968,992,0.9572655558586121,-1,-1,-1
155,-1,1968,874,2099,981,0.6806651949882507,-1,-1,-1
156,-1,1763,931,2084,1176,0.9911522269248962,-1,-1,-1
156,-1,1791,862,1973,990,0.9570059776306152,-1,-1,-1
156,-1,1969,870,2106,980,0.6738607287406921,-1,-1,-1
157,-1,1804,931,2096,1156,0.9908112287521362,-1,-1,-1
157,-1,1817,868,1991,990,0.9500651955604553,-1,-1,-1
157,-1,1980,870,2107,978,0.6305856704711914,-1,-1,-1
158,-1,1828,929,2108,1142,0.9917438626289368,-1,-1,-1
158,-1,1829,866,1992,986,0.928809404373169,-1,-1,-1
158,-1,1991,867,2107,979,0.6301639080047607,-1,-1,-1
159,-1,1859,932,2115,1131,0.9934684038162231,-1,-1,-1
159,-1,1843,867,2005,984,0.8962852358818054,-1,-1,-1
159,-1,1995,865,2108,977,0.7156660556793213,-1,-1,-1
160,-1,1877,932,2125,1117,0.9945812821388245,-1,-1,-1
160,-1,1863,872,2010,982,0.8631423711776733,-1,-1,-1
161,-1,1899,929,2140,1110,0.996349573135376,-1,-1,-1
161,-1,1875,874,2019,979,0.8221327066421509,-1,-1,-1
162,-1,1913,931,2146,1102,0.995376706123352,-1,-1,-1
162,-1,1886,873,2023,979,0.8724557757377625,-1,-1,-1
163,-1,1932,931,2151,1098,0.9952751398086548,-1,-1,-1
163,-1,1902,874,2033,976,0.6817556619644165,-1,-1,-1
164,-1,1949,930,2157,1092,0.9961011409759521,-1,-1,-1
164,-1,1913,873,2049,977,0.6619534492492676,-1,-1,-1
165,-1,1961,925,2168,1079,0.9934678673744202,-1,-1,-1
166,-1,1975,921,2175,1074,0.9954984188079834,-1,-1,-1
166,-1,1686,802,1848,914,0.7519250512123108,-1,-1,-1
167,-1,1986,921,2178,1067,0.9958280920982361,-1,-1,-1
167,-1,1667,798,1844,913,0.9518349170684814,-1,-1,-1
168,-1,1995,925,2181,1065,0.9955332279205322,-1,-1,-1
168,-1,1654,798,1832,915,0.941101610660553,-1,-1,-1
169,-1,2007,922,2186,1058,0.9949063062667847,-1,-1,-1
169,-1,1639,795,1818,915,0.9605005979537964,-1,-1,-1
170,-1,2017,922,2189,1055,0.9884842038154602,-1,-1,-1
170,-1,1621,789,1809,921,0.9750297665596008,-1,-1,-1
171,-1,2026,916,2187,1047,0.9835108518600464,-1,-1,-1
171,-1,1610,788,1803,914,0.9712622165679932,-1,-1,-1
172,-1,1582,789,1791,916,0.9778443574905396,-1,-1,-1
172,-1,2034,915,2193,1044,0.9751186370849609,-1,-1,-1
173,-1,1566,786,1763,917,0.9813635349273682,-1,-1,-1
173,-1,2040,913,2199,1040,0.9752516150474548,-1,-1,-1
174,-1,1545,782,1752,920,0.9838727116584778,-1,-1,-1
174,-1,2050,911,2202,1033,0.9735942482948303,-1,-1,-1
175,-1,1526,781,1736,918,0.9838248491287231,-1,-1,-1
175,-1,2059,910,2209,1032,0.9688785076141357,-1,-1,-1
176,-1,1507,774,1717,921,0.9846371412277222,-1,-1,-1
176,-1,2063,909,2210,1027,0.9656995534896851,-1,-1,-1
177,-1,2067,907,2212,1024,0.9728471636772156,-1,-1,-1
177,-1,1476,778,1700,918,0.9660764336585999,-1,-1,-1
178,-1,1456,767,1692,917,0.985366940498352,-1,-1,-1
178,-1,2075,903,2218,1025,0.9643158912658691,-1,-1,-1
179,-1,1428,762,1672,918,0.99134361743927,-1,-1,-1
179,-1,2081,900,2216,1022,0.9425303936004639,-1,-1,-1
180,-1,1403,756,1656,917,0.9906547665596008,-1,-1,-1
180,-1,2083,903,2222,1019,0.9386066198348999,-1,-1,-1
181,-1,1384,754,1645,912,0.9897005558013916,-1,-1,-1
181,-1,0,742,1119,1314,0.9858418107032776,-1,-1,-1
181,-1,2090,905,2224,1017,0.9278289079666138,-1,-1,-1
182,-1,330,762,1255,1264,0.9924597144126892,-1,-1,-1
182,-1,1350,750,1614,913,0.9872841835021973,-1,-1,-1
182,-1,2099,902,2226,1013,0.892433762550354,-1,-1,-1
183,-1,570,787,1370,1223,0.9926360249519348,-1,-1,-1
183,-1,1309,742,1592,916,0.9873751401901245,-1,-1,-1
183,-1,2103,901,2230,1011,0.8930031061172485,-1,-1,-1
184,-1,797,797,1465,1187,0.992542028427124,-1,-1,-1
184,-1,1282,744,1572,912,0.9747031331062317,-1,-1,-1
184,-1,2107,902,2230,1012,0.8606036305427551,-1,-1,-1
185,-1,962,811,1544,1160,0.9943698048591614,-1,-1,-1
185,-1,1244,735,1545,913,0.8996939659118652,-1,-1,-1
185,-1,2112,903,2230,1008,0.7752599716186523,-1,-1,-1
186,-1,1071,816,1610,1143,0.9945852160453796,-1,-1,-1
186,-1,2113,902,2233,1007,0.7783179879188538,-1,-1,-1
186,-1,1202,730,1513,899,0.6118999123573303,-1,-1,-1
187,-1,1210,819,1662,1119,0.9931989312171936,-1,-1,-1
187,-1,2116,904,2234,1005,0.6298545598983765,-1,-1,-1
188,-1,1264,829,1702,1104,0.9929807186126709,-1,-1,-1
188,-1,1119,717,1465,903,0.9392679929733276,-1,-1,-1
189,-1,1338,839,1741,1091,0.9929724931716919,-1,-1,-1
189,-1,1085,702,1446,912,0.9761840105056763,-1,-1,-1
190,-1,1420,834,1778,1085,0.9941080808639526,-1,-1,-1
190,-1,1011,697,1424,914,0.9846146702766418,-1,-1,-1
190,-1,1734,822,1872,921,0.6466599702835083,-1,-1,-1
191,-1,1474,848,1814,1073,0.9947235584259033,-1,-1,-1
191,-1,972,682,1393,906,0.9842490553855896,-1,-1,-1
192,-1,1524,852,1840,1063,0.9936444759368896,-1,-1,-1
192,-1,904,680,1355,913,0.9915862083435059,-1,-1,-1
193,-1,1575,857,1862,1053,0.9923461675643921,-1,-1,-1
193,-1,837,666,1318,908,0.9874025583267212,-1,-1,-1
194,-1,1617,864,1881,1046,0.9949548840522766,-1,-1,-1
194,-1,770,656,1284,909,0.9911234378814697,-1,-1,-1
195,-1,1653,864,1909,1042,0.9960998296737671,-1,-1,-1
195,-1,696,645,1240,910,0.9921988844871521,-1,-1,-1
196,-1,1677,863,1931,1039,0.9960436820983887,-1,-1,-1
196,-1,634,637,1191,906,0.9932138919830322,-1,-1,-1
196,-1,1644,800,1807,912,0.7095404863357544,-1,-1,-1
197,-1,1705,866,1942,1035,0.9958925247192383,-1,-1,-1
197,-1,548,623,1164,909,0.990734338760376,-1,-1,-1
197,-1,1631,805,1801,912,0.7499732375144958,-1,-1,-1
198,-1,1729,869,1959,1031,0.9959216117858887,-1,-1,-1
198,-1,445,606,1099,902,0.9880555272102356,-1,-1,-1
198,-1,1610,806,1770,911,0.8826842904090881,-1,-1,-1
199,-1,1756,869,1970,1027,0.9956451654434204,-1,-1,-1
199,-1,372,594,1029,898,0.9843546152114868,-1,-1,-1
199,-1,1587,804,1755,918,0.9562397003173828,-1,-1,-1
200,-1,1771,870,1984,1023,0.9955008625984192,-1,-1,-1
200,-1,1566,803,1745,919,0.9781599640846252,-1,-1,-1
200,-1,257,577,986,898,0.9757282733917236,-1,-1,-1
201,-1,1797,872,1994,1018,0.9945598244667053,-1,-1,-1
201,-1,127,553,913,889,0.9827187061309814,-1,-1,-1
201,-1,1541,798,1726,917,0.977993369102478,-1,-1,-1
202,-1,1809,874,2013,1017,0.9944408535957336,-1,-1,-1
202,-1,0,534,875,896,0.9858126640319824,-1,-1,-1
202,-1,1523,791,1707,913,0.9834559559822083,-1,-1,-1
203,-1,1828,874,2019,1014,0.9929834604263306,-1,-1,-1
203,-1,1498,792,1698,919,0.981825590133667,-1,-1,-1
203,-1,0,512,805,897,0.668290376663208,-1,-1,-1
204,-1,1475,789,1679,917,0.9905560612678528,-1,-1,-1
204,-1,1845,875,2029,1010,0.989944577217102,-1,-1,-1
205,-1,1862,877,2034,1003,0.990729033946991,-1,-1,-1
205,-1,1452,785,1660,919,0.9852468967437744,-1,-1,-1
206,-1,1427,782,1646,920,0.9879598617553711,-1,-1,-1
206,-1,1872,881,2044,1003,0.9854588508605957,-1,-1,-1
207,-1,1396,777,1622,918,0.9813253879547119,-1,-1,-1
207,-1,1887,877,2050,1002,0.9793413281440735,-1,-1,-1
208,-1,1376,769,1597,920,0.9897612929344177,-1,-1,-1
208,-1,1894,879,2063,999,0.976686954498291,-1,-1,-1
209,-1,1345,772,1586,916,0.9907197952270508,-1,-1,-1
209,-1,1907,878,2069,993,0.9655749201774597,-1,-1,-1
210,-1,1309,767,1559,918,0.9886431097984314,-1,-1,-1
210,-1,1917,876,2072,993,0.9608558416366577,-1,-1,-1
211,-1,1284,766,1529,914,0.9806137084960938,-1,-1,-1
211,-1,1931,876,2081,994,0.910435676574707,-1,-1,-1
212,-1,1245,757,1507,917,0.97687828540802,-1,-1,-1
212,-1,1940,879,2086,991,0.8907755613327026,-1,-1,-1
213,-1,1217,756,1480,911,0.9775680303573608,-1,-1,-1
213,-1,1946,877,2091,991,0.9274051785469055,-1,-1,-1
214,-1,1168,750,1452,909,0.9882253408432007,-1,-1,-1
214,-1,1960,877,2095,989,0.8437002897262573,-1,-1,-1
215,-1,1132,746,1427,905,0.9196553826332092,-1,-1,-1
215,-1,1965,876,2096,988,0.7972463965415955,-1,-1,-1
216,-1,1092,740,1395,906,0.9675583243370056,-1,-1,-1
216,-1,1969,877,2104,985,0.7508028745651245,-1,-1,-1
217,-1,1045,732,1360,902,0.9629102349281311,-1,-1,-1
217,-1,1982,877,2110,984,0.6644107103347778,-1,-1,-1
218,-1,997,726,1323,901,0.9741942882537842,-1,-1,-1
219,-1,929,720,1291,901,0.9776371717453003,-1,-1,-1
219,-1,1996,871,2127,979,0.7478042244911194,-1,-1,-1
220,-1,873,713,1253,898,0.9831143617630005,-1,-1,-1
220,-1,2000,870,2129,978,0.6764079928398132,-1,-1,-1
221,-1,827,699,1217,898,0.9826399087905884,-1,-1,-1
221,-1,2007,863,2130,980,0.6183602213859558,-1,-1,-1
222,-1,773,694,1170,896,0.9843319654464722,-1,-1,-1
223,-1,694,679,1129,901,0.983654797077179,-1,-1,-1
224,-1,608,677,1079,895,0.9892768859863281,-1,-1,-1
225,-1,530,669,1028,894,0.9922107458114624,-1,-1,-1
226,-1,434,650,978,894,0.9919010996818542,-1,-1,-1
227,-1,342,640,928,891,0.9918729662895203,-1,-1,-1
228,-1,243,627,862,884,0.9919207096099854,-1,-1,-1
229,-1,128,612,795,881,0.9920306205749512,-1,-1,-1
230,-1,29,592,718,870,0.9897204041481018,-1,-1,-1
231,-1,0,590,639,876,0.8906614780426025,-1,-1,-1
256,-1,1857,813,2014,944,0.7451267838478088,-1,-1,-1
257,-1,1847,809,2006,944,0.8435847759246826,-1,-1,-1
258,-1,1836,806,2008,945,0.9415640830993652,-1,-1,-1
259,-1,1826,808,1989,947,0.8917911648750305,-1,-1,-1
260,-1,1814,806,1983,947,0.9708548188209534,-1,-1,-1
261,-1,1803,806,1975,948,0.8742464780807495,-1,-1,-1
262,-1,1787,803,1965,947,0.9658609628677368,-1,-1,-1
263,-1,1773,798,1958,949,0.9791781902313232,-1,-1,-1
264,-1,1763,793,1947,947,0.9685127139091492,-1,-1,-1
265,-1,1743,791,1941,949,0.9828464388847351,-1,-1,-1
266,-1,1727,788,1929,950,0.9774606227874756,-1,-1,-1
267,-1,1716,786,1913,948,0.8687587976455688,-1,-1,-1
268,-1,1699,783,1895,950,0.9556378126144409,-1,-1,-1
269,-1,1677,773,1884,949,0.969290018081665,-1,-1,-1
270,-1,1653,770,1874,950,0.9627895355224609,-1,-1,-1
271,-1,1635,767,1861,950,0.9597418308258057,-1,-1,-1
272,-1,1610,767,1839,952,0.9565984606742859,-1,-1,-1
273,-1,1582,753,1834,954,0.9565663933753967,-1,-1,-1
274,-1,1558,753,1814,952,0.9823437929153442,-1,-1,-1
275,-1,1531,753,1799,953,0.9787590503692627,-1,-1,-1
276,-1,1487,744,1768,961,0.9689896106719971,-1,-1,-1
277,-1,1455,741,1754,956,0.9892596006393433,-1,-1,-1
278,-1,1423,731,1734,956,0.9861330389976501,-1,-1,-1
279,-1,1387,725,1709,956,0.990186333656311,-1,-1,-1
280,-1,1342,718,1690,957,0.991732120513916,-1,-1,-1
281,-1,1290,702,1650,965,0.9920186400413513,-1,-1,-1
282,-1,1239,689,1617,970,0.9886122345924377,-1,-1,-1
283,-1,1179,682,1595,962,0.9917652010917664,-1,-1,-1
284,-1,1108,671,1556,964,0.9893769025802612,-1,-1,-1
285,-1,1027,655,1510,967,0.9873955845832825,-1,-1,-1
286,-1,946,631,1463,970,0.9914125204086304,-1,-1,-1
287,-1,844,617,1421,970,0.9908751249313354,-1,-1,-1
288,-1,726,602,1335,974,0.9902659058570862,-1,-1,-1
289,-1,599,577,1298,970,0.9821376800537109,-1,-1,-1
290,-1,607,974,1830,1879,0.9884015917778015,-1,-1,-1
290,-1,497,538,1209,971,0.7241284251213074,-1,-1,-1
291,-1,1035,966,1906,1644,0.992526650428772,-1,-1,-1
292,-1,1287,947,1982,1504,0.991113007068634,-1,-1,-1
292,-1,0,492,1244,1326,0.9594120979309082,-1,-1,-1
293,-1,1441,936,2037,1411,0.9933485388755798,-1,-1,-1
293,-1,248,667,1383,1277,0.98661208152771,-1,-1,-1
294,-1,1566,936,2073,1347,0.9928493499755859,-1,-1,-1
294,-1,496,690,1463,1229,0.9910418391227722,-1,-1,-1
295,-1,1642,926,2095,1297,0.9921787977218628,-1,-1,-1
295,-1,710,709,1534,1200,0.9902011752128601,-1,-1,-1
296,-1,859,734,1597,1175,0.9913119673728943,-1,-1,-1
296,-1,1718,930,2116,1252,0.989535927772522,-1,-1,-1
297,-1,1781,928,2142,1220,0.9910047054290771,-1,-1,-1
297,-1,992,751,1645,1157,0.9907631278038025,-1,-1,-1
298,-1,1130,765,1698,1132,0.9913439750671387,-1,-1,-1
298,-1,1826,924,2148,1189,0.9907799363136292,-1,-1,-1
299,-1,1204,768,1727,1120,0.9907621741294861,-1,-1,-1
299,-1,1864,919,2161,1169,0.9907320141792297,-1,-1,-1
300,-1,1284,783,1767,1106,0.993251621723175,-1,-1,-1
300,-1,1898,915,2167,1150,0.9910116195678711,-1,-1,-1
301,-1,1922,918,2178,1138,0.9894176125526428,-1,-1,-1
301,-1,1360,792,1799,1102,0.9893594980239868,-1,-1,-1
302,-1,1944,920,2184,1121,0.9906250238418579,-1,-1,-1
302,-1,1412,800,1810,1091,0.9884677529335022,-1,-1,-1
303,-1,1966,919,2194,1107,0.9931702613830566,-1,-1,-1
303,-1,1470,809,1838,1075,0.9928720593452454,-1,-1,-1
304,-1,1512,818,1877,1064,0.9940020442008972,-1,-1,-1
304,-1,1983,918,2200,1099,0.9939338564872742,-1,-1,-1
305,-1,1995,914,2203,1090,0.9928802847862244,-1,-1,-1
305,-1,1553,815,1888,1062,0.9919048547744751,-1,-1,-1
306,-1,2011,916,2208,1080,0.9917272329330444,-1,-1,-1
306,-1,1592,825,1917,1047,0.9914223551750183,-1,-1,-1
307,-1,2028,917,2211,1071,0.9904656410217285,-1,-1,-1
307,-1,1620,829,1927,1043,0.9887597560882568,-1,-1,-1
308,-1,1651,829,1945,1036,0.9919838309288025,-1,-1,-1
308,-1,2033,915,2214,1065,0.9901666641235352,-1,-1,-1
309,-1,1680,829,1960,1033,0.9926823973655701,-1,-1,-1
309,-1,2047,911,2218,1059,0.9900615215301514,-1,-1,-1
310,-1,2058,915,2219,1053,0.9880919456481934,-1,-1,-1
310,-1,1712,833,1969,1028,0.9874994158744812,-1,-1,-1
311,-1,1731,835,1976,1028,0.988781213760376,-1,-1,-1
311,-1,2067,912,2221,1046,0.9863126873970032,-1,-1,-1
312,-1,1749,837,1984,1026,0.9902138113975525,-1,-1,-1
312,-1,2072,910,2227,1040,0.9780527949333191,-1,-1,-1
313,-1,1765,838,1994,1025,0.9888514876365662,-1,-1,-1
313,-1,2078,910,2227,1033,0.9775298833847046,-1,-1,-1
313,-1,306,936,1815,1920,0.9734391570091248,-1,-1,-1
314,-1,786,933,1894,1730,0.9960306286811829,-1,-1,-1
314,-1,1781,841,2010,1019,0.986056923866272,-1,-1,-1
314,-1,2084,908,2229,1030,0.9673577547073364,-1,-1,-1
315,-1,1102,926,1971,1566,0.9947432279586792,-1,-1,-1
315,-1,1800,848,2023,1016,0.9821485280990601,-1,-1,-1
315,-1,2092,911,2229,1024,0.9519223570823669,-1,-1,-1
316,-1,1310,921,2015,1465,0.9927283525466919,-1,-1,-1
316,-1,1813,845,2031,1011,0.9689010977745056,-1,-1,-1
316,-1,2102,910,2231,1021,0.9440822601318359,-1,-1,-1
317,-1,1438,912,2052,1392,0.9933316111564636,-1,-1,-1
317,-1,1831,843,2039,1012,0.9816480875015259,-1,-1,-1
317,-1,2106,909,2231,1017,0.9275830984115601,-1,-1,-1
318,-1,1571,937,2068,1339,0.9936630725860596,-1,-1,-1
318,-1,1845,852,2054,1009,0.9840410947799683,-1,-1,-1
318,-1,2113,906,2232,1012,0.8354646563529968,-1,-1,-1
319,-1,1622,915,2095,1296,0.992344319820404,-1,-1,-1
319,-1,1857,848,2050,1002,0.8376107215881348,-1,-1,-1
319,-1,2115,904,2232,1009,0.7918341159820557,-1,-1,-1
320,-1,1699,934,2122,1250,0.9895468354225159,-1,-1,-1
320,-1,2115,904,2234,1008,0.6695753335952759,-1,-1,-1
321,-1,1742,925,2123,1233,0.9902395009994507,-1,-1,-1
321,-1,1891,854,2062,986,0.7959745526313782,-1,-1,-1
322,-1,1787,928,2137,1212,0.990584135055542,-1,-1,-1
322,-1,1894,853,2071,986,0.7070431113243103,-1,-1,-1
323,-1,1825,924,2149,1182,0.9913893342018127,-1,-1,-1
323,-1,1904,856,2073,986,0.7212017774581909,-1,-1,-1
324,-1,1867,922,2163,1166,0.989283561706543,-1,-1,-1
324,-1,1911,857,2074,982,0.804009735584259,-1,-1,-1
325,-1,1893,925,2167,1149,0.9930223822593689,-1,-1,-1
325,-1,1921,858,2085,984,0.9253726601600647,-1,-1,-1
326,-1,1914,923,2172,1136,0.9937283992767334,-1,-1,-1
326,-1,1931,859,2089,979,0.9104503393173218,-1,-1,-1
327,-1,1939,929,2187,1127,0.9940370321273804,-1,-1,-1
327,-1,1937,860,2093,979,0.8941351771354675,-1,-1,-1
328,-1,1957,927,2194,1110,0.995914876461029,-1,-1,-1
329,-1,1972,925,2199,1106,0.9971171617507935,-1,-1,-1
330,-1,1988,923,2202,1098,0.9972060322761536,-1,-1,-1
331,-1,1997,918,2206,1088,0.9960629343986511,-1,-1,-1
332,-1,2012,917,2211,1078,0.9939184188842773,-1,-1,-1
333,-1,2024,909,2218,1075,0.9927765130996704,-1,-1,-1
334,-1,2037,913,2222,1071,0.9938709735870361,-1,-1,-1
335,-1,2043,918,2222,1063,0.9908129572868347,-1,-1,-1
336,-1,2056,917,2223,1062,0.9940407872200012,-1,-1,-1
337,-1,2065,911,2225,1055,0.9904807209968567,-1,-1,-1
338,-1,2069,905,2229,1050,0.9848589301109314,-1,-1,-1
339,-1,2077,904,2231,1044,0.9839491248130798,-1,-1,-1
340,-1,2081,903,2233,1042,0.9831400513648987,-1,-1,-1
341,-1,2086,905,2238,1034,0.9812224507331848,-1,-1,-1
342,-1,2093,902,2240,1032,0.9795079827308655,-1,-1,-1
343,-1,2097,901,2243,1028,0.9725522994995117,-1,-1,-1
344,-1,2108,900,2244,1025,0.9422475695610046,-1,-1,-1
345,-1,2107,903,2246,1023,0.9313077926635742,-1,-1,-1
346,-1,2111,899,2244,1020,0.900348961353302,-1,-1,-1
347,-1,2112,899,2250,1017,0.8766176104545593,-1,-1,-1
348,-1,2119,904,2251,1016,0.8538791537284851,-1,-1,-1
349,-1,2123,900,2253,1013,0.7058371901512146,-1,-1,-1
350,-1,2132,899,2255,1011,0.6488114595413208,-1,-1,-1
351,-1,2133,899,2256,1008,0.6536032557487488,-1,-1,-1
420,-1,1735,806,1885,911,0.8438860774040222,-1,-1,-1
421,-1,1728,804,1874,912,0.8486440777778625,-1,-1,-1
422,-1,1717,807,1864,910,0.8460943102836609,-1,-1,-1
423,-1,1705,807,1860,908,0.804158091545105,-1,-1,-1
424,-1,1695,807,1850,911,0.921141505241394,-1,-1,-1
425,-1,1680,801,1839,912,0.9274595379829407,-1,-1,-1
426,-1,1667,798,1837,913,0.9737545251846313,-1,-1,-1
427,-1,1655,798,1829,913,0.9727501273155212,-1,-1,-1
428,-1,1643,793,1817,912,0.9689855575561523,-1,-1,-1
429,-1,1626,797,1805,916,0.9701886177062988,-1,-1,-1
430,-1,1618,796,1800,913,0.9625523090362549,-1,-1,-1
431,-1,1602,794,1786,910,0.9746583104133606,-1,-1,-1
432,-1,1587,791,1778,911,0.9730530977249146,-1,-1,-1
433,-1,1573,785,1762,913,0.9874821901321411,-1,-1,-1
434,-1,1553,784,1755,912,0.9761385917663574,-1,-1,-1
435,-1,1542,781,1743,911,0.988219141960144,-1,-1,-1
436,-1,1521,782,1733,912,0.9822003841400146,-1,-1,-1
437,-1,1502,777,1721,911,0.9881986379623413,-1,-1,-1
438,-1,1488,777,1709,913,0.9884694218635559,-1,-1,-1
439,-1,1468,772,1693,910,0.9841439723968506,-1,-1,-1
440,-1,1453,764,1679,915,0.9831902980804443,-1,-1,-1
441,-1,1434,764,1669,912,0.9812927842140198,-1,-1,-1
442,-1,1411,761,1654,910,0.9836047291755676,-1,-1,-1
443,-1,1384,753,1637,912,0.9888129830360413,-1,-1,-1
444,-1,1369,753,1626,910,0.9923673272132874,-1,-1,-1
445,-1,1349,751,1609,909,0.988379716873169,-1,-1,-1
446,-1,1318,747,1592,908,0.9908215999603271,-1,-1,-1
447,-1,1295,746,1570,908,0.9903010129928589,-1,-1,-1
448,-1,1271,744,1546,908,0.9866021871566772,-1,-1,-1
449,-1,1241,736,1530,908,0.9842790961265564,-1,-1,-1
450,-1,1211,732,1513,906,0.9892501831054688,-1,-1,-1
451,-1,1186,724,1494,904,0.9875071048736572,-1,-1,-1
452,-1,1152,717,1473,906,0.9853664636611938,-1,-1,-1
453,-1,1119,712,1452,905,0.9888683557510376,-1,-1,-1
454,-1,1087,709,1431,902,0.9875656962394714,-1,-1,-1
455,-1,1052,701,1414,901,0.9851856827735901,-1,-1,-1
455,-1,0,951,1351,1873,0.7321298718452454,-1,-1,-1
456,-1,1000,698,1388,906,0.9863556027412415,-1,-1,-1
456,-1,0,887,1479,1913,0.9128574132919312,-1,-1,-1
457,-1,980,686,1364,900,0.9855697751045227,-1,-1,-1
457,-1,35,906,1568,1829,0.9842267632484436,-1,-1,-1
