1,-1,111,427,347,596,0.9902059435844421,-1,-1,-1
2,-1,104,423,333,590,0.9907041192054749,-1,-1,-1
2,-1,1662,481,2560,1012,0.6021305918693542,-1,-1,-1
3,-1,99,421,326,583,0.991093099117279,-1,-1,-1
3,-1,1654,480,2560,1014,0.6390181183815002,-1,-1,-1
4,-1,92,416,312,577,0.9939755797386169,-1,-1,-1
4,-1,1654,479,2560,1014,0.6376412510871887,-1,-1,-1
5,-1,89,418,307,570,0.9944052696228027,-1,-1,-1
5,-1,1654,479,2560,1014,0.6405332684516907,-1,-1,-1
6,-1,84,412,299,563,0.9961752891540527,-1,-1,-1
6,-1,1654,479,2560,1014,0.6405819058418274,-1,-1,-1
7,-1,81,411,288,558,0.994844913482666,-1,-1,-1
7,-1,1654,479,2560,1014,0.6423267722129822,-1,-1,-1
8,-1,76,406,278,551,0.9930485486984253,-1,-1,-1
8,-1,1654,479,2560,1014,0.6430854797363281,-1,-1,-1
9,-1,72,402,269,550,0.9937886595726013,-1,-1,-1
9,-1,1654,479,2560,1014,0.6439372301101685,-1,-1,-1
10,-1,67,399,261,543,0.9923878908157349,-1,-1,-1
10,-1,1654,479,2560,1014,0.6422668099403381,-1,-1,-1
11,-1,61,397,258,540,0.9930891394615173,-1,-1,-1
12,-1,58,395,249,535,0.9939497709274292,-1,-1,-1
13,-1,57,395,239,528,0.9910968542098999,-1,-1,-1
14,-1,51,391,231,521,0.9815630912780762,-1,-1,-1
15,-1,49,389,225,519,0.9829861521720886,-1,-1,-1
16,-1,48,390,219,514,0.9357864856719971,-1,-1,-1
17,-1,47,386,211,515,0.8731667995452881,-1,-1,-1
18,-1,41,387,208,510,0.8009113669395447,-1,-1,-1
19,-1,38,382,195,507,0.6774975061416626,-1,-1,-1
20,-1,0,592,654,1121,0.8994225859642029,-1,-1,-1
20,-1,37,381,192,501,0.6415989995002747,-1,-1,-1
21,-1,0,608,810,1174,0.9209073781967163,-1,-1,-1
21,-1,32,376,188,497,0.709892749786377,-1,-1,-1
22,-1,0,603,972,1238,0.8867568373680115,-1,-1,-1
22,-1,30,373,184,495,0.7553325891494751,-1,-1,-1
23,-1,8,627,1196,1275,0.989036500453949,-1,-1,-1
23,-1,29,374,176,491,0.6707189679145813,-1,-1,-1
24,-1,40,646,1448,1340,0.9895939826965332,-1,-1,-1
24,-1,29,373,168,487,0.615524172782898,-1,-1,-1
25,-1,221,658,1704,1424,0.9890959858894348,-1,-1,-1
25,-1,27,372,165,483,0.6371942162513733,-1,-1,-1
26,-1,318,662,2030,1496,0.9901273250579834,-1,-1,-1
27,-1,547,683,2368,1583,0.9871180057525635,-1,-1,-1
28,-1,698,700,2560,1619,0.9619398713111877,-1,-1,-1
29,-1,953,723,2560,1580,0.8730926513671875,-1,-1,-1
34,-1,1655,479,2560,1015,0.6601110100746155,-1,-1,-1
35,-1,1655,479,2560,1015,0.6580164432525635,-1,-1,-1
36,-1,1664,481,2560,1012,0.6086905598640442,-1,-1,-1
37,-1,1663,481,2560,1012,0.6183309555053711,-1,-1,-1
38,-1,1663,481,2560,1012,0.6160068511962891,-1,-1,-1
39,-1,1663,481,2560,1012,0.6132668852806091,-1,-1,-1
40,-1,1662,481,2560,1012,0.6177278161048889,-1,-1,-1
42,-1,1650,478,2560,1016,0.6009560227394104,-1,-1,-1
49,-1,1593,475,2560,1017,0.6268471479415894,-1,-1,-1
50,-1,1573,473,2560,1015,0.7046545147895813,-1,-1,-1
51,-1,1541,474,2560,1010,0.949687123298645,-1,-1,-1
52,-1,1497,471,2560,1021,0.9203881621360779,-1,-1,-1
53,-1,1456,474,2560,1015,0.8874713182449341,-1,-1,-1
54,-1,1411,479,2560,1015,0.7459054589271545,-1,-1,-1
55,-1,1343,473,2560,1015,0.9596515893936157,-1,-1,-1
56,-1,1287,470,2560,1016,0.961823582649231,-1,-1,-1
57,-1,1208,471,2560,1014,0.9808880090713501,-1,-1,-1
58,-1,1116,471,2560,1022,0.9834158420562744,-1,-1,-1
59,-1,1043,463,2548,1024,0.9866665005683899,-1,-1,-1
60,-1,957,474,2477,1024,0.9885164499282837,-1,-1,-1
61,-1,870,476,2375,1020,0.9906903505325317,-1,-1,-1
62,-1,768,471,2269,1030,0.9921000599861145,-1,-1,-1
63,-1,676,469,2158,1030,0.9864458441734314,-1,-1,-1
64,-1,560,469,2071,1024,0.9901589751243591,-1,-1,-1
65,-1,456,472,1961,1032,0.990993320941925,-1,-1,-1
66,-1,327,478,1846,1027,0.9920337796211243,-1,-1,-1
67,-1,210,482,1710,1034,0.9913668036460876,-1,-1,-1
68,-1,104,476,1583,1031,0.9922484159469604,-1,-1,-1
69,-1,0,474,1437,1039,0.9887639284133911,-1,-1,-1
70,-1,0,487,1337,1035,0.9785807132720947,-1,-1,-1
71,-1,0,491,1205,1024,0.8748120069503784,-1,-1,-1
72,-1,0,489,1119,1023,0.6583704352378845,-1,-1,-1
73,-1,0,476,929,1028,0.6663686037063599,-1,-1,-1
81,-1,1496,474,2560,1015,0.7838396430015564,-1,-1,-1
82,-1,1356,473,2560,1016,0.927245557308197,-1,-1,-1
83,-1,1229,473,2560,1018,0.9686704874038696,-1,-1,-1
84,-1,1075,474,2560,1026,0.9895250797271729,-1,-1,-1
85,-1,935,478,2451,1020,0.9915585517883301,-1,-1,-1
86,-1,789,480,2293,1023,0.9848774671554565,-1,-1,-1
87,-1,691,481,2139,1003,0.8419382572174072,-1,-1,-1
87,-1,10,694,1530,1567,0.7336707711219788,-1,-1,-1
88,-1,0,658,1966,1592,0.9768468737602234,-1,-1,-1
89,-1,165,636,2358,1588,0.9932146072387695,-1,-1,-1
90,-1,571,653,2519,1572,0.991881787776947,-1,-1,-1
90,-1,213,486,1276,1034,0.6274840235710144,-1,-1,-1
91,-1,59,470,1486,1037,0.950617790222168,-1,-1,-1
91,-1,1048,641,2554,1569,0.8812491297721863,-1,-1,-1
92,-1,0,486,1344,1036,0.9710646271705627,-1,-1,-1
93,-1,0,482,1196,1031,0.7827181220054626,-1,-1,-1
98,-1,1644,486,2560,864,0.9540281295776367,-1,-1,-1
99,-1,1559,475,2513,850,0.979755163192749,-1,-1,-1
100,-1,1425,485,2399,863,0.9827790856361389,-1,-1,-1
101,-1,1337,484,2289,863,0.9801301956176758,-1,-1,-1
102,-1,1233,483,2190,857,0.9842303395271301,-1,-1,-1
103,-1,1134,482,2083,862,0.9839826822280884,-1,-1,-1
104,-1,1022,477,1963,860,0.9866757988929749,-1,-1,-1
105,-1,978,482,1876,851,0.9907364249229431,-1,-1,-1
106,-1,898,484,1776,850,0.9908074736595154,-1,-1,-1
107,-1,820,477,1662,838,0.9883931279182434,-1,-1,-1
108,-1,741,486,1587,838,0.991202712059021,-1,-1,-1
109,-1,670,485,1516,838,0.9887263178825378,-1,-1,-1
110,-1,598,490,1420,833,0.9851241707801819,-1,-1,-1
110,-1,0,733,1427,1468,0.863598108291626,-1,-1,-1
111,-1,67,742,1831,1460,0.9901849031448364,-1,-1,-1
111,-1,528,491,1343,820,0.9780220985412598,-1,-1,-1
112,-1,452,735,2299,1463,0.9931901097297668,-1,-1,-1
112,-1,488,492,1255,818,0.9832361340522766,-1,-1,-1
113,-1,449,480,1183,824,0.9872373342514038,-1,-1,-1
113,-1,937,727,2560,1461,0.9800276160240173,-1,-1,-1
114,-1,384,489,1117,816,0.9937562942504883,-1,-1,-1
114,-1,1367,726,2560,1459,0.743766188621521,-1,-1,-1
115,-1,352,479,1051,815,0.9914876222610474,-1,-1,-1
116,-1,296,485,990,805,0.9909167885780334,-1,-1,-1
117,-1,291,486,905,803,0.9914207458496094,-1,-1,-1
118,-1,270,481,855,795,0.9920886754989624,-1,-1,-1
119,-1,223,476,815,782,0.9928365349769592,-1,-1,-1
120,-1,202,469,770,774,0.9936268329620361,-1,-1,-1
121,-1,194,474,734,760,0.9932326078414917,-1,-1,-1
122,-1,168,468,675,757,0.9929466843605042,-1,-1,-1
123,-1,157,473,638,740,0.9921863079071045,-1,-1,-1
124,-1,151,467,599,728,0.991436779499054,-1,-1,-1
125,-1,138,448,549,724,0.9894564747810364,-1,-1,-1
125,-1,0,704,1011,1351,0.6539092659950256,-1,-1,-1
126,-1,132,444,517,717,0.9899139404296875,-1,-1,-1
126,-1,0,694,1482,1358,0.9834545850753784,-1,-1,-1
127,-1,315,685,1932,1358,0.9949724674224854,-1,-1,-1
127,-1,123,450,502,705,0.9925306439399719,-1,-1,-1
128,-1,113,446,477,693,0.9935593605041504,-1,-1,-1
128,-1,806,689,2408,1348,0.9913135170936584,-1,-1,-1
129,-1,107,437,442,684,0.9927027225494385,-1,-1,-1
129,-1,1245,699,2560,1343,0.9767974019050598,-1,-1,-1
130,-1,103,435,426,674,0.9931440353393555,-1,-1,-1
131,-1,105,433,410,669,0.9920563101768494,-1,-1,-1
132,-1,109,435,399,649,0.9913541674613953,-1,-1,-1
133,-1,100,430,384,642,0.9919276237487793,-1,-1,-1
134,-1,99,425,372,630,0.993748664855957,-1,-1,-1
135,-1,95,425,355,623,0.987409234046936,-1,-1,-1
136,-1,87,415,345,613,0.989283561706543,-1,-1,-1
137,-1,83,413,336,609,0.9875457882881165,-1,-1,-1
138,-1,78,408,324,600,0.9905824661254883,-1,-1,-1
139,-1,74,408,314,592,0.9889393448829651,-1,-1,-1
140,-1,74,404,307,582,0.9914095997810364,-1,-1,-1
140,-1,0,1086,2503,1920,0.6256552338600159,-1,-1,-1
141,-1,68,402,304,580,0.9892588257789612,-1,-1,-1
142,-1,67,401,289,574,0.9880657196044922,-1,-1,-1
143,-1,64,398,290,565,0.9902946949005127,-1,-1,-1
144,-1,60,394,277,557,0.9924178123474121,-1,-1,-1
145,-1,53,393,271,552,0.9923238754272461,-1,-1,-1
146,-1,55,388,260,547,0.9907762408256531,-1,-1,-1
147,-1,53,387,261,539,0.9916216135025024,-1,-1,-1
148,-1,50,381,257,537,0.9882358312606812,-1,-1,-1
149,-1,50,383,245,535,0.9900867342948914,-1,-1,-1
150,-1,44,382,244,530,0.991479218006134,-1,-1,-1
151,-1,43,383,230,524,0.9855432510375977,-1,-1,-1
152,-1,43,375,224,521,0.9841452240943909,-1,-1,-1
153,-1,39,370,222,515,0.981090784072876,-1,-1,-1
154,-1,36,366,218,512,0.9841371774673462,-1,-1,-1
155,-1,34,366,212,506,0.976323664188385,-1,-1,-1
156,-1,32,365,208,502,0.9751096367835999,-1,-1,-1
156,-1,1754,475,2560,871,0.8669161200523376,-1,-1,-1
157,-1,32,362,199,499,0.9765881299972534,-1,-1,-1
157,-1,1650,466,2548,879,0.7562814354896545,-1,-1,-1
158,-1,1526,456,2560,879,0.9778521060943604,-1,-1,-1
158,-1,28,361,200,495,0.9736366271972656,-1,-1,-1
159,-1,1417,435,2528,880,0.9817952513694763,-1,-1,-1
159,-1,27,362,192,493,0.9483389258384705,-1,-1,-1
160,-1,1316,457,2445,886,0.983532190322876,-1,-1,-1
160,-1,23,358,190,490,0.9672969579696655,-1,-1,-1
161,-1,1192,458,2325,882,0.9867774844169617,-1,-1,-1
161,-1,23,357,182,486,0.9445497989654541,-1,-1,-1
162,-1,1091,439,2176,884,0.977699875831604,-1,-1,-1
162,-1,20,354,179,485,0.9400978684425354,-1,-1,-1
163,-1,991,438,2097,878,0.9774875044822693,-1,-1,-1
163,-1,17,353,176,482,0.9308689832687378,-1,-1,-1
164,-1,907,457,1983,876,0.9879634380340576,-1,-1,-1
164,-1,18,351,171,479,0.8356778025627136,-1,-1,-1
165,-1,796,462,1870,872,0.9892866611480713,-1,-1,-1
166,-1,707,464,1751,870,0.9858440160751343,-1,-1,-1
167,-1,633,465,1666,862,0.9879817366600037,-1,-1,-1
168,-1,556,459,1577,861,0.9881274104118347,-1,-1,-1
169,-1,488,466,1472,857,0.987891435623169,-1,-1,-1
170,-1,425,458,1399,854,0.9848771095275879,-1,-1,-1
171,-1,396,460,1319,844,0.9824005365371704,-1,-1,-1
172,-1,350,455,1208,847,0.9836224913597107,-1,-1,-1
173,-1,303,456,1116,842,0.9840288758277893,-1,-1,-1
173,-1,0,733,1324,1470,0.8634129762649536,-1,-1,-1
174,-1,0,729,1846,1496,0.9883058667182922,-1,-1,-1
174,-1,254,468,1061,803,0.9840648770332336,-1,-1,-1
175,-1,472,743,2392,1482,0.9938144683837891,-1,-1,-1
175,-1,222,465,1004,819,0.9934864044189453,-1,-1,-1
176,-1,185,466,930,818,0.9893487691879272,-1,-1,-1
176,-1,982,716,2560,1444,0.9476293325424194,-1,-1,-1
177,-1,163,462,867,804,0.9941778182983398,-1,-1,-1
178,-1,135,464,794,800,0.9920902252197266,-1,-1,-1
179,-1,122,463,727,791,0.9934004545211792,-1,-1,-1
180,-1,110,461,680,780,0.9924468994140625,-1,-1,-1
181,-1,100,461,644,770,0.9947401881217957,-1,-1,-1
182,-1,91,448,594,763,0.9938581585884094,-1,-1,-1
183,-1,87,449,551,745,0.9941007494926453,-1,-1,-1
184,-1,81,448,520,729,0.9931782484054565,-1,-1,-1
185,-1,77,444,492,721,0.9919922947883606,-1,-1,-1
186,-1,73,432,463,720,0.9910167455673218,-1,-1,-1
187,-1,79,431,448,709,0.9873315691947937,-1,-1,-1
188,-1,78,426,410,691,0.9882336854934692,-1,-1,-1
189,-1,76,424,400,683,0.9894534349441528,-1,-1,-1
190,-1,69,421,378,671,0.9913496971130371,-1,-1,-1
191,-1,74,422,367,653,0.9926894307136536,-1,-1,-1
192,-1,74,416,356,641,0.9902396202087402,-1,-1,-1
193,-1,68,417,343,634,0.9856501221656799,-1,-1,-1
194,-1,69,408,336,625,0.9888872504234314,-1,-1,-1
195,-1,65,408,322,614,0.9886731505393982,-1,-1,-1
196,-1,64,403,314,604,0.9904154539108276,-1,-1,-1
197,-1,64,399,303,598,0.9901992082595825,-1,-1,-1
198,-1,67,398,300,593,0.9891312122344971,-1,-1,-1
199,-1,62,400,297,582,0.9914541244506836,-1,-1,-1
200,-1,62,395,289,579,0.9882149696350098,-1,-1,-1
201,-1,60,393,285,572,0.9903179407119751,-1,-1,-1
202,-1,57,391,277,563,0.9891917109489441,-1,-1,-1
203,-1,55,389,269,556,0.9864959120750427,-1,-1,-1
204,-1,57,387,261,555,0.9885886907577515,-1,-1,-1
205,-1,53,385,259,548,0.9877694249153137,-1,-1,-1
206,-1,50,378,253,542,0.9889788031578064,-1,-1,-1
207,-1,44,379,250,537,0.9919857978820801,-1,-1,-1
207,-1,1578,434,2560,863,0.8398208618164062,-1,-1,-1
208,-1,45,378,244,533,0.9902258515357971,-1,-1,-1
208,-1,1423,413,2560,862,0.814275324344635,-1,-1,-1
209,-1,41,373,235,527,0.990470290184021,-1,-1,-1
209,-1,1293,429,2468,866,0.9616491794586182,-1,-1,-1
210,-1,39,371,223,520,0.9827944040298462,-1,-1,-1
210,-1,1155,443,2339,860,0.9754754304885864,-1,-1,-1
211,-1,38,370,222,518,0.9821894764900208,-1,-1,-1
211,-1,1053,442,2198,858,0.9673131108283997,-1,-1,-1
212,-1,34,365,217,514,0.9876543879508972,-1,-1,-1
212,-1,946,432,2065,851,0.9559144377708435,-1,-1,-1
213,-1,820,452,1901,850,0.9802371859550476,-1,-1,-1
213,-1,30,366,210,508,0.9794428944587708,-1,-1,-1
214,-1,727,453,1776,843,0.9823113679885864,-1,-1,-1
214,-1,28,367,206,504,0.9584342837333679,-1,-1,-1
215,-1,638,457,1662,843,0.9890382289886475,-1,-1,-1
215,-1,26,364,200,503,0.9621440768241882,-1,-1,-1
216,-1,560,455,1542,842,0.9887683391571045,-1,-1,-1
216,-1,24,365,195,497,0.9389985203742981,-1,-1,-1
217,-1,484,451,1432,837,0.9854111671447754,-1,-1,-1
217,-1,21,354,187,496,0.9510384202003479,-1,-1,-1
218,-1,395,446,1329,828,0.9863067269325256,-1,-1,-1
218,-1,21,355,186,491,0.9649753570556641,-1,-1,-1
219,-1,322,448,1224,814,0.9870839715003967,-1,-1,-1
219,-1,21,351,179,489,0.9667983651161194,-1,-1,-1
220,-1,310,447,1125,809,0.9865886569023132,-1,-1,-1
220,-1,20,355,176,485,0.9547085762023926,-1,-1,-1
221,-1,224,446,1049,796,0.9911298751831055,-1,-1,-1
221,-1,20,356,172,480,0.9061444997787476,-1,-1,-1
222,-1,235,447,983,797,0.9897658228874207,-1,-1,-1
222,-1,17,353,170,480,0.728796124458313,-1,-1,-1
223,-1,203,446,900,779,0.9939990043640137,-1,-1,-1
224,-1,181,435,814,775,0.992041289806366,-1,-1,-1
225,-1,157,447,775,761,0.9928956627845764,-1,-1,-1
226,-1,133,437,709,746,0.9942039847373962,-1,-1,-1
227,-1,123,434,655,736,0.9951299428939819,-1,-1,-1
228,-1,111,428,604,724,0.9946923851966858,-1,-1,-1
229,-1,95,424,557,713,0.9944477081298828,-1,-1,-1
230,-1,89,420,517,700,0.9949094653129578,-1,-1,-1
231,-1,83,415,486,688,0.9930762052536011,-1,-1,-1
232,-1,77,417,457,672,0.994132936000824,-1,-1,-1
233,-1,70,409,426,659,0.9917471408843994,-1,-1,-1
234,-1,77,398,410,654,0.9919052124023438,-1,-1,-1
234,-1,1799,554,2560,860,0.8803884387016296,-1,-1,-1
235,-1,79,395,394,646,0.9913790225982666,-1,-1,-1
235,-1,1661,545,2559,853,0.9756678938865662,-1,-1,-1
236,-1,71,391,370,638,0.9900615215301514,-1,-1,-1
236,-1,1538,553,2486,866,0.9866536259651184,-1,-1,-1
237,-1,1430,551,2353,862,0.9923405647277832,-1,-1,-1
237,-1,70,387,358,616,0.9851706624031067,-1,-1,-1
238,-1,1298,549,2235,859,0.9943984150886536,-1,-1,-1
238,-1,72,385,340,606,0.9877142906188965,-1,-1,-1
239,-1,1190,549,2108,857,0.9934481978416443,-1,-1,-1
239,-1,67,385,329,596,0.9846924543380737,-1,-1,-1
240,-1,1109,550,1974,853,0.9915384650230408,-1,-1,-1
240,-1,67,386,313,588,0.9802195429801941,-1,-1,-1
241,-1,1009,551,1856,849,0.9913046360015869,-1,-1,-1
241,-1,62,379,307,583,0.9845825433731079,-1,-1,-1
242,-1,902,548,1754,848,0.9947018027305603,-1,-1,-1
242,-1,58,374,300,573,0.9867498278617859,-1,-1,-1
243,-1,806,551,1645,843,0.993378221988678,-1,-1,-1
243,-1,54,377,295,562,0.9894576668739319,-1,-1,-1
244,-1,752,552,1533,836,0.991884708404541,-1,-1,-1
244,-1,53,373,283,560,0.9896238446235657,-1,-1,-1
245,-1,681,553,1445,833,0.9931015968322754,-1,-1,-1
245,-1,50,371,277,553,0.9905961751937866,-1,-1,-1
246,-1,601,550,1354,832,0.9930851459503174,-1,-1,-1
246,-1,46,366,269,546,0.9906213283538818,-1,-1,-1
247,-1,548,552,1251,825,0.9935840964317322,-1,-1,-1
247,-1,46,361,261,541,0.9859207272529602,-1,-1,-1
248,-1,487,548,1166,824,0.993259847164154,-1,-1,-1
248,-1,43,359,252,539,0.9827257394790649,-1,-1,-1
249,-1,432,541,1089,819,0.9932224750518799,-1,-1,-1
249,-1,37,362,248,530,0.9841728210449219,-1,-1,-1
250,-1,369,529,1017,810,0.9926449060440063,-1,-1,-1
250,-1,37,358,239,526,0.9818764925003052,-1,-1,-1
251,-1,341,514,957,802,0.9937453269958496,-1,-1,-1
251,-1,33,358,232,520,0.9821926951408386,-1,-1,-1
252,-1,307,520,878,799,0.9931245446205139,-1,-1,-1
252,-1,30,357,224,514,0.9852008819580078,-1,-1,-1
253,-1,277,511,829,785,0.9929977655410767,-1,-1,-1
253,-1,29,355,222,513,0.9856926202774048,-1,-1,-1
254,-1,260,513,764,776,0.9936328530311584,-1,-1,-1
254,-1,28,356,214,508,0.9870679974555969,-1,-1,-1
255,-1,243,510,717,764,0.9929168224334717,-1,-1,-1
255,-1,23,356,211,502,0.9800896644592285,-1,-1,-1
256,-1,229,503,674,749,0.9945095181465149,-1,-1,-1
256,-1,25,351,204,501,0.9782334566116333,-1,-1,-1
257,-1,221,497,638,741,0.9927472472190857,-1,-1,-1
257,-1,22,351,197,497,0.9829204678535461,-1,-1,-1
258,-1,213,493,599,726,0.9932031631469727,-1,-1,-1
258,-1,20,348,193,494,0.9853659868240356,-1,-1,-1
259,-1,200,486,571,722,0.9942705631256104,-1,-1,-1
259,-1,19,348,187,491,0.981593668460846,-1,-1,-1
260,-1,198,482,545,708,0.9914839863777161,-1,-1,-1
260,-1,15,346,186,488,0.9789783358573914,-1,-1,-1
261,-1,183,475,522,700,0.9897618889808655,-1,-1,-1
261,-1,16,345,177,485,0.9687235355377197,-1,-1,-1
262,-1,183,470,496,688,0.9947675466537476,-1,-1,-1
262,-1,16,344,173,481,0.9414690732955933,-1,-1,-1
263,-1,165,464,478,680,0.9928337335586548,-1,-1,-1
263,-1,14,344,167,477,0.8522241711616516,-1,-1,-1
264,-1,158,461,460,670,0.9914952516555786,-1,-1,-1
264,-1,13,342,163,473,0.6487136483192444,-1,-1,-1
265,-1,152,455,439,658,0.9909074306488037,-1,-1,-1
266,-1,142,451,423,652,0.99273282289505,-1,-1,-1
267,-1,131,446,408,642,0.9963768124580383,-1,-1,-1
268,-1,124,441,393,632,0.9941598176956177,-1,-1,-1
269,-1,108,439,375,626,0.9929130673408508,-1,-1,-1
270,-1,100,432,361,617,0.9930074214935303,-1,-1,-1
271,-1,91,431,346,611,0.992161214351654,-1,-1,-1
272,-1,83,423,329,604,0.98692387342453,-1,-1,-1
273,-1,77,421,317,592,0.9905468225479126,-1,-1,-1
274,-1,70,421,305,588,0.9930101037025452,-1,-1,-1
275,-1,65,414,293,585,0.9941536784172058,-1,-1,-1
276,-1,60,412,282,577,0.9941290616989136,-1,-1,-1
277,-1,54,414,274,571,0.9950231313705444,-1,-1,-1
278,-1,50,409,261,565,0.9956206679344177,-1,-1,-1
279,-1,47,406,254,559,0.9954249262809753,-1,-1,-1
280,-1,43,400,248,554,0.9944168329238892,-1,-1,-1
281,-1,40,399,240,547,0.9920235872268677,-1,-1,-1
282,-1,37,400,229,543,0.987190306186676,-1,-1,-1
283,-1,36,397,225,540,0.9737390279769897,-1,-1,-1
283,-1,0,526,1442,1504,0.6188774704933167,-1,-1,-1
284,-1,34,395,216,532,0.978167712688446,-1,-1,-1
284,-1,198,519,1905,1495,0.9236283898353577,-1,-1,-1
285,-1,32,394,214,527,0.9861724972724915,-1,-1,-1
285,-1,354,552,2441,1433,0.8056328892707825,-1,-1,-1
286,-1,29,391,208,522,0.9834825992584229,-1,-1,-1
286,-1,563,557,2546,1511,0.7070127129554749,-1,-1,-1
287,-1,29,390,203,519,0.9832005500793457,-1,-1,-1
287,-1,1115,553,2560,1486,0.6371818780899048,-1,-1,-1
288,-1,26,387,197,515,0.9592953324317932,-1,-1,-1
289,-1,25,381,189,508,0.9677585959434509,-1,-1,-1
290,-1,22,378,185,505,0.942548930644989,-1,-1,-1
291,-1,20,377,180,500,0.9251000881195068,-1,-1,-1
292,-1,22,377,178,494,0.9196671843528748,-1,-1,-1
293,-1,19,374,172,494,0.9076055884361267,-1,-1,-1
294,-1,18,372,169,491,0.9010668396949768,-1,-1,-1
295,-1,1115,323,2560,1011,0.9823921322822571,-1,-1,-1
295,-1,15,370,167,489,0.8383091688156128,-1,-1,-1
296,-1,809,323,2307,1013,0.9932960867881775,-1,-1,-1
296,-1,13,367,162,482,0.6659983992576599,-1,-1,-1
297,-1,507,332,1976,1012,0.9921971559524536,-1,-1,-1
298,-1,184,331,1653,1019,0.9919049739837646,-1,-1,-1
299,-1,0,329,1319,1005,0.9573150277137756,-1,-1,-1
301,-1,0,341,715,1018,0.6416002511978149,-1,-1,-1
442,-1,0,626,819,1571,0.8926976323127747,-1,-1,-1
443,-1,0,630,1020,1651,0.9332217574119568,-1,-1,-1
444,-1,0,656,1252,1714,0.9444977641105652,-1,-1,-1
445,-1,0,676,1551,1806,0.9303983449935913,-1,-1,-1
446,-1,0,665,1869,1888,0.9749085903167725,-1,-1,-1
447,-1,1,658,2213,1896,0.984626829624176,-1,-1,-1
448,-1,205,712,2560,1868,0.9695647358894348,-1,-1,-1
449,-1,467,743,2546,1888,0.9665554165840149,-1,-1,-1
450,-1,770,767,2560,1904,0.9716098308563232,-1,-1,-1
451,-1,1098,811,2560,1920,0.7130968570709229,-1,-1,-1
