1,-1,1377,327,1554,478,0.990149974822998,-1,-1,-1
2,-1,1373,335,1554,488,0.993156373500824,-1,-1,-1
3,-1,1370,341,1553,500,0.9912288188934326,-1,-1,-1
3,-1,302,586,393,663,0.813463032245636,-1,-1,-1
4,-1,1371,346,1563,509,0.9896155595779419,-1,-1,-1
4,-1,303,583,392,663,0.9081262946128845,-1,-1,-1
5,-1,1364,350,1560,522,0.9899347424507141,-1,-1,-1
5,-1,304,582,396,663,0.9519490003585815,-1,-1,-1
6,-1,1362,359,1570,530,0.9888598918914795,-1,-1,-1
6,-1,305,583,399,664,0.9624975323677063,-1,-1,-1
7,-1,1362,360,1569,537,0.9878820180892944,-1,-1,-1
7,-1,305,583,401,665,0.9661728143692017,-1,-1,-1
8,-1,1362,366,1587,549,0.9891930222511292,-1,-1,-1
8,-1,307,583,404,665,0.9577587842941284,-1,-1,-1
9,-1,1361,367,1598,557,0.9858651161193848,-1,-1,-1
9,-1,307,583,405,665,0.955826997756958,-1,-1,-1
10,-1,308,582,411,665,0.9619282484054565,-1,-1,-1
10,-1,1370,369,1600,564,0.9225454330444336,-1,-1,-1
11,-1,313,583,416,665,0.9737376570701599,-1,-1,-1
11,-1,1375,369,1600,577,0.9073435664176941,-1,-1,-1
12,-1,315,581,417,664,0.960534393787384,-1,-1,-1
12,-1,1382,368,1600,591,0.6777467131614685,-1,-1,-1
13,-1,316,582,420,664,0.9865744709968567,-1,-1,-1
14,-1,318,581,423,664,0.9832652807235718,-1,-1,-1
15,-1,319,582,426,667,0.9746683835983276,-1,-1,-1
16,-1,321,580,425,670,0.9799385070800781,-1,-1,-1
17,-1,320,581,431,668,0.9802324771881104,-1,-1,-1
18,-1,324,581,435,669,0.9848410487174988,-1,-1,-1
19,-1,324,581,440,669,0.9830606579780579,-1,-1,-1
20,-1,327,580,443,671,0.9872504472732544,-1,-1,-1
21,-1,329,580,446,671,0.9898836016654968,-1,-1,-1
22,-1,331,580,450,672,0.991438090801239,-1,-1,-1
23,-1,334,580,450,672,0.9933648109436035,-1,-1,-1
24,-1,336,579,453,672,0.9922288060188293,-1,-1,-1
25,-1,338,579,457,673,0.9909440279006958,-1,-1,-1
26,-1,340,579,462,677,0.9894760847091675,-1,-1,-1
27,-1,345,578,464,677,0.9909562468528748,-1,-1,-1
28,-1,347,578,469,679,0.9891777038574219,-1,-1,-1
29,-1,348,578,471,678,0.9807683825492859,-1,-1,-1
30,-1,350,577,474,677,0.9770136475563049,-1,-1,-1
31,-1,353,578,482,678,0.9827563762664795,-1,-1,-1
32,-1,356,577,487,680,0.9849864840507507,-1,-1,-1
33,-1,358,577,489,681,0.9850349426269531,-1,-1,-1
34,-1,362,578,494,682,0.986919105052948,-1,-1,-1
35,-1,362,576,500,684,0.988640308380127,-1,-1,-1
36,-1,364,577,502,684,0.9917365908622742,-1,-1,-1
37,-1,369,575,508,685,0.9937098026275635,-1,-1,-1
38,-1,371,575,513,685,0.9919503927230835,-1,-1,-1
39,-1,376,574,518,687,0.9932931661605835,-1,-1,-1
40,-1,379,575,520,689,0.9902001023292542,-1,-1,-1
41,-1,380,577,527,689,0.9901268482208252,-1,-1,-1
42,-1,382,575,533,690,0.9908621311187744,-1,-1,-1
43,-1,386,574,537,691,0.9905241131782532,-1,-1,-1
44,-1,389,574,544,692,0.990995466709137,-1,-1,-1
45,-1,395,573,546,692,0.9893194437026978,-1,-1,-1
46,-1,398,574,551,692,0.9896928668022156,-1,-1,-1
47,-1,402,574,557,693,0.9888572096824646,-1,-1,-1
48,-1,406,575,564,693,0.9885345101356506,-1,-1,-1
49,-1,410,574,570,693,0.9862262606620789,-1,-1,-1
50,-1,412,571,579,696,0.9901902079582214,-1,-1,-1
51,-1,413,570,589,701,0.987406313419342,-1,-1,-1
52,-1,423,569,595,700,0.9886258244514465,-1,-1,-1
53,-1,423,568,603,702,0.9819053411483765,-1,-1,-1
54,-1,428,566,609,705,0.9862527251243591,-1,-1,-1
55,-1,432,565,619,708,0.9881675839424133,-1,-1,-1
56,-1,435,565,627,710,0.9899458289146423,-1,-1,-1
56,-1,303,589,401,663,0.6679856181144714,-1,-1,-1
57,-1,440,565,635,713,0.9858865737915039,-1,-1,-1
58,-1,449,563,642,713,0.9869437217712402,-1,-1,-1
58,-1,314,588,404,665,0.6840394735336304,-1,-1,-1
59,-1,452,560,653,715,0.9892667531967163,-1,-1,-1
59,-1,315,590,408,663,0.7390668392181396,-1,-1,-1
60,-1,459,565,670,718,0.9891035556793213,-1,-1,-1
60,-1,316,589,414,664,0.8182780146598816,-1,-1,-1
61,-1,466,561,679,720,0.9928967356681824,-1,-1,-1
61,-1,320,588,418,665,0.8599883913993835,-1,-1,-1
62,-1,472,561,697,724,0.9913568496704102,-1,-1,-1
62,-1,322,586,421,666,0.906936526298523,-1,-1,-1
63,-1,479,561,711,726,0.9895148277282715,-1,-1,-1
63,-1,322,589,426,665,0.9127766489982605,-1,-1,-1
64,-1,488,559,724,733,0.9911156892776489,-1,-1,-1
64,-1,324,589,429,665,0.8439303040504456,-1,-1,-1
65,-1,498,557,738,737,0.9894706010818481,-1,-1,-1
65,-1,328,588,434,667,0.8596325516700745,-1,-1,-1
66,-1,507,557,769,738,0.9897494912147522,-1,-1,-1
66,-1,336,589,439,667,0.8503834009170532,-1,-1,-1
67,-1,520,553,782,744,0.9891902208328247,-1,-1,-1
67,-1,337,588,446,672,0.8733609318733215,-1,-1,-1
68,-1,526,552,815,746,0.9910489320755005,-1,-1,-1
68,-1,341,587,450,672,0.9264054894447327,-1,-1,-1
69,-1,537,546,836,754,0.9927423000335693,-1,-1,-1
69,-1,344,586,453,672,0.9375026822090149,-1,-1,-1
70,-1,547,545,870,761,0.9925764203071594,-1,-1,-1
70,-1,347,584,459,675,0.9715999960899353,-1,-1,-1
71,-1,568,550,898,766,0.9927079081535339,-1,-1,-1
71,-1,351,585,465,673,0.9786226749420166,-1,-1,-1
72,-1,585,544,955,774,0.9933974742889404,-1,-1,-1
72,-1,355,584,471,677,0.9814658164978027,-1,-1,-1
73,-1,590,537,997,779,0.9945560693740845,-1,-1,-1
73,-1,358,582,479,677,0.9886082410812378,-1,-1,-1
74,-1,609,531,1051,787,0.9924310445785522,-1,-1,-1
74,-1,365,581,483,679,0.9902811050415039,-1,-1,-1
75,-1,636,517,1117,805,0.9947545528411865,-1,-1,-1
75,-1,369,582,492,681,0.9920146465301514,-1,-1,-1
75,-1,1114,348,1600,661,0.7278335094451904,-1,-1,-1
76,-1,668,514,1189,822,0.9939515590667725,-1,-1,-1
76,-1,371,583,498,680,0.9904357194900513,-1,-1,-1
76,-1,1078,360,1600,653,0.6211068630218506,-1,-1,-1
77,-1,710,505,1268,837,0.9929922819137573,-1,-1,-1
77,-1,377,580,506,682,0.9921350479125977,-1,-1,-1
78,-1,756,499,1381,857,0.9957503080368042,-1,-1,-1
78,-1,380,581,514,683,0.9932180047035217,-1,-1,-1
78,-1,1036,373,1591,639,0.8952475190162659,-1,-1,-1
79,-1,385,583,522,684,0.9955466985702515,-1,-1,-1
79,-1,795,490,1518,878,0.9938405752182007,-1,-1,-1
79,-1,1039,391,1524,596,0.8945630192756653,-1,-1,-1
80,-1,393,582,534,686,0.9931968450546265,-1,-1,-1
80,-1,838,459,1600,901,0.9799878597259521,-1,-1,-1
80,-1,320,589,406,660,0.6317175030708313,-1,-1,-1
81,-1,402,580,544,687,0.9920291900634766,-1,-1,-1
81,-1,906,446,1600,950,0.7263543605804443,-1,-1,-1
82,-1,408,580,554,687,0.9896579384803772,-1,-1,-1
82,-1,323,588,419,663,0.7525861859321594,-1,-1,-1
83,-1,413,580,565,691,0.9927099943161011,-1,-1,-1
83,-1,857,431,1265,647,0.9507021903991699,-1,-1,-1
83,-1,322,588,421,664,0.7782875299453735,-1,-1,-1
84,-1,424,579,576,693,0.991248369216919,-1,-1,-1
84,-1,815,434,1241,643,0.9884641766548157,-1,-1,-1
84,-1,327,587,425,664,0.7850043773651123,-1,-1,-1
85,-1,433,577,591,694,0.990391731262207,-1,-1,-1
85,-1,813,442,1196,639,0.989323079586029,-1,-1,-1
85,-1,328,587,429,666,0.7385379076004028,-1,-1,-1
86,-1,440,579,600,696,0.9912814497947693,-1,-1,-1
86,-1,786,445,1163,645,0.9902719855308533,-1,-1,-1
86,-1,332,587,435,667,0.8338932991027832,-1,-1,-1
87,-1,450,579,616,700,0.9917877316474915,-1,-1,-1
87,-1,766,453,1123,646,0.9901894927024841,-1,-1,-1
87,-1,336,587,441,668,0.9049700498580933,-1,-1,-1
88,-1,459,575,637,702,0.9917603731155396,-1,-1,-1
88,-1,741,455,1084,644,0.9892483353614807,-1,-1,-1
88,-1,341,586,447,668,0.9366118907928467,-1,-1,-1
89,-1,725,463,1046,644,0.9917727112770081,-1,-1,-1
89,-1,473,574,658,703,0.990513801574707,-1,-1,-1
89,-1,343,584,452,670,0.9418879747390747,-1,-1,-1
90,-1,705,470,1020,645,0.9911779761314392,-1,-1,-1
90,-1,482,571,677,708,0.9863191843032837,-1,-1,-1
90,-1,348,584,456,670,0.9276976585388184,-1,-1,-1
91,-1,688,478,977,644,0.9915475249290466,-1,-1,-1
91,-1,497,571,702,710,0.9895408749580383,-1,-1,-1
91,-1,352,583,464,669,0.9493017196655273,-1,-1,-1
92,-1,679,482,953,641,0.9916788935661316,-1,-1,-1
92,-1,508,578,718,714,0.9908678531646729,-1,-1,-1
92,-1,356,583,472,671,0.9518944621086121,-1,-1,-1
93,-1,528,572,757,717,0.9930567741394043,-1,-1,-1
93,-1,667,489,927,640,0.9829028248786926,-1,-1,-1
93,-1,361,580,474,672,0.9737856388092041,-1,-1,-1
94,-1,545,564,780,725,0.9889127016067505,-1,-1,-1
94,-1,365,581,481,674,0.9732498526573181,-1,-1,-1
94,-1,661,491,901,635,0.9612991809844971,-1,-1,-1
94,-1,253,605,334,677,0.6254806518554688,-1,-1,-1
95,-1,568,561,814,734,0.9900505542755127,-1,-1,-1
95,-1,370,579,491,675,0.9773836135864258,-1,-1,-1
95,-1,651,501,867,619,0.9178268313407898,-1,-1,-1
96,-1,591,557,859,740,0.9934427738189697,-1,-1,-1
96,-1,376,580,503,674,0.9846795201301575,-1,-1,-1
96,-1,638,505,850,613,0.7175881862640381,-1,-1,-1
96,-1,251,605,337,680,0.6427182555198669,-1,-1,-1
97,-1,612,549,918,746,0.9915209412574768,-1,-1,-1
97,-1,383,582,510,678,0.9873260855674744,-1,-1,-1
97,-1,1049,366,1600,653,0.7743731737136841,-1,-1,-1
97,-1,252,605,343,682,0.6623824834823608,-1,-1,-1
98,-1,638,552,979,754,0.9899638295173645,-1,-1,-1
98,-1,388,581,521,680,0.98598712682724,-1,-1,-1
98,-1,998,376,1600,649,0.97633296251297,-1,-1,-1
98,-1,252,605,346,682,0.834822416305542,-1,-1,-1
99,-1,676,554,1039,757,0.9917422533035278,-1,-1,-1
99,-1,987,383,1554,646,0.9826616644859314,-1,-1,-1
99,-1,395,582,527,679,0.9785382151603699,-1,-1,-1
99,-1,253,607,349,683,0.8583152294158936,-1,-1,-1
99,-1,582,507,782,639,0.7682697176933289,-1,-1,-1
100,-1,713,541,1122,784,0.9876842498779297,-1,-1,-1
100,-1,571,511,770,642,0.9839335083961487,-1,-1,-1
100,-1,405,580,542,681,0.9793364405632019,-1,-1,-1
100,-1,930,398,1470,642,0.9628952741622925,-1,-1,-1
100,-1,252,606,350,683,0.9563008546829224,-1,-1,-1
101,-1,752,529,1209,792,0.9936156272888184,-1,-1,-1
101,-1,560,515,752,639,0.9870507717132568,-1,-1,-1
101,-1,409,577,554,683,0.9824355840682983,-1,-1,-1
101,-1,252,606,352,688,0.9777120351791382,-1,-1,-1
101,-1,920,413,1396,650,0.8584607243537903,-1,-1,-1
102,-1,820,524,1331,807,0.9943135976791382,-1,-1,-1
102,-1,554,519,739,642,0.9883508682250977,-1,-1,-1
102,-1,423,575,568,687,0.9827591180801392,-1,-1,-1
102,-1,253,606,356,690,0.9770787358283997,-1,-1,-1
102,-1,887,419,1335,605,0.8026010990142822,-1,-1,-1
103,-1,879,509,1482,835,0.9951137900352478,-1,-1,-1
103,-1,430,576,584,687,0.9828061461448669,-1,-1,-1
103,-1,543,521,721,640,0.9800845980644226,-1,-1,-1
103,-1,254,606,354,692,0.9783771634101868,-1,-1,-1
104,-1,441,575,599,688,0.9925415515899658,-1,-1,-1
104,-1,255,607,358,694,0.9817515015602112,-1,-1,-1
104,-1,542,522,708,637,0.9567995667457581,-1,-1,-1
104,-1,936,503,1600,852,0.9503965973854065,-1,-1,-1
104,-1,813,439,1217,645,0.8772372007369995,-1,-1,-1
105,-1,450,572,618,690,0.9907746911048889,-1,-1,-1
105,-1,790,447,1171,646,0.9879827499389648,-1,-1,-1
105,-1,255,606,363,697,0.9812597632408142,-1,-1,-1
106,-1,467,573,638,691,0.9965115189552307,-1,-1,-1
106,-1,769,453,1123,644,0.9872732162475586,-1,-1,-1
106,-1,257,608,366,698,0.9621381163597107,-1,-1,-1
107,-1,482,571,662,695,0.9965003728866577,-1,-1,-1
107,-1,743,460,1084,647,0.9888193011283875,-1,-1,-1
107,-1,259,610,371,700,0.9814929366111755,-1,-1,-1
108,-1,498,570,687,698,0.992051362991333,-1,-1,-1
108,-1,725,463,1048,644,0.9916080236434937,-1,-1,-1
108,-1,262,611,377,702,0.9751776456832886,-1,-1,-1
109,-1,706,471,1017,645,0.9903793334960938,-1,-1,-1
109,-1,514,566,716,701,0.9876041412353516,-1,-1,-1
109,-1,264,613,380,705,0.9817004799842834,-1,-1,-1
110,-1,534,565,748,702,0.9888415932655334,-1,-1,-1
110,-1,268,613,386,708,0.9860572814941406,-1,-1,-1
110,-1,695,474,975,644,0.9857111573219299,-1,-1,-1
111,-1,549,564,783,711,0.9913773536682129,-1,-1,-1
111,-1,271,613,392,711,0.9816098213195801,-1,-1,-1
111,-1,681,484,951,637,0.9159910678863525,-1,-1,-1
111,-1,480,538,607,639,0.8296069502830505,-1,-1,-1
112,-1,575,554,824,717,0.9941667318344116,-1,-1,-1
112,-1,273,614,399,714,0.9816670417785645,-1,-1,-1
112,-1,474,538,607,640,0.8984845876693726,-1,-1,-1
112,-1,678,490,914,624,0.7934876084327698,-1,-1,-1
113,-1,613,558,883,716,0.9947386384010315,-1,-1,-1
113,-1,277,617,406,717,0.9855355024337769,-1,-1,-1
113,-1,469,539,603,639,0.866963803768158,-1,-1,-1
114,-1,629,545,933,726,0.9956547021865845,-1,-1,-1
114,-1,280,618,417,722,0.9886250495910645,-1,-1,-1
114,-1,463,540,589,636,0.8023675084114075,-1,-1,-1
115,-1,668,540,1003,735,0.9936129450798035,-1,-1,-1
115,-1,285,621,423,727,0.9881765246391296,-1,-1,-1
115,-1,455,542,581,638,0.7773733735084534,-1,-1,-1
116,-1,721,541,1078,739,0.9924365878105164,-1,-1,-1
116,-1,288,621,438,730,0.9891955852508545,-1,-1,-1
116,-1,451,543,573,638,0.8705356121063232,-1,-1,-1
117,-1,764,526,1188,755,0.9925071597099304,-1,-1,-1
117,-1,292,620,445,737,0.991904616355896,-1,-1,-1
117,-1,587,513,796,643,0.985506534576416,-1,-1,-1
117,-1,444,546,566,640,0.9227482080459595,-1,-1,-1
118,-1,827,516,1308,769,0.9915532469749451,-1,-1,-1
118,-1,296,624,451,743,0.9913625121116638,-1,-1,-1
118,-1,572,516,778,640,0.9838131666183472,-1,-1,-1
118,-1,439,545,559,639,0.8849091529846191,-1,-1,-1
119,-1,907,500,1461,785,0.9944196343421936,-1,-1,-1
119,-1,303,623,464,746,0.9921655654907227,-1,-1,-1
119,-1,557,515,757,643,0.990404486656189,-1,-1,-1
119,-1,434,547,551,639,0.8389877676963806,-1,-1,-1
120,-1,307,623,484,755,0.9918413162231445,-1,-1,-1
120,-1,552,517,744,641,0.9909737706184387,-1,-1,-1
120,-1,989,483,1600,807,0.9638522863388062,-1,-1,-1
120,-1,432,551,545,637,0.7370448112487793,-1,-1,-1
121,-1,317,623,500,763,0.9888124465942383,-1,-1,-1
121,-1,546,521,724,641,0.9833793044090271,-1,-1,-1
121,-1,426,552,535,638,0.8751503825187683,-1,-1,-1
122,-1,536,521,710,641,0.9915485978126526,-1,-1,-1
122,-1,323,623,519,773,0.9915401339530945,-1,-1,-1
122,-1,420,553,529,636,0.7083359360694885,-1,-1,-1
123,-1,329,625,539,783,0.9910699129104614,-1,-1,-1
123,-1,527,524,694,641,0.9850539565086365,-1,-1,-1
123,-1,413,552,524,638,0.8777746558189392,-1,-1,-1
124,-1,340,626,565,795,0.9878748059272766,-1,-1,-1
124,-1,515,521,685,642,0.9865038394927979,-1,-1,-1
124,-1,410,550,517,639,0.9042928814888,-1,-1,-1
125,-1,348,629,591,807,0.9902799725532532,-1,-1,-1
125,-1,505,526,673,640,0.9755319356918335,-1,-1,-1
125,-1,404,552,514,640,0.8788599371910095,-1,-1,-1
126,-1,365,629,626,825,0.9916752576828003,-1,-1,-1
126,-1,497,532,657,641,0.9790943264961243,-1,-1,-1
126,-1,402,555,509,639,0.789505660533905,-1,-1,-1
127,-1,376,628,669,847,0.9914134740829468,-1,-1,-1
127,-1,492,534,638,640,0.9534347653388977,-1,-1,-1
127,-1,398,556,501,638,0.6881628036499023,-1,-1,-1
127,-1,289,595,375,666,0.6040567755699158,-1,-1,-1
128,-1,395,626,716,866,0.9912133812904358,-1,-1,-1
128,-1,484,542,629,641,0.9736320376396179,-1,-1,-1
128,-1,290,594,381,667,0.7185821533203125,-1,-1,-1
129,-1,412,631,783,894,0.9920003414154053,-1,-1,-1
129,-1,477,543,621,639,0.977456271648407,-1,-1,-1
129,-1,292,593,384,668,0.6986255645751953,-1,-1,-1
129,-1,1456,254,1560,342,0.673894464969635,-1,-1,-1
130,-1,425,634,856,932,0.9928889274597168,-1,-1,-1
130,-1,472,545,611,638,0.9622179269790649,-1,-1,-1
130,-1,1455,254,1560,343,0.8016274571418762,-1,-1,-1
130,-1,296,593,386,668,0.7156320810317993,-1,-1,-1
131,-1,457,630,965,991,0.9946945309638977,-1,-1,-1
131,-1,463,540,601,640,0.8637480735778809,-1,-1,-1
131,-1,298,594,394,669,0.7484488487243652,-1,-1,-1
131,-1,1453,254,1558,345,0.6628276109695435,-1,-1,-1
132,-1,507,637,1105,1067,0.9956263303756714,-1,-1,-1
132,-1,457,543,588,640,0.8839601874351501,-1,-1,-1
132,-1,302,594,400,671,0.8640574216842651,-1,-1,-1
132,-1,1454,256,1557,346,0.774549663066864,-1,-1,-1
133,-1,575,643,1333,1174,0.9938825368881226,-1,-1,-1
133,-1,303,593,402,670,0.9577823281288147,-1,-1,-1
133,-1,1450,256,1558,348,0.8822884559631348,-1,-1,-1
133,-1,453,542,577,640,0.8400755524635315,-1,-1,-1
134,-1,304,595,410,669,0.9616366028785706,-1,-1,-1
134,-1,1450,258,1555,348,0.7985310554504395,-1,-1,-1
134,-1,449,548,569,638,0.7129644155502319,-1,-1,-1
135,-1,308,591,412,673,0.975538969039917,-1,-1,-1
135,-1,441,549,561,637,0.9342235326766968,-1,-1,-1
135,-1,1450,257,1555,350,0.8794985413551331,-1,-1,-1
136,-1,312,591,416,673,0.9746594429016113,-1,-1,-1
136,-1,1446,260,1555,352,0.9317159056663513,-1,-1,-1
136,-1,436,550,555,637,0.8134640455245972,-1,-1,-1
137,-1,317,591,420,674,0.9832632541656494,-1,-1,-1
137,-1,1446,261,1553,353,0.9597545266151428,-1,-1,-1
137,-1,436,550,546,637,0.8841766119003296,-1,-1,-1
138,-1,322,593,424,674,0.9854326844215393,-1,-1,-1
138,-1,1443,262,1555,354,0.9377143383026123,-1,-1,-1
138,-1,429,553,540,637,0.6095507144927979,-1,-1,-1
139,-1,326,593,432,676,0.9867505431175232,-1,-1,-1
139,-1,1442,263,1555,356,0.9318807721138,-1,-1,-1
140,-1,329,593,443,675,0.9856716394424438,-1,-1,-1
140,-1,1441,265,1555,359,0.9595227241516113,-1,-1,-1
141,-1,336,585,449,678,0.9872251152992249,-1,-1,-1
141,-1,1440,265,1555,361,0.9836422204971313,-1,-1,-1
142,-1,341,583,455,680,0.9917203187942505,-1,-1,-1
142,-1,1438,266,1555,362,0.9803705215454102,-1,-1,-1
143,-1,346,582,463,679,0.9930946826934814,-1,-1,-1
143,-1,1438,267,1555,364,0.9712561368942261,-1,-1,-1
144,-1,354,588,471,681,0.9938702583312988,-1,-1,-1
144,-1,1436,268,1556,367,0.9695541858673096,-1,-1,-1
145,-1,358,589,484,684,0.9917968511581421,-1,-1,-1
145,-1,1435,268,1554,371,0.9827283024787903,-1,-1,-1
146,-1,366,587,495,685,0.9953027963638306,-1,-1,-1
146,-1,1433,269,1556,371,0.9837015867233276,-1,-1,-1
147,-1,374,583,503,687,0.9940920472145081,-1,-1,-1
147,-1,1431,270,1556,372,0.9879418015480042,-1,-1,-1
148,-1,380,583,516,689,0.991828203201294,-1,-1,-1
148,-1,1429,269,1554,375,0.9872450232505798,-1,-1,-1
149,-1,387,585,530,690,0.991795003414154,-1,-1,-1
149,-1,1430,270,1554,378,0.9890271425247192,-1,-1,-1
150,-1,397,585,547,695,0.992741048336029,-1,-1,-1
150,-1,1430,271,1555,379,0.9897112846374512,-1,-1,-1
151,-1,405,582,560,696,0.9914678335189819,-1,-1,-1
151,-1,1429,272,1555,382,0.9910497665405273,-1,-1,-1
152,-1,412,581,577,697,0.9939669370651245,-1,-1,-1
152,-1,1425,275,1555,382,0.9906484484672546,-1,-1,-1
153,-1,426,582,589,701,0.9917347431182861,-1,-1,-1
153,-1,1422,275,1555,385,0.9916132688522339,-1,-1,-1
154,-1,436,578,613,706,0.9909330606460571,-1,-1,-1
154,-1,1421,277,1556,387,0.9908798933029175,-1,-1,-1
155,-1,1420,277,1555,390,0.9901044964790344,-1,-1,-1
155,-1,449,574,638,709,0.9802244305610657,-1,-1,-1
156,-1,1419,278,1554,393,0.9932271838188171,-1,-1,-1
156,-1,466,574,665,711,0.9741261005401611,-1,-1,-1
157,-1,1420,278,1555,395,0.9921389222145081,-1,-1,-1
157,-1,484,569,690,717,0.9787816405296326,-1,-1,-1
158,-1,1418,279,1555,399,0.9914383888244629,-1,-1,-1
158,-1,501,575,731,719,0.983119785785675,-1,-1,-1
159,-1,1414,280,1556,402,0.9885431528091431,-1,-1,-1
159,-1,525,574,768,725,0.984745442867279,-1,-1,-1
160,-1,540,565,805,735,0.9889811277389526,-1,-1,-1
160,-1,1411,281,1555,405,0.9853045344352722,-1,-1,-1
161,-1,569,567,857,740,0.9913612008094788,-1,-1,-1
161,-1,1410,283,1552,409,0.9850243330001831,-1,-1,-1
162,-1,1408,284,1552,409,0.9912402033805847,-1,-1,-1
162,-1,596,560,922,751,0.989682137966156,-1,-1,-1
163,-1,1409,285,1552,412,0.992295503616333,-1,-1,-1
163,-1,636,553,999,762,0.9911664128303528,-1,-1,-1
164,-1,1407,286,1551,415,0.9926776885986328,-1,-1,-1
164,-1,684,546,1083,774,0.9890023469924927,-1,-1,-1
165,-1,1406,287,1551,417,0.9926430583000183,-1,-1,-1
165,-1,719,535,1186,795,0.9926082491874695,-1,-1,-1
166,-1,784,526,1334,810,0.9948700666427612,-1,-1,-1
166,-1,1403,289,1550,421,0.9928898811340332,-1,-1,-1
167,-1,1401,290,1551,423,0.9927693605422974,-1,-1,-1
167,-1,864,511,1512,840,0.9920384883880615,-1,-1,-1
168,-1,1400,291,1551,426,0.9881336092948914,-1,-1,-1
168,-1,946,492,1600,879,0.7270861864089966,-1,-1,-1
169,-1,1399,293,1551,428,0.9883841276168823,-1,-1,-1
170,-1,1396,294,1550,431,0.9868685603141785,-1,-1,-1
171,-1,1394,295,1551,433,0.989048957824707,-1,-1,-1
172,-1,1393,296,1551,435,0.9904457330703735,-1,-1,-1
173,-1,1392,297,1550,436,0.9913992881774902,-1,-1,-1
174,-1,1392,297,1550,438,0.9893488883972168,-1,-1,-1
175,-1,1391,298,1550,438,0.9900009632110596,-1,-1,-1
176,-1,1390,299,1550,440,0.9905306696891785,-1,-1,-1
177,-1,1389,299,1550,441,0.9903932213783264,-1,-1,-1
178,-1,1388,299,1549,442,0.9907960891723633,-1,-1,-1
179,-1,1388,300,1549,443,0.9893641471862793,-1,-1,-1
180,-1,1386,300,1549,444,0.9873803853988647,-1,-1,-1
181,-1,1385,302,1548,445,0.988672137260437,-1,-1,-1
182,-1,1384,302,1548,446,0.9891003966331482,-1,-1,-1
183,-1,1385,301,1549,447,0.9871912002563477,-1,-1,-1
184,-1,1385,301,1549,447,0.9879730939865112,-1,-1,-1
185,-1,1385,301,1549,447,0.9880424737930298,-1,-1,-1
186,-1,1385,302,1549,447,0.9881147146224976,-1,-1,-1
187,-1,1385,302,1549,447,0.9877400994300842,-1,-1,-1
188,-1,1385,302,1549,447,0.9867327809333801,-1,-1,-1
189,-1,1385,302,1549,447,0.9877888560295105,-1,-1,-1
190,-1,1385,302,1549,447,0.9877498745918274,-1,-1,-1
191,-1,1385,301,1548,447,0.9872753620147705,-1,-1,-1
192,-1,1385,302,1548,447,0.9869278073310852,-1,-1,-1
193,-1,1385,302,1548,447,0.9866247177124023,-1,-1,-1
194,-1,1385,302,1548,447,0.9861982464790344,-1,-1,-1
195,-1,1386,302,1548,447,0.985957682132721,-1,-1,-1
196,-1,1386,302,1548,447,0.9854198098182678,-1,-1,-1
197,-1,1386,301,1548,447,0.9847120046615601,-1,-1,-1
198,-1,1386,302,1548,447,0.9844606518745422,-1,-1,-1
199,-1,1386,302,1548,447,0.9846658706665039,-1,-1,-1
200,-1,1386,302,1548,447,0.9844223260879517,-1,-1,-1
201,-1,1386,302,1548,447,0.9843810796737671,-1,-1,-1
202,-1,1385,302,1548,447,0.98480623960495,-1,-1,-1
203,-1,1385,302,1548,447,0.9847643971443176,-1,-1,-1
204,-1,1386,301,1548,447,0.984399676322937,-1,-1,-1
205,-1,1385,302,1548,448,0.9828788042068481,-1,-1,-1
206,-1,1385,301,1548,447,0.9823706150054932,-1,-1,-1
207,-1,1385,301,1548,447,0.9831657409667969,-1,-1,-1
208,-1,1385,301,1548,447,0.9829026460647583,-1,-1,-1
209,-1,1385,301,1548,447,0.983553409576416,-1,-1,-1
210,-1,1385,302,1548,447,0.9837706089019775,-1,-1,-1
211,-1,1385,302,1548,447,0.9837858080863953,-1,-1,-1
212,-1,1385,302,1548,448,0.9835240244865417,-1,-1,-1
213,-1,1385,302,1548,448,0.983509361743927,-1,-1,-1
214,-1,1385,301,1548,447,0.9838459491729736,-1,-1,-1
215,-1,1385,301,1548,447,0.9841268658638,-1,-1,-1
216,-1,1385,301,1548,447,0.9839798212051392,-1,-1,-1
217,-1,1385,302,1548,448,0.9846763014793396,-1,-1,-1
218,-1,1385,302,1548,448,0.9843099117279053,-1,-1,-1
219,-1,1385,302,1548,448,0.984317421913147,-1,-1,-1
220,-1,1385,302,1548,448,0.9843304753303528,-1,-1,-1
221,-1,1385,302,1548,448,0.9842409491539001,-1,-1,-1
222,-1,1385,302,1548,448,0.9839427471160889,-1,-1,-1
223,-1,1385,302,1548,448,0.9840087890625,-1,-1,-1
224,-1,1385,302,1548,448,0.984164297580719,-1,-1,-1
225,-1,1385,302,1548,448,0.9842185378074646,-1,-1,-1
226,-1,1385,302,1548,448,0.9840243458747864,-1,-1,-1
227,-1,1385,301,1548,447,0.9841985702514648,-1,-1,-1
228,-1,1385,302,1548,448,0.9843330383300781,-1,-1,-1
229,-1,1385,301,1548,447,0.9843623638153076,-1,-1,-1
230,-1,1385,301,1548,448,0.9844861030578613,-1,-1,-1
231,-1,1385,302,1548,448,0.9841915369033813,-1,-1,-1
232,-1,1385,302,1548,448,0.9839962124824524,-1,-1,-1
233,-1,1385,302,1548,448,0.9837287068367004,-1,-1,-1
234,-1,1385,301,1548,448,0.9838723540306091,-1,-1,-1
235,-1,1385,302,1548,448,0.984181821346283,-1,-1,-1
236,-1,1385,302,1548,448,0.9838809967041016,-1,-1,-1
237,-1,1385,302,1548,448,0.9835325479507446,-1,-1,-1
238,-1,1386,301,1547,447,0.9812930226325989,-1,-1,-1
238,-1,298,584,395,663,0.6650585532188416,-1,-1,-1
239,-1,1386,301,1547,447,0.9813337922096252,-1,-1,-1
239,-1,301,583,401,664,0.8576368093490601,-1,-1,-1
240,-1,1386,301,1547,447,0.9822631478309631,-1,-1,-1
240,-1,304,585,404,662,0.8323744535446167,-1,-1,-1
241,-1,1386,302,1547,447,0.9828154444694519,-1,-1,-1
242,-1,1386,302,1547,447,0.9825598001480103,-1,-1,-1
242,-1,309,581,416,664,0.9118554592132568,-1,-1,-1
243,-1,1386,302,1548,447,0.9826254844665527,-1,-1,-1
243,-1,314,579,422,666,0.9653250575065613,-1,-1,-1
244,-1,1386,302,1547,447,0.9822530746459961,-1,-1,-1
244,-1,316,579,427,669,0.962960422039032,-1,-1,-1
245,-1,1386,302,1547,447,0.9820630550384521,-1,-1,-1
245,-1,316,579,433,667,0.9252259135246277,-1,-1,-1
246,-1,1386,302,1548,447,0.9817913770675659,-1,-1,-1
246,-1,322,580,440,668,0.9801585078239441,-1,-1,-1
246,-1,256,596,344,668,0.6459124684333801,-1,-1,-1
247,-1,327,579,447,670,0.9882683753967285,-1,-1,-1
247,-1,1386,302,1548,447,0.9823471307754517,-1,-1,-1
247,-1,258,597,344,670,0.7376792430877686,-1,-1,-1
248,-1,329,577,452,672,0.9917367100715637,-1,-1,-1
248,-1,1386,302,1548,447,0.9823910593986511,-1,-1,-1
248,-1,259,597,347,673,0.8560948371887207,-1,-1,-1
249,-1,332,578,460,672,0.9931179285049438,-1,-1,-1
249,-1,1386,302,1548,447,0.9826976656913757,-1,-1,-1
249,-1,259,598,352,676,0.8920525312423706,-1,-1,-1
250,-1,339,576,465,674,0.991154134273529,-1,-1,-1
250,-1,1386,302,1548,447,0.9825856685638428,-1,-1,-1
250,-1,261,599,353,677,0.9233777523040771,-1,-1,-1
251,-1,340,572,472,675,0.9913325905799866,-1,-1,-1
251,-1,1386,302,1548,447,0.9834277033805847,-1,-1,-1
251,-1,261,599,356,678,0.942653238773346,-1,-1,-1
252,-1,1386,302,1548,447,0.9839805960655212,-1,-1,-1
252,-1,349,572,481,673,0.9836942553520203,-1,-1,-1
252,-1,263,600,357,679,0.9470033645629883,-1,-1,-1
253,-1,354,571,494,676,0.9901161789894104,-1,-1,-1
253,-1,1386,302,1548,447,0.984458327293396,-1,-1,-1
253,-1,263,603,364,681,0.9673857092857361,-1,-1,-1
254,-1,359,569,499,679,0.9882584810256958,-1,-1,-1
254,-1,266,604,368,683,0.9854899644851685,-1,-1,-1
254,-1,1386,302,1548,447,0.9845483303070068,-1,-1,-1
255,-1,362,567,513,680,0.9908187985420227,-1,-1,-1
255,-1,268,603,370,686,0.9901324510574341,-1,-1,-1
255,-1,1386,302,1548,447,0.9845737814903259,-1,-1,-1
256,-1,269,602,372,690,0.9915590286254883,-1,-1,-1
256,-1,370,569,522,682,0.987721860408783,-1,-1,-1
256,-1,1386,302,1548,447,0.9846829771995544,-1,-1,-1
257,-1,269,603,378,694,0.991779625415802,-1,-1,-1
257,-1,378,567,531,681,0.9889492988586426,-1,-1,-1
257,-1,1386,302,1548,447,0.9847884178161621,-1,-1,-1
258,-1,270,603,383,695,0.9899681806564331,-1,-1,-1
258,-1,386,565,544,684,0.985587477684021,-1,-1,-1
258,-1,1386,302,1548,447,0.9833837747573853,-1,-1,-1
259,-1,273,603,387,699,0.9917640089988708,-1,-1,-1
259,-1,396,565,560,685,0.9850163459777832,-1,-1,-1
259,-1,1386,302,1548,447,0.9837350845336914,-1,-1,-1
260,-1,273,604,391,703,0.9915955662727356,-1,-1,-1
260,-1,400,561,578,690,0.9880431890487671,-1,-1,-1
260,-1,1386,302,1548,447,0.9843130111694336,-1,-1,-1
261,-1,278,604,398,707,0.991050124168396,-1,-1,-1
261,-1,405,557,593,694,0.9894934892654419,-1,-1,-1
261,-1,1386,302,1547,447,0.9840616583824158,-1,-1,-1
262,-1,279,604,402,712,0.9893696308135986,-1,-1,-1
262,-1,1386,302,1547,447,0.9839574098587036,-1,-1,-1
262,-1,420,554,613,693,0.9838162064552307,-1,-1,-1
263,-1,280,605,413,716,0.9913367033004761,-1,-1,-1
263,-1,432,555,630,696,0.9884036183357239,-1,-1,-1
263,-1,1386,302,1547,447,0.9839567542076111,-1,-1,-1
264,-1,283,607,421,722,0.9895927906036377,-1,-1,-1
264,-1,441,549,651,703,0.9837125539779663,-1,-1,-1
264,-1,1385,304,1546,447,0.9836342334747314,-1,-1,-1
265,-1,285,607,429,726,0.9903348088264465,-1,-1,-1
265,-1,450,546,676,710,0.9852750301361084,-1,-1,-1
265,-1,1385,304,1546,447,0.9829651713371277,-1,-1,-1
266,-1,289,609,441,732,0.992715060710907,-1,-1,-1
266,-1,462,547,704,711,0.98589026927948,-1,-1,-1
266,-1,1386,301,1548,447,0.9826081395149231,-1,-1,-1
267,-1,292,607,452,741,0.9930211901664734,-1,-1,-1
267,-1,480,539,738,714,0.99001544713974,-1,-1,-1
267,-1,1386,301,1548,447,0.9827425479888916,-1,-1,-1
268,-1,299,612,465,748,0.9910665154457092,-1,-1,-1
268,-1,494,530,771,720,0.9868371486663818,-1,-1,-1
268,-1,1385,303,1547,446,0.9831148386001587,-1,-1,-1
269,-1,514,526,815,733,0.989598274230957,-1,-1,-1
269,-1,306,613,480,759,0.9881942272186279,-1,-1,-1
269,-1,1385,303,1547,446,0.9834216237068176,-1,-1,-1
270,-1,308,614,497,774,0.9911158084869385,-1,-1,-1
270,-1,533,522,863,735,0.9907534122467041,-1,-1,-1
270,-1,1385,303,1547,446,0.9831946492195129,-1,-1,-1
271,-1,322,614,529,785,0.9919353723526001,-1,-1,-1
271,-1,565,521,907,739,0.9910891056060791,-1,-1,-1
271,-1,1385,303,1547,446,0.9828760027885437,-1,-1,-1
272,-1,592,514,976,756,0.9913254380226135,-1,-1,-1
272,-1,324,614,548,810,0.9889793395996094,-1,-1,-1
272,-1,1385,303,1547,446,0.9833810329437256,-1,-1,-1
272,-1,248,606,345,687,0.8769351243972778,-1,-1,-1
273,-1,618,496,1065,766,0.9907193779945374,-1,-1,-1
273,-1,338,621,582,825,0.9890097975730896,-1,-1,-1
273,-1,1385,303,1547,446,0.9835091233253479,-1,-1,-1
273,-1,248,606,349,688,0.928109884262085,-1,-1,-1
274,-1,650,486,1156,783,0.9906778335571289,-1,-1,-1
274,-1,346,619,621,849,0.9906765222549438,-1,-1,-1
274,-1,1385,303,1547,446,0.9827169179916382,-1,-1,-1
274,-1,251,607,350,692,0.9654140472412109,-1,-1,-1
275,-1,368,625,669,871,0.9917248487472534,-1,-1,-1
275,-1,700,473,1278,794,0.9905892610549927,-1,-1,-1
275,-1,1386,302,1548,447,0.9834887385368347,-1,-1,-1
275,-1,251,607,351,694,0.9702841639518738,-1,-1,-1
276,-1,757,450,1429,826,0.9905297160148621,-1,-1,-1
276,-1,377,614,745,922,0.9901103377342224,-1,-1,-1
276,-1,252,609,354,697,0.9844017624855042,-1,-1,-1
276,-1,1385,303,1547,446,0.9822670817375183,-1,-1,-1
277,-1,402,625,847,979,0.9925454258918762,-1,-1,-1
277,-1,251,609,361,699,0.9842004179954529,-1,-1,-1
277,-1,810,423,1600,854,0.9808341860771179,-1,-1,-1
277,-1,1385,302,1548,449,0.9782143831253052,-1,-1,-1
278,-1,442,623,990,1066,0.9954172372817993,-1,-1,-1
278,-1,251,611,366,702,0.9894987344741821,-1,-1,-1
278,-1,1385,303,1547,444,0.9629247188568115,-1,-1,-1
278,-1,875,398,1600,904,0.6631714105606079,-1,-1,-1
279,-1,516,634,1230,1197,0.9855136275291443,-1,-1,-1
279,-1,251,609,372,703,0.9816686511039734,-1,-1,-1
280,-1,252,608,377,710,0.9852281808853149,-1,-1,-1
280,-1,1386,303,1546,447,0.8730199933052063,-1,-1,-1
280,-1,564,638,1594,1200,0.7625022530555725,-1,-1,-1
281,-1,254,610,382,711,0.9893656969070435,-1,-1,-1
281,-1,1385,301,1548,447,0.9833601713180542,-1,-1,-1
282,-1,257,610,388,715,0.9886103272438049,-1,-1,-1
282,-1,1386,301,1548,447,0.9850850701332092,-1,-1,-1
283,-1,257,610,395,720,0.9926968216896057,-1,-1,-1
283,-1,1386,301,1548,447,0.9851672053337097,-1,-1,-1
284,-1,259,611,403,723,0.9946363568305969,-1,-1,-1
284,-1,1386,301,1548,447,0.9848796725273132,-1,-1,-1
285,-1,264,612,409,729,0.993299126625061,-1,-1,-1
285,-1,1385,302,1548,447,0.9848567247390747,-1,-1,-1
286,-1,267,612,418,735,0.9928296208381653,-1,-1,-1
286,-1,1385,302,1548,447,0.9850876927375793,-1,-1,-1
287,-1,269,612,426,741,0.9919530749320984,-1,-1,-1
287,-1,1385,302,1548,447,0.9856175780296326,-1,-1,-1
288,-1,274,615,435,745,0.9892088770866394,-1,-1,-1
288,-1,1385,302,1548,447,0.985942542552948,-1,-1,-1
289,-1,278,611,451,758,0.9887761473655701,-1,-1,-1
289,-1,1385,303,1547,446,0.9873336553573608,-1,-1,-1
290,-1,1385,303,1547,446,0.9872855544090271,-1,-1,-1
290,-1,284,613,466,767,0.9813558459281921,-1,-1,-1
291,-1,289,611,485,784,0.9896438121795654,-1,-1,-1
291,-1,1385,303,1547,446,0.9880788922309875,-1,-1,-1
292,-1,294,614,502,793,0.988810658454895,-1,-1,-1
292,-1,1385,303,1547,446,0.9879819750785828,-1,-1,-1
293,-1,299,617,529,812,0.9882495403289795,-1,-1,-1
293,-1,1385,303,1547,446,0.9876840710639954,-1,-1,-1
294,-1,1385,303,1547,446,0.987532913684845,-1,-1,-1
294,-1,310,619,553,828,0.9871324300765991,-1,-1,-1
295,-1,320,618,599,848,0.9910237789154053,-1,-1,-1
295,-1,1385,305,1545,447,0.9876859188079834,-1,-1,-1
296,-1,334,621,634,870,0.9897553324699402,-1,-1,-1
296,-1,1383,305,1548,447,0.9873399138450623,-1,-1,-1
297,-1,344,621,694,896,0.9927241206169128,-1,-1,-1
297,-1,1386,301,1541,445,0.6157115697860718,-1,-1,-1
298,-1,371,621,781,936,0.9930281043052673,-1,-1,-1
299,-1,377,614,865,999,0.9945801496505737,-1,-1,-1
300,-1,409,614,1013,1088,0.9966458678245544,-1,-1,-1
300,-1,1074,241,1600,643,0.6547551155090332,-1,-1,-1
301,-1,987,285,1573,640,0.9895200729370117,-1,-1,-1
301,-1,459,615,1261,1197,0.9655184745788574,-1,-1,-1
302,-1,915,312,1434,641,0.9911688566207886,-1,-1,-1
302,-1,1386,303,1547,446,0.957263171672821,-1,-1,-1
303,-1,858,339,1328,646,0.9906225800514221,-1,-1,-1
303,-1,1385,303,1547,446,0.9844510555267334,-1,-1,-1
304,-1,816,370,1229,644,0.9900426864624023,-1,-1,-1
304,-1,1385,303,1547,446,0.9861407279968262,-1,-1,-1
305,-1,778,384,1156,642,0.9903925657272339,-1,-1,-1
305,-1,1385,301,1548,447,0.986786425113678,-1,-1,-1
306,-1,743,403,1084,639,0.9913620352745056,-1,-1,-1
306,-1,1385,301,1548,447,0.9873567819595337,-1,-1,-1
307,-1,707,412,1025,641,0.9890459179878235,-1,-1,-1
307,-1,1385,301,1548,447,0.9871767163276672,-1,-1,-1
308,-1,1385,303,1547,446,0.9878331422805786,-1,-1,-1
308,-1,675,424,972,643,0.9872804284095764,-1,-1,-1
309,-1,652,444,922,643,0.9920296669006348,-1,-1,-1
309,-1,1385,303,1547,446,0.9877327680587769,-1,-1,-1
310,-1,633,451,886,644,0.9939854741096497,-1,-1,-1
310,-1,1384,303,1547,446,0.9875873923301697,-1,-1,-1
311,-1,611,459,851,642,0.993710994720459,-1,-1,-1
311,-1,1385,304,1546,447,0.9871878623962402,-1,-1,-1
312,-1,587,464,808,644,0.9916238188743591,-1,-1,-1
312,-1,1385,304,1546,447,0.987589955329895,-1,-1,-1
313,-1,562,466,782,643,0.9902147054672241,-1,-1,-1
313,-1,1385,304,1545,447,0.9881073832511902,-1,-1,-1
314,-1,555,479,753,642,0.9910110235214233,-1,-1,-1
314,-1,1385,305,1545,447,0.98813396692276,-1,-1,-1
315,-1,541,483,728,640,0.9925766587257385,-1,-1,-1
315,-1,1385,305,1545,447,0.9879379868507385,-1,-1,-1
316,-1,526,489,704,640,0.9927363395690918,-1,-1,-1
316,-1,1385,305,1545,447,0.9878278970718384,-1,-1,-1
317,-1,515,492,685,639,0.9885764718055725,-1,-1,-1
317,-1,1385,305,1545,447,0.9877436757087708,-1,-1,-1
318,-1,503,499,673,639,0.989884614944458,-1,-1,-1
318,-1,1384,303,1547,446,0.9852856993675232,-1,-1,-1
319,-1,1384,303,1547,446,0.985180139541626,-1,-1,-1
319,-1,491,503,651,639,0.9823445081710815,-1,-1,-1
320,-1,481,506,630,637,0.9874303340911865,-1,-1,-1
320,-1,1385,302,1548,447,0.9855248332023621,-1,-1,-1
321,-1,1385,302,1547,447,0.985304057598114,-1,-1,-1
321,-1,471,513,618,638,0.9826441407203674,-1,-1,-1
322,-1,462,515,608,638,0.9889018535614014,-1,-1,-1
322,-1,1385,302,1547,447,0.9857450127601624,-1,-1,-1
323,-1,1385,302,1547,447,0.9860623478889465,-1,-1,-1
323,-1,454,515,594,638,0.973442792892456,-1,-1,-1
324,-1,1385,302,1548,447,0.98591148853302,-1,-1,-1
324,-1,447,517,587,638,0.9759097695350647,-1,-1,-1
325,-1,1386,302,1547,447,0.9873075485229492,-1,-1,-1
325,-1,439,519,573,639,0.9408777356147766,-1,-1,-1
326,-1,1386,302,1548,447,0.9873738884925842,-1,-1,-1
326,-1,435,522,556,638,0.8939489722251892,-1,-1,-1
327,-1,1386,302,1547,447,0.9869712591171265,-1,-1,-1
327,-1,424,528,547,637,0.9355461001396179,-1,-1,-1
328,-1,1385,303,1547,446,0.9860836863517761,-1,-1,-1
328,-1,417,529,537,638,0.9593711495399475,-1,-1,-1
329,-1,1385,303,1547,446,0.9860150814056396,-1,-1,-1
329,-1,410,532,528,639,0.9669654369354248,-1,-1,-1
330,-1,1385,303,1547,446,0.9862579107284546,-1,-1,-1
330,-1,402,534,517,639,0.9761161804199219,-1,-1,-1
331,-1,1385,303,1546,446,0.986019492149353,-1,-1,-1
331,-1,397,535,510,639,0.9581966996192932,-1,-1,-1
332,-1,1385,303,1546,446,0.9855806231498718,-1,-1,-1
332,-1,393,535,501,637,0.9483193159103394,-1,-1,-1
333,-1,1385,303,1547,446,0.9854366183280945,-1,-1,-1
333,-1,385,539,496,640,0.9615609645843506,-1,-1,-1
334,-1,1385,303,1546,446,0.9853789806365967,-1,-1,-1
334,-1,381,542,487,639,0.9431001543998718,-1,-1,-1
335,-1,1385,303,1546,446,0.9851487874984741,-1,-1,-1
335,-1,378,542,480,640,0.9605585932731628,-1,-1,-1
336,-1,1385,303,1546,446,0.98542320728302,-1,-1,-1
336,-1,374,543,475,638,0.9500687122344971,-1,-1,-1
337,-1,1385,303,1546,446,0.9846794009208679,-1,-1,-1
337,-1,370,546,468,638,0.9418821930885315,-1,-1,-1
338,-1,1384,302,1547,447,0.984306812286377,-1,-1,-1
338,-1,367,548,463,638,0.9576574563980103,-1,-1,-1
339,-1,1385,301,1548,447,0.9841439723968506,-1,-1,-1
339,-1,361,547,456,636,0.9430916905403137,-1,-1,-1
340,-1,1385,302,1548,447,0.9840424656867981,-1,-1,-1
340,-1,355,549,454,637,0.8701665997505188,-1,-1,-1
341,-1,1385,303,1548,448,0.9839507341384888,-1,-1,-1
341,-1,353,550,447,637,0.9265681505203247,-1,-1,-1
342,-1,1385,303,1548,448,0.9840017557144165,-1,-1,-1
342,-1,348,552,442,637,0.9118665456771851,-1,-1,-1
343,-1,1384,303,1548,448,0.9842076897621155,-1,-1,-1
343,-1,345,553,439,638,0.8587638735771179,-1,-1,-1
344,-1,1384,303,1548,448,0.9838089942932129,-1,-1,-1
344,-1,342,553,434,639,0.9017255902290344,-1,-1,-1
345,-1,1384,302,1548,448,0.983974277973175,-1,-1,-1
345,-1,338,554,429,638,0.8209552764892578,-1,-1,-1
346,-1,1384,303,1548,447,0.9841334819793701,-1,-1,-1
346,-1,338,555,426,638,0.7797352075576782,-1,-1,-1
347,-1,1384,303,1548,447,0.9838007092475891,-1,-1,-1
347,-1,335,558,422,637,0.7508376240730286,-1,-1,-1
348,-1,1384,303,1548,447,0.983693540096283,-1,-1,-1
348,-1,331,560,419,638,0.688038170337677,-1,-1,-1
349,-1,1385,301,1547,447,0.9852277040481567,-1,-1,-1
349,-1,326,560,416,637,0.6129509210586548,-1,-1,-1
350,-1,1385,301,1547,447,0.9846396446228027,-1,-1,-1
351,-1,1385,301,1547,447,0.9850191473960876,-1,-1,-1
352,-1,1385,301,1547,447,0.9849357604980469,-1,-1,-1
353,-1,1385,301,1548,447,0.9857931733131409,-1,-1,-1
354,-1,1385,301,1547,447,0.9857284426689148,-1,-1,-1
355,-1,1385,301,1547,447,0.9859389066696167,-1,-1,-1
356,-1,1385,301,1547,447,0.9854757189750671,-1,-1,-1
357,-1,1386,301,1547,447,0.9851389527320862,-1,-1,-1
358,-1,1386,301,1547,447,0.9852826595306396,-1,-1,-1
359,-1,1385,301,1547,447,0.9854966998100281,-1,-1,-1
360,-1,1385,301,1547,447,0.985474705696106,-1,-1,-1
361,-1,1385,301,1548,447,0.9848544597625732,-1,-1,-1
362,-1,1385,301,1548,447,0.9848120212554932,-1,-1,-1
363,-1,1385,301,1547,447,0.9846492409706116,-1,-1,-1
364,-1,1385,301,1547,447,0.9840205907821655,-1,-1,-1
365,-1,1385,301,1547,447,0.9840789437294006,-1,-1,-1
366,-1,1385,301,1547,447,0.9844419360160828,-1,-1,-1
367,-1,1385,301,1548,447,0.9843957424163818,-1,-1,-1
368,-1,1385,301,1547,447,0.984427273273468,-1,-1,-1
369,-1,1385,301,1548,447,0.984831690788269,-1,-1,-1
370,-1,1385,301,1547,447,0.9847309589385986,-1,-1,-1
371,-1,1385,301,1547,447,0.984312117099762,-1,-1,-1
372,-1,1385,301,1548,447,0.9846282005310059,-1,-1,-1
373,-1,1385,301,1547,447,0.9854696989059448,-1,-1,-1
374,-1,1385,301,1547,447,0.9856473207473755,-1,-1,-1
375,-1,1386,301,1547,446,0.9854153394699097,-1,-1,-1
376,-1,1386,301,1547,446,0.985235333442688,-1,-1,-1
377,-1,1386,301,1547,446,0.9853484034538269,-1,-1,-1
378,-1,1386,301,1547,446,0.9853496551513672,-1,-1,-1
379,-1,1386,301,1547,446,0.9855077862739563,-1,-1,-1
380,-1,1386,301,1547,446,0.9860547184944153,-1,-1,-1
381,-1,1386,301,1547,446,0.9861504435539246,-1,-1,-1
382,-1,1386,302,1547,446,0.9861608743667603,-1,-1,-1
383,-1,1386,302,1547,446,0.9861226081848145,-1,-1,-1
384,-1,1386,302,1547,446,0.9863641858100891,-1,-1,-1
385,-1,1386,302,1547,447,0.987342357635498,-1,-1,-1
386,-1,1386,302,1547,447,0.9878242015838623,-1,-1,-1
387,-1,1386,302,1547,447,0.9878228902816772,-1,-1,-1
388,-1,1386,302,1547,447,0.9879604578018188,-1,-1,-1
389,-1,1386,302,1547,447,0.9878928065299988,-1,-1,-1
390,-1,1386,302,1547,447,0.9875831007957458,-1,-1,-1
391,-1,1386,302,1547,447,0.9876154661178589,-1,-1,-1
392,-1,1385,302,1547,447,0.9884169697761536,-1,-1,-1
393,-1,1385,302,1548,447,0.9888723492622375,-1,-1,-1
394,-1,1385,302,1547,447,0.9890345335006714,-1,-1,-1
395,-1,1384,302,1548,447,0.9889983534812927,-1,-1,-1
396,-1,1385,303,1548,448,0.989043116569519,-1,-1,-1
397,-1,1384,303,1548,448,0.9884325861930847,-1,-1,-1
398,-1,1384,303,1548,449,0.9886800050735474,-1,-1,-1
399,-1,1383,306,1548,448,0.9891485571861267,-1,-1,-1
400,-1,1381,306,1547,450,0.9889522194862366,-1,-1,-1
401,-1,1380,310,1547,451,0.9898365139961243,-1,-1,-1
402,-1,1379,310,1548,454,0.9905748963356018,-1,-1,-1
403,-1,1378,311,1545,455,0.9891776442527771,-1,-1,-1
404,-1,1373,311,1544,460,0.9883262515068054,-1,-1,-1
405,-1,1374,315,1543,461,0.9892411828041077,-1,-1,-1
406,-1,1369,315,1540,467,0.9902499318122864,-1,-1,-1
407,-1,1365,316,1541,470,0.991658627986908,-1,-1,-1
408,-1,1361,319,1537,476,0.985201895236969,-1,-1,-1
409,-1,1356,321,1532,481,0.9829824566841125,-1,-1,-1
410,-1,1350,323,1531,486,0.9767453074455261,-1,-1,-1
411,-1,1343,327,1526,495,0.9769585728645325,-1,-1,-1
412,-1,1335,328,1529,501,0.9829387664794922,-1,-1,-1
413,-1,1330,331,1522,508,0.9746154546737671,-1,-1,-1
414,-1,1320,335,1520,518,0.9781413674354553,-1,-1,-1
415,-1,1312,338,1522,524,0.983066737651825,-1,-1,-1
416,-1,1307,340,1522,531,0.9790675640106201,-1,-1,-1
417,-1,1294,347,1513,536,0.9798561334609985,-1,-1,-1
418,-1,1286,355,1503,546,0.9745294451713562,-1,-1,-1
419,-1,1279,361,1502,549,0.9780994057655334,-1,-1,-1
419,-1,1446,271,1583,394,0.764987051486969,-1,-1,-1
420,-1,1274,362,1507,555,0.9791167378425598,-1,-1,-1
420,-1,1447,272,1583,396,0.8107470273971558,-1,-1,-1
421,-1,1256,366,1500,569,0.9830665588378906,-1,-1,-1
421,-1,1446,271,1582,397,0.9293209910392761,-1,-1,-1
422,-1,1249,372,1488,573,0.9785106182098389,-1,-1,-1
422,-1,1445,271,1582,398,0.9242724180221558,-1,-1,-1
423,-1,1240,374,1487,578,0.9816519021987915,-1,-1,-1
423,-1,1442,273,1581,400,0.9623576402664185,-1,-1,-1
424,-1,1229,380,1489,587,0.9885649085044861,-1,-1,-1
424,-1,1441,276,1579,404,0.882490336894989,-1,-1,-1
425,-1,1224,382,1483,597,0.9908496141433716,-1,-1,-1
425,-1,1441,277,1577,408,0.833462119102478,-1,-1,-1
426,-1,1220,381,1484,609,0.9895529747009277,-1,-1,-1
426,-1,1438,282,1577,410,0.8221256732940674,-1,-1,-1
427,-1,1216,383,1491,621,0.9907020330429077,-1,-1,-1
427,-1,1435,287,1578,415,0.9286305904388428,-1,-1,-1
428,-1,1222,388,1501,628,0.9909215569496155,-1,-1,-1
428,-1,1432,289,1576,419,0.9517326951026917,-1,-1,-1
429,-1,1221,390,1518,640,0.9912950992584229,-1,-1,-1
429,-1,1430,292,1577,422,0.9727176427841187,-1,-1,-1
430,-1,1220,389,1535,657,0.9910628795623779,-1,-1,-1
430,-1,1427,294,1576,425,0.9807466864585876,-1,-1,-1
431,-1,1218,390,1558,678,0.989504337310791,-1,-1,-1
431,-1,1424,297,1576,430,0.9741159081459045,-1,-1,-1
432,-1,1228,392,1585,692,0.987113356590271,-1,-1,-1
432,-1,1419,299,1574,436,0.9429212212562561,-1,-1,-1
433,-1,1222,385,1599,717,0.9814884662628174,-1,-1,-1
433,-1,1413,303,1574,438,0.9312956929206848,-1,-1,-1
434,-1,1233,384,1600,752,0.9534522294998169,-1,-1,-1
434,-1,1407,305,1572,439,0.8034476637840271,-1,-1,-1
435,-1,1241,390,1600,774,0.973586916923523,-1,-1,-1
435,-1,1406,309,1572,439,0.7668688297271729,-1,-1,-1
436,-1,1257,393,1600,808,0.8650504350662231,-1,-1,-1
442,-1,1378,330,1569,504,0.9202808141708374,-1,-1,-1
443,-1,1374,336,1572,517,0.9698863625526428,-1,-1,-1
444,-1,1373,340,1575,525,0.9884148836135864,-1,-1,-1
445,-1,1371,345,1581,529,0.9839516282081604,-1,-1,-1
446,-1,1372,346,1589,536,0.9858096241950989,-1,-1,-1
447,-1,1371,348,1597,546,0.9829871654510498,-1,-1,-1
448,-1,1376,350,1600,549,0.9865021705627441,-1,-1,-1
449,-1,1379,357,1600,557,0.9716253280639648,-1,-1,-1
449,-1,1444,295,1584,395,0.7248799800872803,-1,-1,-1
450,-1,1445,296,1586,395,0.7704042196273804,-1,-1,-1
451,-1,1442,298,1580,393,0.7719548344612122,-1,-1,-1
