225,-1,587,780,716,883,0.741923451423645,-1,-1,-1
226,-1,590,779,720,885,0.6743482351303101,-1,-1,-1
227,-1,599,780,723,882,0.6957550048828125,-1,-1,-1
228,-1,602,777,733,887,0.7973560094833374,-1,-1,-1
229,-1,608,778,738,887,0.8530284762382507,-1,-1,-1
230,-1,618,781,739,884,0.7909563183784485,-1,-1,-1
233,-1,653,783,779,885,0.8224004507064819,-1,-1,-1
234,-1,664,779,798,887,0.8500949740409851,-1,-1,-1
235,-1,676,778,816,890,0.9202231764793396,-1,-1,-1
236,-1,677,777,832,894,0.9557492136955261,-1,-1,-1
237,-1,685,775,842,895,0.973064124584198,-1,-1,-1
238,-1,692,775,856,902,0.9750359654426575,-1,-1,-1
239,-1,697,775,871,909,0.9825237393379211,-1,-1,-1
240,-1,703,778,883,913,0.990171492099762,-1,-1,-1
241,-1,716,779,891,913,0.9881020784378052,-1,-1,-1
242,-1,733,781,909,916,0.9900424480438232,-1,-1,-1
243,-1,750,780,922,922,0.9933271408081055,-1,-1,-1
244,-1,765,780,944,928,0.994494616985321,-1,-1,-1
245,-1,778,782,960,932,0.9935234785079956,-1,-1,-1
246,-1,794,787,980,938,0.9945657253265381,-1,-1,-1
247,-1,805,793,986,941,0.9949601888656616,-1,-1,-1
248,-1,819,794,1007,947,0.9950525164604187,-1,-1,-1
249,-1,838,796,1033,952,0.9955325126647949,-1,-1,-1
250,-1,851,796,1060,960,0.994712769985199,-1,-1,-1
251,-1,874,801,1086,959,0.994766354560852,-1,-1,-1
252,-1,891,799,1110,969,0.9953906536102295,-1,-1,-1
253,-1,915,804,1156,979,0.9955477714538574,-1,-1,-1
254,-1,936,801,1190,994,0.9954700469970703,-1,-1,-1
255,-1,951,803,1229,1010,0.9948078989982605,-1,-1,-1
256,-1,981,806,1270,1022,0.9955489635467529,-1,-1,-1
257,-1,1012,808,1312,1035,0.9947965741157532,-1,-1,-1
258,-1,1049,810,1377,1056,0.9924170970916748,-1,-1,-1
259,-1,1071,817,1438,1072,0.9939352869987488,-1,-1,-1
260,-1,1113,826,1530,1088,0.9888836741447449,-1,-1,-1
261,-1,1161,818,1650,1127,0.9901956915855408,-1,-1,-1
262,-1,1220,826,1738,1162,0.9884401559829712,-1,-1,-1
263,-1,1281,837,1906,1198,0.9918017983436584,-1,-1,-1
264,-1,1340,843,2066,1242,0.9925230145454407,-1,-1,-1
265,-1,1467,861,2277,1324,0.9908573031425476,-1,-1,-1
266,-1,1575,877,2511,1367,0.9915497303009033,-1,-1,-1
267,-1,1697,898,2560,1488,0.9377625584602356,-1,-1,-1
268,-1,1823,879,2560,1537,0.6354236602783203,-1,-1,-1
506,-1,2337,646,2560,807,0.7880896925926208,-1,-1,-1
507,-1,2309,638,2530,809,0.8169054985046387,-1,-1,-1
508,-1,2277,641,2497,806,0.8350004553794861,-1,-1,-1
509,-1,2248,645,2456,802,0.6649243235588074,-1,-1,-1
510,-1,2217,647,2424,804,0.8461377620697021,-1,-1,-1
511,-1,2186,648,2388,806,0.9305782318115234,-1,-1,-1
512,-1,2160,649,2361,807,0.9427779316902161,-1,-1,-1
513,-1,2136,648,2324,801,0.9329560399055481,-1,-1,-1
514,-1,2104,647,2292,799,0.8684912919998169,-1,-1,-1
515,-1,2080,645,2268,803,0.9287749528884888,-1,-1,-1
516,-1,2053,649,2245,803,0.9147939085960388,-1,-1,-1
517,-1,2030,650,2208,800,0.8933772444725037,-1,-1,-1
518,-1,2007,650,2184,802,0.8785461187362671,-1,-1,-1
519,-1,1982,651,2159,802,0.9224728941917419,-1,-1,-1
520,-1,1956,653,2130,800,0.9334939122200012,-1,-1,-1
521,-1,1928,653,2105,802,0.9315904974937439,-1,-1,-1
522,-1,1914,654,2084,801,0.9325619339942932,-1,-1,-1
523,-1,1890,656,2051,795,0.8967764377593994,-1,-1,-1
524,-1,1871,658,2030,795,0.8344796299934387,-1,-1,-1
525,-1,1850,663,2006,796,0.9040066599845886,-1,-1,-1
526,-1,1826,660,1978,793,0.6998950839042664,-1,-1,-1
527,-1,1805,661,1958,794,0.7500539422035217,-1,-1,-1
528,-1,1781,667,1934,794,0.8708562254905701,-1,-1,-1
529,-1,1768,678,1918,793,0.8643198609352112,-1,-1,-1
530,-1,1744,667,1897,795,0.8262504935264587,-1,-1,-1
531,-1,1732,677,1878,795,0.8131614327430725,-1,-1,-1
532,-1,1715,673,1855,795,0.7252228260040283,-1,-1,-1
533,-1,1702,675,1836,794,0.8127805590629578,-1,-1,-1
534,-1,1679,675,1814,791,0.6376113295555115,-1,-1,-1
535,-1,1668,677,1800,793,0.7326908707618713,-1,-1,-1
536,-1,1651,680,1783,796,0.7072535753250122,-1,-1,-1
537,-1,1628,677,1760,794,0.7628068327903748,-1,-1,-1
538,-1,1626,687,1746,791,0.6105093359947205,-1,-1,-1
539,-1,1609,684,1724,796,0.7301855087280273,-1,-1,-1
545,-1,1546,685,1645,789,0.6245137453079224,-1,-1,-1
546,-1,1536,691,1633,791,0.6073876023292542,-1,-1,-1
729,-1,2063,659,2560,992,0.8248573541641235,-1,-1,-1
730,-1,1913,643,2540,973,0.9400120377540588,-1,-1,-1
731,-1,1825,634,2476,961,0.9713335037231445,-1,-1,-1
732,-1,1757,638,2360,946,0.971921980381012,-1,-1,-1
733,-1,1674,645,2228,927,0.9836134910583496,-1,-1,-1
734,-1,1610,650,2095,914,0.9784281849861145,-1,-1,-1
735,-1,1547,654,1987,907,0.9826557636260986,-1,-1,-1
736,-1,1495,659,1917,902,0.9830137491226196,-1,-1,-1
736,-1,526,756,662,866,0.6290673613548279,-1,-1,-1
737,-1,1446,663,1831,895,0.9843387007713318,-1,-1,-1
737,-1,529,755,672,868,0.7584190368652344,-1,-1,-1
738,-1,1415,674,1757,885,0.9913305044174194,-1,-1,-1
738,-1,530,754,681,870,0.8650699853897095,-1,-1,-1
739,-1,1383,678,1685,880,0.9950867295265198,-1,-1,-1
739,-1,534,756,686,871,0.8504169583320618,-1,-1,-1
740,-1,1349,675,1639,873,0.9949383735656738,-1,-1,-1
740,-1,539,756,689,872,0.8620927929878235,-1,-1,-1
741,-1,1309,681,1583,870,0.9956412315368652,-1,-1,-1
741,-1,553,763,689,871,0.8780620694160461,-1,-1,-1
742,-1,1262,688,1538,869,0.9952499866485596,-1,-1,-1
742,-1,557,766,695,874,0.8575164079666138,-1,-1,-1
743,-1,1230,691,1493,868,0.9949994087219238,-1,-1,-1
743,-1,559,764,700,875,0.8686680197715759,-1,-1,-1
744,-1,1205,692,1442,865,0.9949001669883728,-1,-1,-1
744,-1,565,764,707,868,0.8971577286720276,-1,-1,-1
745,-1,1186,694,1412,860,0.9957214593887329,-1,-1,-1
745,-1,573,764,717,872,0.9302389025688171,-1,-1,-1
746,-1,1157,696,1375,858,0.9950811862945557,-1,-1,-1
746,-1,578,761,722,874,0.9271475076675415,-1,-1,-1
747,-1,1135,703,1343,855,0.9947762489318848,-1,-1,-1
747,-1,579,765,725,873,0.9620019793510437,-1,-1,-1
748,-1,1114,707,1315,852,0.9939550757408142,-1,-1,-1
748,-1,586,764,731,873,0.9730283617973328,-1,-1,-1
749,-1,1091,706,1293,851,0.9946268200874329,-1,-1,-1
749,-1,593,766,732,875,0.9739562273025513,-1,-1,-1
750,-1,1074,708,1268,846,0.9927322268486023,-1,-1,-1
750,-1,598,765,731,876,0.9724366664886475,-1,-1,-1
751,-1,1060,702,1238,844,0.9890779852867126,-1,-1,-1
751,-1,604,768,735,875,0.9565755724906921,-1,-1,-1
752,-1,1038,707,1218,846,0.9869176745414734,-1,-1,-1
752,-1,610,767,740,878,0.9323927760124207,-1,-1,-1
753,-1,1018,713,1186,841,0.9859252572059631,-1,-1,-1
753,-1,618,766,752,877,0.9093856811523438,-1,-1,-1
754,-1,1006,713,1171,837,0.9853762984275818,-1,-1,-1
754,-1,628,761,768,877,0.9542652368545532,-1,-1,-1
755,-1,983,718,1139,835,0.9831148386001587,-1,-1,-1
755,-1,637,761,777,874,0.9549078941345215,-1,-1,-1
756,-1,969,717,1120,832,0.9719826579093933,-1,-1,-1
756,-1,646,757,791,872,0.9522101879119873,-1,-1,-1
757,-1,947,718,1105,836,0.9831793308258057,-1,-1,-1
757,-1,654,755,806,874,0.9586393237113953,-1,-1,-1
758,-1,657,751,818,874,0.9860433340072632,-1,-1,-1
758,-1,935,711,1088,836,0.9848345518112183,-1,-1,-1
759,-1,667,749,831,876,0.9887851476669312,-1,-1,-1
759,-1,919,714,1067,834,0.9793425798416138,-1,-1,-1
760,-1,676,749,843,880,0.9887039065361023,-1,-1,-1
760,-1,911,718,1053,834,0.9718129634857178,-1,-1,-1
761,-1,686,751,852,882,0.9912283420562744,-1,-1,-1
761,-1,891,717,1034,832,0.958301842212677,-1,-1,-1
762,-1,697,754,863,883,0.9906850457191467,-1,-1,-1
762,-1,881,722,1021,833,0.9576109647750854,-1,-1,-1
763,-1,703,759,871,885,0.9906704425811768,-1,-1,-1
763,-1,868,723,1003,836,0.9536981582641602,-1,-1,-1
764,-1,707,757,885,886,0.9920333027839661,-1,-1,-1
764,-1,857,728,990,836,0.89112389087677,-1,-1,-1
765,-1,713,755,899,886,0.9930744171142578,-1,-1,-1
765,-1,856,733,974,831,0.6260178089141846,-1,-1,-1
766,-1,723,761,900,890,0.987747311592102,-1,-1,-1
766,-1,2103,652,2560,974,0.8669285774230957,-1,-1,-1
767,-1,738,760,905,888,0.98967045545578,-1,-1,-1
767,-1,1919,647,2560,955,0.9748709797859192,-1,-1,-1
768,-1,736,755,915,894,0.993575394153595,-1,-1,-1
768,-1,1841,643,2468,940,0.9609404802322388,-1,-1,-1
769,-1,750,752,933,898,0.9944248199462891,-1,-1,-1
769,-1,1731,642,2412,927,0.9616000056266785,-1,-1,-1
770,-1,762,742,951,904,0.9962173104286194,-1,-1,-1
770,-1,1668,641,2276,913,0.9710578918457031,-1,-1,-1
771,-1,770,746,969,901,0.9961627721786499,-1,-1,-1
771,-1,1600,639,2162,900,0.980044424533844,-1,-1,-1
772,-1,779,750,980,907,0.99591064453125,-1,-1,-1
772,-1,1564,644,2059,887,0.9804586172103882,-1,-1,-1
773,-1,790,753,986,912,0.9963260293006897,-1,-1,-1
773,-1,1514,649,1962,879,0.9803565144538879,-1,-1,-1
774,-1,799,752,1000,914,0.9964972138404846,-1,-1,-1
774,-1,1466,656,1878,876,0.9810854196548462,-1,-1,-1
775,-1,809,755,1009,918,0.9967327117919922,-1,-1,-1
775,-1,1426,660,1801,872,0.9853574633598328,-1,-1,-1
776,-1,810,758,1023,925,0.9966925382614136,-1,-1,-1
776,-1,1381,664,1735,867,0.9813403487205505,-1,-1,-1
777,-1,825,757,1034,925,0.9962762594223022,-1,-1,-1
777,-1,1366,662,1676,859,0.9921537041664124,-1,-1,-1
778,-1,834,760,1056,929,0.99642014503479,-1,-1,-1
778,-1,1333,664,1624,858,0.992647647857666,-1,-1,-1
779,-1,839,759,1063,933,0.9961532950401306,-1,-1,-1
779,-1,1302,670,1579,855,0.9934607744216919,-1,-1,-1
780,-1,850,763,1087,939,0.9967973828315735,-1,-1,-1
780,-1,1271,673,1543,848,0.9927775859832764,-1,-1,-1
781,-1,856,761,1088,939,0.9967792630195618,-1,-1,-1
781,-1,1240,677,1502,846,0.9940286874771118,-1,-1,-1
782,-1,866,758,1101,946,0.9968186616897583,-1,-1,-1
782,-1,1209,679,1450,843,0.9940674304962158,-1,-1,-1
783,-1,876,758,1111,952,0.9971814155578613,-1,-1,-1
783,-1,1188,677,1421,841,0.9947239756584167,-1,-1,-1
784,-1,880,762,1126,955,0.9974272847175598,-1,-1,-1
784,-1,1161,680,1383,843,0.9946359992027283,-1,-1,-1
785,-1,888,760,1134,963,0.9974290728569031,-1,-1,-1
785,-1,1139,692,1358,843,0.9935842156410217,-1,-1,-1
786,-1,895,763,1161,970,0.9964463114738464,-1,-1,-1
786,-1,1118,693,1325,841,0.9923520684242249,-1,-1,-1
787,-1,912,766,1189,978,0.9961217045783997,-1,-1,-1
787,-1,1091,700,1291,843,0.9913971424102783,-1,-1,-1
788,-1,913,766,1218,988,0.9957388639450073,-1,-1,-1
788,-1,1078,700,1264,835,0.9812451601028442,-1,-1,-1
789,-1,931,766,1243,995,0.9962054491043091,-1,-1,-1
789,-1,1057,703,1233,831,0.8146048188209534,-1,-1,-1
790,-1,933,762,1256,1003,0.9958421587944031,-1,-1,-1
790,-1,1035,705,1212,829,0.847226083278656,-1,-1,-1
791,-1,939,767,1279,1017,0.9947479367256165,-1,-1,-1
791,-1,1007,708,1188,824,0.9235835075378418,-1,-1,-1
792,-1,961,768,1315,1025,0.995182454586029,-1,-1,-1
792,-1,990,710,1164,825,0.8287297487258911,-1,-1,-1
793,-1,975,774,1347,1036,0.995072066783905,-1,-1,-1
793,-1,962,709,1138,837,0.9560139775276184,-1,-1,-1
794,-1,985,779,1378,1049,0.9938271641731262,-1,-1,-1
794,-1,948,711,1118,837,0.9781744480133057,-1,-1,-1
795,-1,1008,777,1404,1060,0.9948904514312744,-1,-1,-1
795,-1,926,713,1095,836,0.9841065406799316,-1,-1,-1
796,-1,1030,772,1447,1067,0.9924325942993164,-1,-1,-1
796,-1,909,717,1070,834,0.9847486615180969,-1,-1,-1
797,-1,1057,773,1465,1073,0.9930652379989624,-1,-1,-1
797,-1,898,714,1052,835,0.9854542016983032,-1,-1,-1
798,-1,1070,767,1531,1090,0.9929488897323608,-1,-1,-1
798,-1,880,718,1029,834,0.9839576482772827,-1,-1,-1
799,-1,1100,768,1635,1115,0.9936395287513733,-1,-1,-1
799,-1,872,724,1014,833,0.9761181473731995,-1,-1,-1
800,-1,1128,765,1739,1135,0.9926914572715759,-1,-1,-1
800,-1,849,726,992,833,0.9630439877510071,-1,-1,-1
801,-1,1122,763,1766,1147,0.9908278584480286,-1,-1,-1
801,-1,836,731,975,835,0.9685109257698059,-1,-1,-1
802,-1,1170,765,1868,1166,0.9923606514930725,-1,-1,-1
802,-1,831,734,961,834,0.9004812836647034,-1,-1,-1
803,-1,1224,777,1940,1191,0.9926861524581909,-1,-1,-1
803,-1,811,734,945,835,0.9454233646392822,-1,-1,-1
804,-1,1263,766,2110,1224,0.990435004234314,-1,-1,-1
804,-1,795,739,932,838,0.9673340916633606,-1,-1,-1
805,-1,1262,763,2145,1240,0.989732563495636,-1,-1,-1
805,-1,785,740,913,835,0.9131633639335632,-1,-1,-1
805,-1,2149,687,2560,999,0.6138721108436584,-1,-1,-1
806,-1,1292,758,2219,1268,0.9826566576957703,-1,-1,-1
806,-1,773,740,903,837,0.960039496421814,-1,-1,-1
806,-1,2054,638,2551,967,0.8935176134109497,-1,-1,-1
807,-1,1361,774,2237,1304,0.9848173260688782,-1,-1,-1
807,-1,762,740,892,840,0.9653007984161377,-1,-1,-1
807,-1,1890,638,2516,965,0.8991402387619019,-1,-1,-1
808,-1,1416,778,2494,1358,0.9906355738639832,-1,-1,-1
808,-1,757,745,876,837,0.9389408230781555,-1,-1,-1
808,-1,1880,638,2529,952,0.6057173013687134,-1,-1,-1
809,-1,1464,776,2537,1396,0.9897533655166626,-1,-1,-1
809,-1,744,742,865,838,0.9415844678878784,-1,-1,-1
810,-1,1560,755,2560,1440,0.9808192849159241,-1,-1,-1
810,-1,731,740,856,839,0.9334806203842163,-1,-1,-1
811,-1,1650,767,2524,1479,0.9417727589607239,-1,-1,-1
811,-1,1594,643,2101,907,0.9341812133789062,-1,-1,-1
811,-1,719,744,842,839,0.6930130124092102,-1,-1,-1
812,-1,1533,653,2009,903,0.9763500094413757,-1,-1,-1
812,-1,1726,763,2560,1459,0.9231399893760681,-1,-1,-1
812,-1,702,741,832,839,0.7781258821487427,-1,-1,-1
813,-1,1471,653,1909,890,0.988241970539093,-1,-1,-1
813,-1,697,744,822,841,0.7187741994857788,-1,-1,-1
814,-1,1434,661,1836,885,0.9878562092781067,-1,-1,-1
814,-1,688,738,808,843,0.6643164157867432,-1,-1,-1
815,-1,1400,666,1765,879,0.9914273023605347,-1,-1,-1
816,-1,1377,665,1699,872,0.99615877866745,-1,-1,-1
817,-1,1333,666,1662,871,0.9965384006500244,-1,-1,-1
818,-1,1293,675,1596,869,0.9962403774261475,-1,-1,-1
819,-1,1258,676,1555,866,0.9961102604866028,-1,-1,-1
820,-1,1228,679,1522,863,0.9964159727096558,-1,-1,-1
821,-1,1198,682,1474,861,0.9961832165718079,-1,-1,-1
822,-1,1172,683,1434,856,0.9963873624801636,-1,-1,-1
823,-1,1151,684,1391,854,0.9967744946479797,-1,-1,-1
824,-1,1124,689,1356,851,0.9965224266052246,-1,-1,-1
825,-1,1105,694,1325,850,0.9959970712661743,-1,-1,-1
826,-1,1083,698,1293,848,0.9955167174339294,-1,-1,-1
827,-1,1064,699,1268,848,0.9962984919548035,-1,-1,-1
828,-1,1043,701,1236,843,0.9919969439506531,-1,-1,-1
829,-1,1020,709,1214,844,0.9920624494552612,-1,-1,-1
830,-1,993,714,1185,841,0.9897310733795166,-1,-1,-1
831,-1,982,714,1171,840,0.9900956153869629,-1,-1,-1
832,-1,967,713,1142,836,0.9884627461433411,-1,-1,-1
833,-1,945,714,1126,840,0.9897457361221313,-1,-1,-1
834,-1,935,714,1100,837,0.9904724359512329,-1,-1,-1
835,-1,916,715,1078,838,0.9894930124282837,-1,-1,-1
836,-1,899,721,1059,836,0.9884235262870789,-1,-1,-1
837,-1,883,718,1037,837,0.9831536412239075,-1,-1,-1
838,-1,868,726,1023,834,0.9845021367073059,-1,-1,-1
839,-1,860,729,1008,835,0.9688569903373718,-1,-1,-1
840,-1,839,732,984,835,0.9721736311912537,-1,-1,-1
841,-1,832,734,971,837,0.9748989939689636,-1,-1,-1
842,-1,817,736,955,836,0.9568116664886475,-1,-1,-1
843,-1,805,738,939,836,0.9426530003547668,-1,-1,-1
844,-1,796,739,927,838,0.9319347143173218,-1,-1,-1
845,-1,781,741,908,835,0.8725331425666809,-1,-1,-1
846,-1,768,740,897,837,0.9542960524559021,-1,-1,-1
847,-1,761,740,885,838,0.9327423572540283,-1,-1,-1
848,-1,753,744,871,836,0.8187782764434814,-1,-1,-1
849,-1,741,742,864,838,0.8992902040481567,-1,-1,-1
850,-1,731,746,849,836,0.6206417679786682,-1,-1,-1
852,-1,702,744,827,839,0.6148084998130798,-1,-1,-1
853,-1,692,742,817,842,0.6791186928749084,-1,-1,-1
854,-1,688,737,809,843,0.7496528625488281,-1,-1,-1
855,-1,681,734,808,842,0.8161473274230957,-1,-1,-1
856,-1,676,739,794,837,0.6252263784408569,-1,-1,-1
935,-1,11,1219,392,1499,0.819225549697876,-1,-1,-1
941,-1,10,1170,620,1486,0.6105830073356628,-1,-1,-1
942,-1,16,1163,638,1493,0.8479100465774536,-1,-1,-1
943,-1,37,1165,653,1487,0.9443972110748291,-1,-1,-1
944,-1,30,1154,692,1481,0.9030982851982117,-1,-1,-1
945,-1,101,1134,722,1470,0.9374217987060547,-1,-1,-1
946,-1,135,1138,731,1451,0.9546369910240173,-1,-1,-1
947,-1,177,1119,768,1440,0.9663804769515991,-1,-1,-1
948,-1,180,1115,796,1436,0.9778643250465393,-1,-1,-1
949,-1,194,1109,807,1430,0.9751749634742737,-1,-1,-1
950,-1,188,1101,845,1429,0.9849032163619995,-1,-1,-1
951,-1,194,1099,849,1427,0.987058699131012,-1,-1,-1
952,-1,214,1094,884,1424,0.9879988431930542,-1,-1,-1
953,-1,259,1084,913,1411,0.990138053894043,-1,-1,-1
954,-1,273,1080,940,1407,0.9895323514938354,-1,-1,-1
955,-1,282,1079,948,1400,0.9892590641975403,-1,-1,-1
956,-1,287,1079,975,1391,0.9897464513778687,-1,-1,-1
957,-1,298,1080,975,1387,0.9846481084823608,-1,-1,-1
958,-1,315,1073,993,1384,0.9825374484062195,-1,-1,-1
959,-1,364,1066,998,1369,0.9786155223846436,-1,-1,-1
960,-1,379,1063,1004,1367,0.9842886328697205,-1,-1,-1
961,-1,413,1058,1011,1362,0.9808179140090942,-1,-1,-1
962,-1,435,1052,1024,1360,0.9833292961120605,-1,-1,-1
963,-1,427,1054,1027,1361,0.9827868938446045,-1,-1,-1
964,-1,429,1052,1032,1361,0.9837164878845215,-1,-1,-1
965,-1,441,1046,1058,1359,0.9841694831848145,-1,-1,-1
966,-1,434,1044,1067,1365,0.9859743714332581,-1,-1,-1
967,-1,437,1042,1073,1364,0.9860852956771851,-1,-1,-1
968,-1,438,1041,1073,1363,0.9836121201515198,-1,-1,-1
969,-1,443,1043,1077,1366,0.9750385880470276,-1,-1,-1
970,-1,450,1031,1097,1363,0.9759292602539062,-1,-1,-1
971,-1,452,1029,1108,1364,0.9754753708839417,-1,-1,-1
972,-1,465,1019,1138,1361,0.9802091121673584,-1,-1,-1
973,-1,486,1017,1161,1360,0.9834107756614685,-1,-1,-1
974,-1,499,1015,1171,1358,0.985401451587677,-1,-1,-1
975,-1,527,1014,1211,1347,0.9849433898925781,-1,-1,-1
976,-1,554,1009,1242,1342,0.9886733889579773,-1,-1,-1
977,-1,574,1004,1263,1342,0.989754855632782,-1,-1,-1
978,-1,594,996,1275,1334,0.9842047095298767,-1,-1,-1
979,-1,614,993,1295,1333,0.9840214848518372,-1,-1,-1
980,-1,636,985,1325,1327,0.9841594696044922,-1,-1,-1
981,-1,662,974,1360,1317,0.9801393747329712,-1,-1,-1
982,-1,693,970,1390,1314,0.9848799705505371,-1,-1,-1
983,-1,716,958,1421,1304,0.9871515035629272,-1,-1,-1
984,-1,749,950,1451,1300,0.9855782389640808,-1,-1,-1
985,-1,785,939,1489,1298,0.9878717660903931,-1,-1,-1
986,-1,831,926,1560,1294,0.9740039706230164,-1,-1,-1
987,-1,858,926,1575,1293,0.9884614944458008,-1,-1,-1
988,-1,897,915,1655,1290,0.9807747006416321,-1,-1,-1
989,-1,886,922,1649,1288,0.9858286380767822,-1,-1,-1
990,-1,952,912,1726,1292,0.9851051568984985,-1,-1,-1
991,-1,949,911,1742,1284,0.9866815805435181,-1,-1,-1
992,-1,1026,903,1838,1296,0.9875169396400452,-1,-1,-1
993,-1,1059,904,1873,1301,0.9843491911888123,-1,-1,-1
994,-1,1084,897,1934,1319,0.9925879836082458,-1,-1,-1
995,-1,1169,892,2018,1323,0.9914406538009644,-1,-1,-1
996,-1,1169,890,2042,1338,0.9931125044822693,-1,-1,-1
997,-1,1224,892,2110,1347,0.9921095967292786,-1,-1,-1
998,-1,1283,900,2175,1364,0.9924094676971436,-1,-1,-1
999,-1,1306,908,2276,1410,0.991907000541687,-1,-1,-1
1000,-1,1281,918,2265,1409,0.9928774237632751,-1,-1,-1
1001,-1,1318,906,2390,1444,0.9912892580032349,-1,-1,-1
1002,-1,1356,942,2438,1457,0.9917144179344177,-1,-1,-1
1003,-1,1403,952,2535,1504,0.995391845703125,-1,-1,-1
1004,-1,1561,945,2560,1549,0.982342541217804,-1,-1,-1
1005,-1,1583,958,2560,1562,0.9510186314582825,-1,-1,-1
1006,-1,1587,982,2560,1592,0.9643375277519226,-1,-1,-1
1007,-1,1666,993,2560,1615,0.7940112948417664,-1,-1,-1
1008,-1,1689,946,2560,1642,0.7896857857704163,-1,-1,-1
1009,-1,1777,945,2560,1623,0.7089318633079529,-1,-1,-1
1092,-1,1824,547,2542,979,0.8594740629196167,-1,-1,-1
1093,-1,1835,543,2545,986,0.8328156471252441,-1,-1,-1
1094,-1,1785,539,2489,961,0.888964056968689,-1,-1,-1
1095,-1,1734,558,2469,943,0.9479522705078125,-1,-1,-1
1096,-1,1646,568,2357,945,0.9668367505073547,-1,-1,-1
1097,-1,1621,578,2292,934,0.9803101420402527,-1,-1,-1
1098,-1,1608,587,2203,930,0.9840294718742371,-1,-1,-1
1099,-1,1563,591,2125,923,0.9882994890213013,-1,-1,-1
1100,-1,1495,604,2026,909,0.9926853179931641,-1,-1,-1
1101,-1,1463,610,1966,901,0.9945423603057861,-1,-1,-1
1102,-1,1448,613,1911,894,0.9936208128929138,-1,-1,-1
1103,-1,1404,617,1844,876,0.9932627081871033,-1,-1,-1
1104,-1,1382,619,1798,878,0.9935716390609741,-1,-1,-1
1105,-1,1348,627,1753,872,0.9918848276138306,-1,-1,-1
1106,-1,1332,626,1711,867,0.9919735193252563,-1,-1,-1
1107,-1,1307,637,1669,869,0.9924494028091431,-1,-1,-1
1108,-1,1279,640,1624,867,0.9925623536109924,-1,-1,-1
1109,-1,1250,642,1597,866,0.9939391613006592,-1,-1,-1
1110,-1,1253,642,1559,854,0.992280900478363,-1,-1,-1
1111,-1,1224,648,1526,852,0.9938874840736389,-1,-1,-1
1112,-1,1198,651,1500,850,0.9933952689170837,-1,-1,-1
1113,-1,1181,650,1458,847,0.9934927821159363,-1,-1,-1
1114,-1,1169,648,1437,847,0.9958571791648865,-1,-1,-1
1115,-1,1149,654,1417,844,0.9956961870193481,-1,-1,-1
1116,-1,1133,652,1393,844,0.9968294501304626,-1,-1,-1
1117,-1,1111,654,1365,843,0.9954830408096313,-1,-1,-1
1118,-1,1101,657,1347,839,0.9960824251174927,-1,-1,-1
1119,-1,1087,662,1323,839,0.9968709349632263,-1,-1,-1
1120,-1,1067,663,1300,841,0.9958592057228088,-1,-1,-1
1121,-1,1051,671,1286,842,0.9968165755271912,-1,-1,-1
1122,-1,1039,669,1267,840,0.9962418079376221,-1,-1,-1
1123,-1,1026,676,1251,840,0.9955986738204956,-1,-1,-1
1124,-1,1011,677,1224,838,0.9950910806655884,-1,-1,-1
1125,-1,999,680,1212,837,0.9958876967430115,-1,-1,-1
1126,-1,974,685,1193,839,0.9929438233375549,-1,-1,-1
1127,-1,963,678,1179,836,0.9936813116073608,-1,-1,-1
1128,-1,959,679,1163,838,0.9954779744148254,-1,-1,-1
1129,-1,942,680,1153,836,0.9957179427146912,-1,-1,-1
1130,-1,935,683,1137,838,0.9963358640670776,-1,-1,-1
1131,-1,921,685,1119,837,0.9968271851539612,-1,-1,-1
1132,-1,912,687,1107,835,0.9956589937210083,-1,-1,-1
1133,-1,899,689,1095,837,0.9959235191345215,-1,-1,-1
1134,-1,886,689,1079,839,0.9965408444404602,-1,-1,-1
1135,-1,879,692,1068,839,0.9962497353553772,-1,-1,-1
1136,-1,871,699,1054,838,0.9953244924545288,-1,-1,-1
1137,-1,859,696,1039,840,0.9941171407699585,-1,-1,-1
1138,-1,851,700,1033,838,0.9945554733276367,-1,-1,-1
1139,-1,842,696,1026,838,0.9942540526390076,-1,-1,-1
1140,-1,830,704,1005,838,0.993358314037323,-1,-1,-1
1141,-1,823,702,998,838,0.9916042685508728,-1,-1,-1
1142,-1,817,709,991,839,0.9923698902130127,-1,-1,-1
1142,-1,2030,679,2560,1015,0.7996679544448853,-1,-1,-1
1143,-1,810,710,974,838,0.9904308915138245,-1,-1,-1
1143,-1,1918,675,2560,996,0.9470375776290894,-1,-1,-1
1144,-1,798,714,960,839,0.9920365214347839,-1,-1,-1
1144,-1,1823,662,2520,985,0.9650683999061584,-1,-1,-1
1145,-1,790,717,957,840,0.9925010800361633,-1,-1,-1
1145,-1,1747,659,2454,973,0.9736154079437256,-1,-1,-1
1146,-1,785,718,948,840,0.9906332492828369,-1,-1,-1
1146,-1,1678,658,2378,962,0.9749435186386108,-1,-1,-1
1147,-1,776,725,941,835,0.9868720769882202,-1,-1,-1
1147,-1,1631,657,2291,953,0.9780666828155518,-1,-1,-1
1148,-1,768,722,923,836,0.9859898090362549,-1,-1,-1
1148,-1,1596,660,2194,942,0.9781746864318848,-1,-1,-1
1149,-1,756,721,912,836,0.9892025589942932,-1,-1,-1
1149,-1,1542,661,2107,931,0.9726775884628296,-1,-1,-1
1150,-1,754,728,906,837,0.9851630330085754,-1,-1,-1
1150,-1,1525,675,2024,924,0.9773617386817932,-1,-1,-1
1151,-1,745,726,895,836,0.9857469797134399,-1,-1,-1
1151,-1,1493,678,1964,918,0.9815686345100403,-1,-1,-1
1152,-1,1434,675,1873,915,0.9877387285232544,-1,-1,-1
1152,-1,737,727,885,835,0.9874221086502075,-1,-1,-1
1153,-1,1411,683,1821,911,0.9885069131851196,-1,-1,-1
1153,-1,733,728,875,837,0.9810876846313477,-1,-1,-1
1154,-1,1386,681,1783,908,0.989065408706665,-1,-1,-1
1154,-1,725,730,870,836,0.9822647571563721,-1,-1,-1
1155,-1,1383,676,1722,895,0.9921165108680725,-1,-1,-1
1155,-1,716,734,863,838,0.963644802570343,-1,-1,-1
1156,-1,1359,686,1683,894,0.995758593082428,-1,-1,-1
1156,-1,708,735,853,836,0.931476354598999,-1,-1,-1
1157,-1,1342,684,1662,887,0.9966384172439575,-1,-1,-1
1157,-1,705,734,849,836,0.9685443639755249,-1,-1,-1
1158,-1,1313,687,1610,882,0.995657205581665,-1,-1,-1
1158,-1,700,732,841,837,0.9520264863967896,-1,-1,-1
1159,-1,1285,687,1584,881,0.9962146878242493,-1,-1,-1
1159,-1,698,729,832,838,0.9557492136955261,-1,-1,-1
1160,-1,1264,688,1550,877,0.9956183433532715,-1,-1,-1
1160,-1,692,727,827,839,0.9523718953132629,-1,-1,-1
1161,-1,1246,691,1534,874,0.9959073066711426,-1,-1,-1
1161,-1,690,729,816,836,0.8792279362678528,-1,-1,-1
1162,-1,1235,693,1509,871,0.9964981079101562,-1,-1,-1
1162,-1,686,725,809,836,0.9031280279159546,-1,-1,-1
1163,-1,1216,691,1468,868,0.9967949986457825,-1,-1,-1
1163,-1,683,725,809,838,0.7681683897972107,-1,-1,-1
1164,-1,1208,692,1443,866,0.9970405697822571,-1,-1,-1
1165,-1,1202,690,1427,863,0.9967508316040039,-1,-1,-1
1166,-1,1188,691,1406,859,0.9963893890380859,-1,-1,-1
1167,-1,1183,686,1385,852,0.9965318441390991,-1,-1,-1
1168,-1,1174,686,1385,851,0.9958998560905457,-1,-1,-1
1169,-1,1175,684,1371,844,0.9954394698143005,-1,-1,-1
1170,-1,1175,682,1359,838,0.9939975738525391,-1,-1,-1
1171,-1,1174,684,1351,834,0.9940717816352844,-1,-1,-1
1172,-1,1177,676,1352,836,0.9933725595474243,-1,-1,-1
1173,-1,1181,675,1349,831,0.9932581186294556,-1,-1,-1
1174,-1,1185,671,1347,824,0.9929035305976868,-1,-1,-1
1175,-1,1191,666,1355,815,0.993429958820343,-1,-1,-1
1176,-1,1190,658,1353,811,0.9940316081047058,-1,-1,-1
1177,-1,1192,655,1357,806,0.9926224946975708,-1,-1,-1
1177,-1,605,747,720,839,0.6076552867889404,-1,-1,-1
1178,-1,1199,651,1361,798,0.9922875165939331,-1,-1,-1
1179,-1,1203,645,1369,796,0.992965579032898,-1,-1,-1
1180,-1,1206,638,1376,786,0.9915447235107422,-1,-1,-1
1181,-1,1215,635,1382,779,0.9907288551330566,-1,-1,-1
1182,-1,1226,627,1390,768,0.989493727684021,-1,-1,-1
1183,-1,1234,623,1401,763,0.987305223941803,-1,-1,-1
1184,-1,1247,624,1410,753,0.9837135076522827,-1,-1,-1
1185,-1,1261,614,1407,747,0.9643272757530212,-1,-1,-1
1186,-1,1278,607,1424,731,0.9455938339233398,-1,-1,-1
1187,-1,1288,606,1427,726,0.868720531463623,-1,-1,-1
1188,-1,1296,595,1455,718,0.8146657943725586,-1,-1,-1
1189,-1,1317,588,1485,705,0.7976036071777344,-1,-1,-1
1190,-1,1324,585,1495,704,0.8481085896492004,-1,-1,-1
1191,-1,1347,578,1510,691,0.9026923179626465,-1,-1,-1
1192,-1,1367,571,1515,682,0.640156090259552,-1,-1,-1
1193,-1,1382,558,1535,679,0.854504406452179,-1,-1,-1
1195,-1,1409,551,1563,658,0.761223316192627,-1,-1,-1
1198,-1,1443,522,1596,642,0.7321826219558716,-1,-1,-1
1205,-1,1527,478,1699,588,0.6053897142410278,-1,-1,-1
1213,-1,2046,634,2560,1001,0.7936103940010071,-1,-1,-1
1214,-1,1928,628,2535,970,0.9453514218330383,-1,-1,-1
1215,-1,1851,625,2531,973,0.9617139101028442,-1,-1,-1
1216,-1,1810,606,2482,968,0.9616957902908325,-1,-1,-1
1217,-1,1743,609,2431,959,0.9773818254470825,-1,-1,-1
1218,-1,1686,611,2339,947,0.9804003238677979,-1,-1,-1
1219,-1,1640,618,2253,940,0.9846994280815125,-1,-1,-1
1220,-1,1605,625,2161,930,0.9882206916809082,-1,-1,-1
1221,-1,1554,622,2080,924,0.9896809458732605,-1,-1,-1
1222,-1,1517,628,2028,915,0.9889529943466187,-1,-1,-1
1223,-1,1477,634,1935,900,0.9911023378372192,-1,-1,-1
1224,-1,1444,637,1894,900,0.991956353187561,-1,-1,-1
1225,-1,1409,642,1824,891,0.9928441643714905,-1,-1,-1
1226,-1,1383,641,1776,890,0.9915634393692017,-1,-1,-1
1227,-1,1381,645,1723,882,0.9954689741134644,-1,-1,-1
1228,-1,1344,649,1677,877,0.9955605268478394,-1,-1,-1
1229,-1,1322,653,1644,876,0.9964509010314941,-1,-1,-1
1230,-1,1298,655,1613,873,0.9957675933837891,-1,-1,-1
1231,-1,1271,658,1582,871,0.9957186579704285,-1,-1,-1
1232,-1,1246,662,1548,866,0.9952697157859802,-1,-1,-1
1233,-1,1225,665,1515,865,0.996117353439331,-1,-1,-1
1234,-1,1196,672,1465,865,0.9965808987617493,-1,-1,-1
1235,-1,1179,669,1440,861,0.9967769980430603,-1,-1,-1
1236,-1,1161,668,1410,859,0.9973289966583252,-1,-1,-1
1237,-1,1139,673,1387,859,0.997138261795044,-1,-1,-1
1237,-1,534,761,687,876,0.6626325845718384,-1,-1,-1
1238,-1,1122,677,1357,856,0.9967971444129944,-1,-1,-1
1238,-1,537,759,689,879,0.8298822045326233,-1,-1,-1
1239,-1,1106,684,1330,855,0.9966138005256653,-1,-1,-1
1239,-1,543,762,692,880,0.8557650446891785,-1,-1,-1
1240,-1,1092,687,1314,854,0.9962083101272583,-1,-1,-1
1240,-1,550,767,696,881,0.8664215207099915,-1,-1,-1
1241,-1,1074,685,1280,853,0.9964450001716614,-1,-1,-1
1241,-1,556,767,701,880,0.8633611798286438,-1,-1,-1
1242,-1,1056,686,1265,851,0.995556652545929,-1,-1,-1
1242,-1,557,770,706,882,0.8434468507766724,-1,-1,-1
1243,-1,1040,691,1247,850,0.9939709901809692,-1,-1,-1
1243,-1,566,771,715,880,0.8607367873191833,-1,-1,-1
1244,-1,1026,695,1220,847,0.9942892789840698,-1,-1,-1
1244,-1,574,769,720,885,0.8886571526527405,-1,-1,-1
1245,-1,1015,697,1203,845,0.9912069439888,-1,-1,-1
1245,-1,581,772,722,884,0.8884182572364807,-1,-1,-1
1246,-1,995,698,1182,845,0.9946790933609009,-1,-1,-1
1246,-1,588,771,726,883,0.8881534934043884,-1,-1,-1
1247,-1,984,703,1166,840,0.9931395649909973,-1,-1,-1
1247,-1,595,775,726,880,0.9229784607887268,-1,-1,-1
1248,-1,966,704,1142,840,0.9912549257278442,-1,-1,-1
1248,-1,597,769,737,884,0.9305617809295654,-1,-1,-1
1249,-1,952,703,1127,841,0.9940892457962036,-1,-1,-1
1249,-1,602,770,739,884,0.921441376209259,-1,-1,-1
1250,-1,940,708,1105,838,0.9923077821731567,-1,-1,-1
1250,-1,608,769,741,885,0.9111683964729309,-1,-1,-1
1251,-1,921,702,1096,841,0.9946947693824768,-1,-1,-1
1251,-1,615,772,746,884,0.8850602507591248,-1,-1,-1
1252,-1,909,703,1081,839,0.9933606386184692,-1,-1,-1
1252,-1,622,773,752,882,0.7249956130981445,-1,-1,-1
1253,-1,902,708,1061,838,0.9912757873535156,-1,-1,-1
1253,-1,628,774,760,883,0.684471607208252,-1,-1,-1
1254,-1,886,707,1053,837,0.9929512143135071,-1,-1,-1
1254,-1,637,771,777,883,0.8583399653434753,-1,-1,-1
1255,-1,878,707,1031,836,0.9878717660903931,-1,-1,-1
1255,-1,647,772,795,883,0.8895673751831055,-1,-1,-1
1256,-1,867,714,1017,834,0.9865199327468872,-1,-1,-1
1256,-1,657,773,807,881,0.9598968029022217,-1,-1,-1
1257,-1,854,715,1005,837,0.986562967300415,-1,-1,-1
1257,-1,665,772,822,886,0.970761775970459,-1,-1,-1
1258,-1,843,717,989,837,0.9806695580482483,-1,-1,-1
1258,-1,670,771,833,886,0.9770684242248535,-1,-1,-1
1259,-1,671,768,844,890,0.9839275479316711,-1,-1,-1
1259,-1,832,722,979,838,0.978960394859314,-1,-1,-1
1260,-1,684,769,853,895,0.9877749681472778,-1,-1,-1
1260,-1,821,721,965,841,0.9761496186256409,-1,-1,-1
1261,-1,693,767,860,900,0.991245448589325,-1,-1,-1
1261,-1,819,728,948,834,0.9360503554344177,-1,-1,-1
1262,-1,696,769,872,898,0.9891173243522644,-1,-1,-1
1262,-1,809,728,937,832,0.8479340076446533,-1,-1,-1
1263,-1,699,769,870,904,0.9914196729660034,-1,-1,-1
1264,-1,704,767,877,907,0.993165910243988,-1,-1,-1
1265,-1,709,763,890,910,0.9936549663543701,-1,-1,-1
1266,-1,717,768,910,910,0.9938742518424988,-1,-1,-1
1267,-1,736,762,924,911,0.9948211908340454,-1,-1,-1
1268,-1,751,761,938,915,0.995175838470459,-1,-1,-1
1269,-1,758,764,953,922,0.995208203792572,-1,-1,-1
1270,-1,769,765,964,927,0.9959596991539001,-1,-1,-1
1271,-1,777,766,979,929,0.9961602687835693,-1,-1,-1
1272,-1,787,764,993,932,0.9960273504257202,-1,-1,-1
1273,-1,798,765,1008,934,0.9965584874153137,-1,-1,-1
1273,-1,694,738,817,841,0.7545652389526367,-1,-1,-1
1274,-1,809,770,1029,939,0.9967317581176758,-1,-1,-1
1274,-1,690,735,816,845,0.8691833019256592,-1,-1,-1
1275,-1,818,768,1048,945,0.9970310926437378,-1,-1,-1
1275,-1,684,729,810,844,0.8781679272651672,-1,-1,-1
1276,-1,835,767,1071,945,0.9961317777633667,-1,-1,-1
1276,-1,681,729,796,840,0.7195740342140198,-1,-1,-1
1277,-1,847,765,1087,952,0.995893120765686,-1,-1,-1
1278,-1,859,767,1104,957,0.996881365776062,-1,-1,-1
1279,-1,865,765,1112,956,0.9966147541999817,-1,-1,-1
1280,-1,886,766,1131,959,0.9959271550178528,-1,-1,-1
1281,-1,895,763,1159,968,0.9958668947219849,-1,-1,-1
1282,-1,907,763,1180,974,0.9965941309928894,-1,-1,-1
1283,-1,917,767,1208,985,0.995760977268219,-1,-1,-1
1284,-1,934,765,1231,996,0.9964008331298828,-1,-1,-1
1285,-1,951,763,1257,1003,0.995421826839447,-1,-1,-1
1286,-1,975,766,1296,1015,0.9946950078010559,-1,-1,-1
1287,-1,984,770,1324,1023,0.9958939552307129,-1,-1,-1
1288,-1,1004,770,1358,1039,0.9957919120788574,-1,-1,-1
1289,-1,1030,772,1398,1049,0.9947013854980469,-1,-1,-1
1290,-1,1055,770,1451,1061,0.9941137433052063,-1,-1,-1
1291,-1,1076,773,1499,1077,0.9906409382820129,-1,-1,-1
1292,-1,1102,772,1553,1100,0.9919053316116333,-1,-1,-1
1293,-1,1127,777,1692,1127,0.9933528900146484,-1,-1,-1
1294,-1,1168,773,1736,1162,0.9907320141792297,-1,-1,-1
1295,-1,1183,775,1824,1172,0.9934313893318176,-1,-1,-1
1296,-1,1227,793,1983,1232,0.9917851686477661,-1,-1,-1
1297,-1,1266,804,2098,1254,0.9923754334449768,-1,-1,-1
1298,-1,1338,798,2186,1283,0.9938971400260925,-1,-1,-1
1299,-1,1370,800,2322,1354,0.9932000041007996,-1,-1,-1
1300,-1,1438,811,2499,1419,0.9935759902000427,-1,-1,-1
1301,-1,1538,839,2560,1466,0.9757137298583984,-1,-1,-1
1302,-1,1608,792,2560,1505,0.9469332695007324,-1,-1,-1
1303,-1,1704,804,2560,1569,0.8394887447357178,-1,-1,-1
1464,-1,1908,722,2560,1126,0.7600093483924866,-1,-1,-1
1465,-1,1770,737,2548,1108,0.9490101337432861,-1,-1,-1
1466,-1,1605,748,2468,1106,0.9704030156135559,-1,-1,-1
1467,-1,1542,736,2375,1115,0.9641628265380859,-1,-1,-1
1468,-1,1457,747,2247,1117,0.9681781530380249,-1,-1,-1
1469,-1,1354,772,2101,1120,0.983932614326477,-1,-1,-1
1470,-1,1290,784,1994,1128,0.9836660623550415,-1,-1,-1
1471,-1,1211,805,1876,1139,0.971660315990448,-1,-1,-1
1472,-1,985,854,1571,1175,0.9838942885398865,-1,-1,-1
1473,-1,919,873,1476,1187,0.9850032925605774,-1,-1,-1
1474,-1,841,892,1392,1200,0.9825128316879272,-1,-1,-1
1475,-1,767,908,1315,1217,0.9764488935470581,-1,-1,-1
1476,-1,673,932,1227,1241,0.9787711501121521,-1,-1,-1
1477,-1,584,952,1145,1258,0.9749733209609985,-1,-1,-1
1478,-1,510,976,1056,1270,0.9756118059158325,-1,-1,-1
1479,-1,460,995,963,1288,0.9832863807678223,-1,-1,-1
1480,-1,378,1021,882,1296,0.9756157994270325,-1,-1,-1
1481,-1,266,1028,829,1317,0.9682470560073853,-1,-1,-1
1482,-1,269,1047,772,1302,0.94582200050354,-1,-1,-1
1483,-1,193,1069,692,1325,0.9385971426963806,-1,-1,-1
1484,-1,84,1099,549,1371,0.9672960638999939,-1,-1,-1
1485,-1,18,1124,516,1379,0.9246652126312256,-1,-1,-1
1486,-1,0,1160,396,1407,0.9179113507270813,-1,-1,-1
1487,-1,0,1150,334,1397,0.8416972160339355,-1,-1,-1
1622,-1,531,764,677,873,0.7846289873123169,-1,-1,-1
1623,-1,536,765,687,873,0.8222929239273071,-1,-1,-1
1624,-1,545,769,694,875,0.7961921691894531,-1,-1,-1
1625,-1,552,769,700,876,0.774625301361084,-1,-1,-1
1626,-1,562,771,701,875,0.7384234666824341,-1,-1,-1
1627,-1,572,772,718,878,0.75478595495224,-1,-1,-1
1628,-1,582,771,721,877,0.8498314619064331,-1,-1,-1
1629,-1,589,770,725,877,0.9025541543960571,-1,-1,-1
1630,-1,598,772,732,876,0.9307867884635925,-1,-1,-1
1631,-1,606,770,737,880,0.9377548098564148,-1,-1,-1
1632,-1,614,771,739,879,0.8958724141120911,-1,-1,-1
1633,-1,624,771,747,876,0.8526217937469482,-1,-1,-1
1634,-1,639,775,764,871,0.7152590751647949,-1,-1,-1
1635,-1,651,770,779,870,0.7192910313606262,-1,-1,-1
1636,-1,662,764,797,871,0.8821035623550415,-1,-1,-1
1637,-1,671,764,817,871,0.9542503952980042,-1,-1,-1
1638,-1,677,761,836,877,0.9806562662124634,-1,-1,-1
1639,-1,685,760,847,880,0.9847961664199829,-1,-1,-1
1640,-1,691,762,859,883,0.9879363179206848,-1,-1,-1
1641,-1,694,765,872,887,0.9864209890365601,-1,-1,-1
1642,-1,707,769,883,886,0.9868990182876587,-1,-1,-1
1643,-1,721,766,895,890,0.9888229370117188,-1,-1,-1
1644,-1,736,765,913,893,0.9909282326698303,-1,-1,-1
1645,-1,750,769,922,896,0.9908726811408997,-1,-1,-1
1646,-1,758,767,934,900,0.9935879707336426,-1,-1,-1
1647,-1,770,769,950,904,0.9939677715301514,-1,-1,-1
1648,-1,784,769,963,910,0.9949120879173279,-1,-1,-1
1649,-1,790,765,978,916,0.9953267574310303,-1,-1,-1
1650,-1,802,766,988,923,0.9956372380256653,-1,-1,-1
1651,-1,813,766,1006,926,0.9962827563285828,-1,-1,-1
1652,-1,826,767,1020,931,0.9965960383415222,-1,-1,-1
1653,-1,834,771,1052,938,0.9969898462295532,-1,-1,-1
1654,-1,854,771,1071,938,0.9969767332077026,-1,-1,-1
1655,-1,864,770,1085,945,0.9970884919166565,-1,-1,-1
1656,-1,876,770,1102,952,0.9968083500862122,-1,-1,-1
1657,-1,896,776,1128,955,0.9963160157203674,-1,-1,-1
1658,-1,914,774,1143,961,0.9963899254798889,-1,-1,-1
1659,-1,930,780,1188,972,0.9974632263183594,-1,-1,-1
1660,-1,944,779,1213,986,0.996503472328186,-1,-1,-1
1661,-1,973,781,1254,998,0.9964627623558044,-1,-1,-1
1662,-1,986,783,1294,1008,0.994511604309082,-1,-1,-1
1663,-1,1010,787,1339,1019,0.995206892490387,-1,-1,-1
1664,-1,1034,791,1406,1039,0.9945659637451172,-1,-1,-1
1665,-1,1074,789,1451,1047,0.9910388588905334,-1,-1,-1
1666,-1,1110,791,1517,1065,0.9888375997543335,-1,-1,-1
1667,-1,1154,789,1644,1086,0.9889698028564453,-1,-1,-1
1668,-1,1204,791,1739,1112,0.9922992587089539,-1,-1,-1
1669,-1,1254,790,1847,1142,0.9919006824493408,-1,-1,-1
1670,-1,1308,799,1973,1183,0.9935386776924133,-1,-1,-1
1671,-1,1384,811,2185,1233,0.9939616322517395,-1,-1,-1
1672,-1,1485,805,2327,1270,0.9938748478889465,-1,-1,-1
1673,-1,1593,825,2535,1351,0.994204580783844,-1,-1,-1
1674,-1,1698,824,2560,1423,0.9476271867752075,-1,-1,-1
1772,-1,525,758,669,876,0.6641659140586853,-1,-1,-1
1774,-1,532,764,686,875,0.6741140484809875,-1,-1,-1
1775,-1,540,762,692,878,0.8373739719390869,-1,-1,-1
1776,-1,542,763,698,880,0.7705987095832825,-1,-1,-1
1777,-1,549,768,700,877,0.7504104375839233,-1,-1,-1
1778,-1,559,767,702,877,0.7304010391235352,-1,-1,-1
1779,-1,567,771,710,877,0.6675668954849243,-1,-1,-1
1780,-1,580,771,717,880,0.8457230925559998,-1,-1,-1
1781,-1,587,772,723,881,0.926815927028656,-1,-1,-1
1782,-1,590,770,727,883,0.9343172907829285,-1,-1,-1
1783,-1,597,769,736,883,0.9636616110801697,-1,-1,-1
1784,-1,607,769,736,882,0.9437226057052612,-1,-1,-1
1785,-1,613,772,744,880,0.9096352458000183,-1,-1,-1
1786,-1,622,770,758,880,0.7883760929107666,-1,-1,-1
1787,-1,633,775,758,876,0.6846592426300049,-1,-1,-1
1788,-1,646,773,776,875,0.6579920649528503,-1,-1,-1
1789,-1,652,766,795,878,0.9108713865280151,-1,-1,-1
1790,-1,658,766,810,880,0.955351710319519,-1,-1,-1
1791,-1,668,767,824,882,0.9678844213485718,-1,-1,-1
1792,-1,669,762,842,889,0.9859302639961243,-1,-1,-1
1793,-1,681,763,849,895,0.9904717206954956,-1,-1,-1
1794,-1,685,764,861,890,0.9908541440963745,-1,-1,-1
1795,-1,695,765,873,898,0.9918959736824036,-1,-1,-1
1796,-1,700,767,887,906,0.9935528039932251,-1,-1,-1
1797,-1,708,769,896,908,0.9932583570480347,-1,-1,-1
1798,-1,716,769,898,911,0.9936892986297607,-1,-1,-1
1799,-1,730,768,917,912,0.9942374229431152,-1,-1,-1
1800,-1,745,768,932,917,0.9951318502426147,-1,-1,-1
1801,-1,759,769,945,922,0.9944537281990051,-1,-1,-1
1802,-1,771,766,962,929,0.9955722093582153,-1,-1,-1
1803,-1,783,765,976,933,0.9968474507331848,-1,-1,-1
1804,-1,789,771,989,938,0.9961678385734558,-1,-1,-1
1805,-1,806,768,1008,947,0.9964770674705505,-1,-1,-1
1806,-1,815,770,1020,951,0.9973146319389343,-1,-1,-1
1807,-1,829,774,1051,959,0.9975131750106812,-1,-1,-1
1808,-1,843,775,1070,956,0.9970398545265198,-1,-1,-1
1809,-1,862,778,1091,962,0.9975359439849854,-1,-1,-1
1810,-1,876,779,1112,972,0.9977887868881226,-1,-1,-1
1811,-1,890,777,1143,984,0.9973638653755188,-1,-1,-1
1812,-1,912,783,1183,990,0.9972482323646545,-1,-1,-1
1813,-1,930,781,1208,1007,0.996757447719574,-1,-1,-1
1814,-1,945,779,1240,1019,0.9963626265525818,-1,-1,-1
1815,-1,962,785,1285,1036,0.9950308799743652,-1,-1,-1
1816,-1,996,788,1358,1050,0.9942997694015503,-1,-1,-1
1817,-1,1021,782,1391,1068,0.9921327233314514,-1,-1,-1
1818,-1,1043,788,1449,1083,0.9919135570526123,-1,-1,-1
1819,-1,1081,789,1509,1101,0.9919265508651733,-1,-1,-1
1820,-1,1123,790,1597,1124,0.9938836693763733,-1,-1,-1
1821,-1,1180,785,1729,1164,0.9933516383171082,-1,-1,-1
1822,-1,1236,797,1837,1205,0.9929971098899841,-1,-1,-1
1823,-1,1286,803,1959,1231,0.9951581358909607,-1,-1,-1
1824,-1,1376,803,2127,1294,0.9943183064460754,-1,-1,-1
1825,-1,1473,832,2410,1371,0.9949260950088501,-1,-1,-1
1826,-1,1540,819,2560,1428,0.9931992888450623,-1,-1,-1
1827,-1,1695,822,2560,1549,0.9012181758880615,-1,-1,-1
2127,-1,1938,605,2560,973,0.8442361950874329,-1,-1,-1
2128,-1,1844,600,2538,979,0.9530142545700073,-1,-1,-1
2129,-1,1821,575,2492,971,0.9665501713752747,-1,-1,-1
2130,-1,1775,580,2468,961,0.9751758575439453,-1,-1,-1
2131,-1,1699,589,2386,951,0.9807648062705994,-1,-1,-1
2132,-1,1656,597,2287,939,0.9841819405555725,-1,-1,-1
2133,-1,1616,601,2201,930,0.9901809692382812,-1,-1,-1
2134,-1,1572,604,2121,917,0.991194486618042,-1,-1,-1
2135,-1,1535,610,2053,908,0.991223931312561,-1,-1,-1
2136,-1,1488,614,1986,900,0.9925530552864075,-1,-1,-1
2137,-1,1450,629,1916,886,0.9931297898292542,-1,-1,-1
2138,-1,1444,622,1876,887,0.9935396313667297,-1,-1,-1
2139,-1,1401,632,1811,878,0.9943251013755798,-1,-1,-1
2140,-1,1390,632,1769,879,0.994936466217041,-1,-1,-1
2141,-1,1351,636,1713,875,0.9945839047431946,-1,-1,-1
2142,-1,1325,639,1681,874,0.9957590699195862,-1,-1,-1
2143,-1,1304,646,1641,867,0.9962809681892395,-1,-1,-1
2144,-1,1284,647,1598,864,0.9963123202323914,-1,-1,-1
2145,-1,1267,646,1571,865,0.9962452054023743,-1,-1,-1
2146,-1,1244,648,1539,860,0.9964547157287598,-1,-1,-1
2147,-1,1219,655,1500,857,0.9961115717887878,-1,-1,-1
2148,-1,1201,658,1477,855,0.9975099563598633,-1,-1,-1
2149,-1,1187,658,1446,857,0.9969841837882996,-1,-1,-1
2150,-1,1168,656,1430,855,0.9965856075286865,-1,-1,-1
2151,-1,1152,659,1397,851,0.9966825842857361,-1,-1,-1
2152,-1,1130,663,1377,851,0.9964555501937866,-1,-1,-1
2153,-1,1118,662,1347,849,0.9960750937461853,-1,-1,-1
2154,-1,1103,667,1323,845,0.9956648945808411,-1,-1,-1
2155,-1,1085,665,1308,845,0.9950407147407532,-1,-1,-1
2156,-1,1065,667,1291,843,0.9956809282302856,-1,-1,-1
2157,-1,1060,669,1269,841,0.9948261380195618,-1,-1,-1
2158,-1,1050,677,1251,840,0.9939290285110474,-1,-1,-1
2159,-1,1035,681,1231,839,0.9943589568138123,-1,-1,-1
2160,-1,1027,683,1217,837,0.9920796751976013,-1,-1,-1
2161,-1,1008,683,1203,837,0.9933409094810486,-1,-1,-1
2162,-1,998,686,1184,835,0.9908763766288757,-1,-1,-1
2163,-1,983,692,1168,834,0.9878694415092468,-1,-1,-1
2164,-1,972,692,1152,833,0.9880099892616272,-1,-1,-1
2165,-1,956,696,1135,831,0.9906399250030518,-1,-1,-1
2166,-1,943,698,1120,831,0.9931226372718811,-1,-1,-1
2167,-1,931,699,1101,831,0.991796612739563,-1,-1,-1
2168,-1,919,693,1095,832,0.9919272661209106,-1,-1,-1
2169,-1,906,694,1080,832,0.9903908967971802,-1,-1,-1
2170,-1,899,696,1064,833,0.9898285865783691,-1,-1,-1
2171,-1,887,696,1050,832,0.991661548614502,-1,-1,-1
2172,-1,877,699,1042,831,0.9851686954498291,-1,-1,-1
2173,-1,869,701,1029,833,0.9837228655815125,-1,-1,-1
2174,-1,857,702,1019,832,0.9711110591888428,-1,-1,-1
2175,-1,846,707,1004,834,0.969764769077301,-1,-1,-1
2176,-1,833,711,986,834,0.9762536883354187,-1,-1,-1
2177,-1,828,713,973,834,0.9705914258956909,-1,-1,-1
2178,-1,817,712,965,837,0.974835216999054,-1,-1,-1
2179,-1,807,719,951,832,0.9534178376197815,-1,-1,-1
2180,-1,795,721,944,834,0.9689443111419678,-1,-1,-1
2181,-1,793,725,928,836,0.9274158477783203,-1,-1,-1
2182,-1,784,729,916,834,0.92009437084198,-1,-1,-1
2183,-1,774,732,905,834,0.9411181807518005,-1,-1,-1
2184,-1,767,731,895,835,0.9563688635826111,-1,-1,-1
2185,-1,760,730,888,835,0.9385033845901489,-1,-1,-1
2186,-1,752,731,875,839,0.939479410648346,-1,-1,-1
2187,-1,745,736,867,835,0.9264620542526245,-1,-1,-1
2188,-1,732,734,861,837,0.8853033781051636,-1,-1,-1
2189,-1,729,736,858,836,0.8572034239768982,-1,-1,-1
2190,-1,716,734,853,839,0.8675046563148499,-1,-1,-1
2191,-1,705,738,844,838,0.7845271229743958,-1,-1,-1
2192,-1,694,737,831,838,0.8068552613258362,-1,-1,-1
2193,-1,689,732,821,840,0.8263433575630188,-1,-1,-1
2194,-1,684,730,814,842,0.8045727014541626,-1,-1,-1
2195,-1,687,728,808,840,0.6210158467292786,-1,-1,-1
2252,-1,552,776,698,885,0.6836256384849548,-1,-1,-1
2253,-1,557,776,698,890,0.69781494140625,-1,-1,-1
2254,-1,564,775,705,890,0.7340348362922668,-1,-1,-1
2255,-1,569,776,711,891,0.651091456413269,-1,-1,-1
2256,-1,577,776,719,892,0.700160026550293,-1,-1,-1
2257,-1,590,780,724,889,0.868441104888916,-1,-1,-1
2258,-1,592,779,730,889,0.9075836539268494,-1,-1,-1
2259,-1,598,779,734,890,0.9247344136238098,-1,-1,-1
2260,-1,605,779,743,890,0.9164689779281616,-1,-1,-1
2261,-1,614,779,748,889,0.8921759128570557,-1,-1,-1
2262,-1,621,778,757,890,0.81777024269104,-1,-1,-1
2266,-1,655,768,812,898,0.8836652040481567,-1,-1,-1
2267,-1,666,773,823,903,0.970328688621521,-1,-1,-1
2268,-1,669,772,844,902,0.9816939234733582,-1,-1,-1
2269,-1,679,773,852,909,0.9900493621826172,-1,-1,-1
2270,-1,688,775,866,913,0.9907139539718628,-1,-1,-1
2271,-1,693,776,871,914,0.9878409504890442,-1,-1,-1
2272,-1,704,776,883,920,0.9871476292610168,-1,-1,-1
2273,-1,714,775,890,923,0.990096926689148,-1,-1,-1
2274,-1,731,778,900,925,0.9897221922874451,-1,-1,-1
2275,-1,746,778,918,928,0.9924559593200684,-1,-1,-1
2276,-1,754,779,939,931,0.9945788383483887,-1,-1,-1
2277,-1,767,787,957,937,0.9946954846382141,-1,-1,-1
2278,-1,781,788,969,945,0.9947675466537476,-1,-1,-1
2279,-1,791,790,977,951,0.9951866269111633,-1,-1,-1
2280,-1,807,794,995,957,0.9960481524467468,-1,-1,-1
2281,-1,818,797,1012,961,0.9967052340507507,-1,-1,-1
2282,-1,828,802,1031,963,0.9956604838371277,-1,-1,-1
2283,-1,844,804,1056,974,0.9955607652664185,-1,-1,-1
2284,-1,857,803,1072,984,0.9963678121566772,-1,-1,-1
2285,-1,869,802,1088,992,0.9961430430412292,-1,-1,-1
2286,-1,885,809,1106,995,0.9962069988250732,-1,-1,-1
2287,-1,905,809,1138,1009,0.9968061447143555,-1,-1,-1
2288,-1,925,811,1172,1026,0.9977095127105713,-1,-1,-1
2289,-1,957,818,1216,1040,0.9963037967681885,-1,-1,-1
2290,-1,970,827,1247,1054,0.995177149772644,-1,-1,-1
2291,-1,993,830,1295,1074,0.9938061237335205,-1,-1,-1
2292,-1,1007,833,1358,1096,0.994077205657959,-1,-1,-1
2293,-1,1042,840,1420,1115,0.9948912858963013,-1,-1,-1
2294,-1,1082,841,1489,1143,0.9911462664604187,-1,-1,-1
2295,-1,1114,845,1576,1173,0.9902565479278564,-1,-1,-1
2296,-1,1158,853,1697,1207,0.9926226139068604,-1,-1,-1
2297,-1,1217,875,1822,1246,0.9944544434547424,-1,-1,-1
2298,-1,1292,886,2009,1297,0.9911638498306274,-1,-1,-1
2299,-1,1364,890,2102,1356,0.9936517477035522,-1,-1,-1
2300,-1,1482,905,2303,1417,0.9944579601287842,-1,-1,-1
2301,-1,1582,940,2560,1496,0.9942227005958557,-1,-1,-1
2302,-1,1684,934,2560,1600,0.9035734534263611,-1,-1,-1
2303,-1,1808,934,2548,1591,0.6494029760360718,-1,-1,-1
2361,-1,528,757,670,872,0.6065835952758789,-1,-1,-1
2362,-1,528,762,683,876,0.8399924635887146,-1,-1,-1
2363,-1,537,762,687,879,0.8643606305122375,-1,-1,-1
2363,-1,2040,655,2560,1000,0.8052090406417847,-1,-1,-1
2364,-1,1890,651,2554,983,0.9648575782775879,-1,-1,-1
2364,-1,542,761,692,880,0.8238230347633362,-1,-1,-1
2365,-1,1797,643,2479,961,0.974025547504425,-1,-1,-1
2365,-1,553,766,694,881,0.8600953221321106,-1,-1,-1
2366,-1,1521,658,2065,925,0.984095573425293,-1,-1,-1
2366,-1,568,771,710,882,0.9362727999687195,-1,-1,-1
2367,-1,1472,668,1946,912,0.9817222952842712,-1,-1,-1
2367,-1,579,773,718,882,0.9493290185928345,-1,-1,-1
2368,-1,1419,666,1848,903,0.985015869140625,-1,-1,-1
2368,-1,582,771,719,884,0.9575321674346924,-1,-1,-1
2369,-1,1375,675,1760,898,0.988453209400177,-1,-1,-1
2369,-1,587,775,724,883,0.9628283977508545,-1,-1,-1
2370,-1,1355,678,1682,890,0.995516836643219,-1,-1,-1
2370,-1,590,772,729,883,0.9611690640449524,-1,-1,-1
2371,-1,1314,681,1618,882,0.9951741099357605,-1,-1,-1
2371,-1,593,772,731,883,0.9724738597869873,-1,-1,-1
2372,-1,1276,686,1583,878,0.9952996969223022,-1,-1,-1
2372,-1,601,771,736,885,0.97529137134552,-1,-1,-1
2373,-1,1230,686,1523,874,0.9945082068443298,-1,-1,-1
2373,-1,610,774,738,882,0.9602428078651428,-1,-1,-1
2374,-1,1208,684,1483,870,0.9960088729858398,-1,-1,-1
2374,-1,616,774,740,885,0.9423145055770874,-1,-1,-1
2375,-1,1184,689,1439,869,0.9965597987174988,-1,-1,-1
2375,-1,620,776,751,883,0.9243131875991821,-1,-1,-1
2376,-1,1162,685,1406,866,0.9965054988861084,-1,-1,-1
2376,-1,628,773,756,882,0.9112817049026489,-1,-1,-1
2377,-1,1146,691,1371,860,0.9953070282936096,-1,-1,-1
2377,-1,637,772,774,881,0.9219469428062439,-1,-1,-1
2378,-1,1121,692,1346,856,0.9954615235328674,-1,-1,-1
2378,-1,648,772,782,877,0.9329391121864319,-1,-1,-1
2379,-1,1110,696,1317,853,0.994606077671051,-1,-1,-1
2379,-1,650,770,808,883,0.972687840461731,-1,-1,-1
2380,-1,1094,696,1293,850,0.9960313439369202,-1,-1,-1
2380,-1,659,769,813,884,0.9743725657463074,-1,-1,-1
2381,-1,1077,696,1275,844,0.9938322305679321,-1,-1,-1
2381,-1,669,770,826,886,0.9795239567756653,-1,-1,-1
2382,-1,1055,701,1253,845,0.9943100214004517,-1,-1,-1
2382,-1,673,769,838,890,0.9840906262397766,-1,-1,-1
2383,-1,1041,702,1223,840,0.9922738671302795,-1,-1,-1
2383,-1,682,767,848,893,0.9903250932693481,-1,-1,-1
2384,-1,1026,707,1215,839,0.9909754395484924,-1,-1,-1
2384,-1,691,768,859,897,0.989371657371521,-1,-1,-1
2385,-1,693,768,866,897,0.9919346570968628,-1,-1,-1
2385,-1,1008,707,1189,833,0.987250030040741,-1,-1,-1
2386,-1,701,770,878,900,0.9893819093704224,-1,-1,-1
2386,-1,994,708,1167,836,0.9886937737464905,-1,-1,-1
2387,-1,704,774,889,903,0.9924361109733582,-1,-1,-1
2387,-1,976,709,1146,832,0.9832103252410889,-1,-1,-1
2388,-1,715,769,894,906,0.9936750531196594,-1,-1,-1
2388,-1,961,712,1131,837,0.9853931069374084,-1,-1,-1
2389,-1,726,772,905,906,0.994604766368866,-1,-1,-1
2389,-1,951,710,1117,832,0.9817725419998169,-1,-1,-1
2390,-1,739,772,917,909,0.9940599799156189,-1,-1,-1
2390,-1,938,711,1098,835,0.9878009557723999,-1,-1,-1
2391,-1,748,770,930,913,0.9952226281166077,-1,-1,-1
2391,-1,928,714,1082,832,0.9820152521133423,-1,-1,-1
2392,-1,758,769,948,917,0.9949313998222351,-1,-1,-1
2392,-1,912,714,1064,832,0.9782727956771851,-1,-1,-1
2393,-1,769,771,959,922,0.9955384135246277,-1,-1,-1
2393,-1,902,716,1055,831,0.9745985865592957,-1,-1,-1
2394,-1,780,768,972,926,0.9967461824417114,-1,-1,-1
2394,-1,897,714,1042,827,0.8888158202171326,-1,-1,-1
2395,-1,790,768,980,929,0.9971426129341125,-1,-1,-1
2395,-1,889,718,1026,825,0.7633000612258911,-1,-1,-1
2396,-1,802,765,992,933,0.9970167875289917,-1,-1,-1
2397,-1,811,767,1017,936,0.9969998002052307,-1,-1,-1
2398,-1,821,763,1026,942,0.9964861869812012,-1,-1,-1
2399,-1,830,766,1041,948,0.9971429705619812,-1,-1,-1
2400,-1,845,768,1061,947,0.9976455569267273,-1,-1,-1
2401,-1,853,770,1075,954,0.9970295429229736,-1,-1,-1
2401,-1,817,733,943,832,0.7730898857116699,-1,-1,-1
2402,-1,866,772,1090,957,0.9975090026855469,-1,-1,-1
2402,-1,799,733,935,834,0.889180600643158,-1,-1,-1
2403,-1,877,772,1106,964,0.9975395202636719,-1,-1,-1
2403,-1,790,736,925,834,0.7896559238433838,-1,-1,-1
2404,-1,890,776,1124,971,0.9975754618644714,-1,-1,-1
2404,-1,772,737,906,834,0.8400220274925232,-1,-1,-1
2405,-1,906,782,1158,978,0.9974846839904785,-1,-1,-1
2405,-1,772,737,903,834,0.9315441250801086,-1,-1,-1
2406,-1,921,783,1183,985,0.9976184964179993,-1,-1,-1
2406,-1,766,739,894,834,0.9410813450813293,-1,-1,-1
2407,-1,936,784,1205,994,0.9968464970588684,-1,-1,-1
2407,-1,761,740,888,835,0.9151634573936462,-1,-1,-1
2408,-1,953,784,1244,1009,0.9962970614433289,-1,-1,-1
2408,-1,752,740,877,835,0.9257727265357971,-1,-1,-1
2409,-1,973,783,1277,1026,0.9944478273391724,-1,-1,-1
2409,-1,746,741,869,834,0.9262969493865967,-1,-1,-1
2410,-1,978,791,1316,1044,0.995334804058075,-1,-1,-1
2410,-1,740,740,864,835,0.896269679069519,-1,-1,-1
2411,-1,1005,786,1353,1052,0.9915798902511597,-1,-1,-1
2411,-1,729,741,851,835,0.8512138724327087,-1,-1,-1
2412,-1,1032,794,1411,1075,0.9927421808242798,-1,-1,-1
2412,-1,721,743,841,834,0.6545084714889526,-1,-1,-1
2413,-1,1057,802,1488,1090,0.9897900223731995,-1,-1,-1
2413,-1,702,741,837,837,0.8106465935707092,-1,-1,-1
2414,-1,1083,791,1517,1095,0.985524594783783,-1,-1,-1
2414,-1,701,741,831,839,0.8331772685050964,-1,-1,-1
2415,-1,1112,804,1602,1128,0.9914752244949341,-1,-1,-1
2415,-1,691,742,819,840,0.8175591230392456,-1,-1,-1
