238,220,703,776,174,126,1,-1,-1,-1
239,220,705,776,181,133,1,-1,-1,-1
240,220,712,776,183,136,1,-1,-1,-1
241,220,730,777,186,139,1,-1,-1,-1
242,220,746,779,186,141,1,-1,-1,-1
243,220,760,781,188,144,1,-1,-1,-1
244,220,774,781,191,147,1,-1,-1,-1
245,220,788,781,194,151,1,-1,-1,-1
246,220,802,784,195,155,1,-1,-1,-1
247,220,817,788,199,157,1,-1,-1,-1
248,220,833,792,204,161,1,-1,-1,-1
249,220,851,793,212,165,1,-1,-1,-1
250,220,869,793,217,168,1,-1,-1,-1
251,220,885,794,224,173,1,-1,-1,-1
252,220,908,798,237,178,1,-1,-1,-1
253,220,934,802,250,185,1,-1,-1,-1
254,220,956,806,264,194,1,-1,-1,-1
255,220,982,809,280,203,1,-1,-1,-1
256,220,1012,811,299,214,1,-1,-1,-1
257,220,1044,815,319,225,1,-1,-1,-1
258,220,1078,817,344,238,1,-1,-1,-1
259,220,1122,824,374,254,1,-1,-1,-1
260,220,1170,831,412,271,1,-1,-1,-1
261,220,1220,840,459,294,1,-1,-1,-1
262,220,1286,847,515,315,1,-1,-1,-1
263,220,1370,856,575,343,1,-1,-1,-1
264,220,1455,871,635,377,1,-1,-1,-1
265,220,1592,893,722,424,1,-1,-1,-1
266,220,1696,924,785,482,1,-1,-1,-1
511,221,2160,651,198,149,1,-1,-1,-1
512,221,2136,651,192,147,1,-1,-1,-1
513,221,2106,650,189,146,1,-1,-1,-1
514,221,2079,652,186,146,1,-1,-1,-1
515,221,2054,652,184,146,1,-1,-1,-1
516,221,2029,654,181,143,1,-1,-1,-1
517,221,2005,653,178,143,1,-1,-1,-1
518,221,1980,653,176,143,1,-1,-1,-1
519,221,1956,654,174,143,1,-1,-1,-1
520,221,1930,656,173,142,1,-1,-1,-1
521,221,1910,657,171,140,1,-1,-1,-1
522,221,1887,657,167,137,1,-1,-1,-1
523,221,1866,654,165,137,1,-1,-1,-1
524,221,1847,659,159,134,1,-1,-1,-1
525,221,1825,658,157,133,1,-1,-1,-1
529,221,1744,664,147,126,1,-1,-1,-1
530,221,1730,667,144,123,1,-1,-1,-1
732,223,1694,640,561,286,1,-1,-1,-1
733,223,1620,647,515,267,1,-1,-1,-1
734,223,1560,656,466,247,1,-1,-1,-1
735,223,1501,661,420,230,1,-1,-1,-1
736,223,1457,669,378,214,1,-1,-1,-1
737,223,1415,674,336,198,1,-1,-1,-1
738,223,1377,680,300,182,1,-1,-1,-1
739,223,1345,684,274,171,1,-1,-1,-1
740,223,1314,690,247,159,1,-1,-1,-1
741,223,1278,700,227,147,1,-1,-1,-1
742,223,1250,707,210,136,1,-1,-1,-1
743,223,1221,711,193,127,1,-1,-1,-1
744,223,1201,714,179,119,1,-1,-1,-1
747,224,589,758,148,115,1,-1,-1,-1
748,225,1092,701,203,145,1,-1,-1,-1
748,224,592,760,147,114,1,-1,-1,-1
749,225,1075,703,196,140,1,-1,-1,-1
749,224,595,758,147,117,1,-1,-1,-1
750,225,1056,703,193,139,1,-1,-1,-1
750,224,599,759,144,118,1,-1,-1,-1
751,225,1034,705,190,137,1,-1,-1,-1
751,224,605,761,141,117,1,-1,-1,-1
752,225,1011,709,183,132,1,-1,-1,-1
752,224,613,761,139,117,1,-1,-1,-1
753,225,993,710,178,129,1,-1,-1,-1
753,224,626,760,139,116,1,-1,-1,-1
754,225,977,712,173,125,1,-1,-1,-1
754,224,634,759,139,117,1,-1,-1,-1
755,225,961,713,169,121,1,-1,-1,-1
755,224,644,756,141,117,1,-1,-1,-1
756,225,944,713,165,120,1,-1,-1,-1
756,224,654,754,144,118,1,-1,-1,-1
757,225,931,714,161,118,1,-1,-1,-1
757,224,661,753,150,120,1,-1,-1,-1
758,225,917,715,155,116,1,-1,-1,-1
758,224,670,750,155,122,1,-1,-1,-1
759,225,906,716,150,113,1,-1,-1,-1
759,224,679,749,162,126,1,-1,-1,-1
760,225,891,718,147,111,1,-1,-1,-1
760,224,687,750,166,128,1,-1,-1,-1
761,225,878,721,143,109,1,-1,-1,-1
761,224,696,751,168,128,1,-1,-1,-1
762,225,866,723,140,107,1,-1,-1,-1
762,224,707,753,169,128,1,-1,-1,-1
763,225,854,726,137,105,1,-1,-1,-1
763,224,713,751,173,130,1,-1,-1,-1
764,224,723,750,175,132,1,-1,-1,-1
765,224,727,754,175,131,1,-1,-1,-1
766,224,737,753,173,132,1,-1,-1,-1
767,224,743,751,175,136,1,-1,-1,-1
768,224,753,748,179,140,1,-1,-1,-1
769,226,1693,635,642,277,1,-1,-1,-1
769,224,765,747,184,146,1,-1,-1,-1
770,226,1617,635,607,266,1,-1,-1,-1
770,224,773,745,191,152,1,-1,-1,-1
771,226,1561,638,558,250,1,-1,-1,-1
771,224,782,745,197,156,1,-1,-1,-1
772,226,1517,645,498,231,1,-1,-1,-1
772,224,791,748,199,159,1,-1,-1,-1
773,226,1471,649,455,216,1,-1,-1,-1
773,224,799,752,203,162,1,-1,-1,-1
774,226,1430,656,409,202,1,-1,-1,-1
774,224,808,753,207,163,1,-1,-1,-1
775,226,1392,662,370,190,1,-1,-1,-1
775,224,813,754,211,167,1,-1,-1,-1
776,226,1353,664,337,179,1,-1,-1,-1
776,224,821,756,216,169,1,-1,-1,-1
777,226,1323,668,305,168,1,-1,-1,-1
777,224,830,756,219,171,1,-1,-1,-1
778,226,1296,674,275,157,1,-1,-1,-1
778,224,837,757,223,173,1,-1,-1,-1
779,226,1270,679,251,147,1,-1,-1,-1
779,224,847,758,226,175,1,-1,-1,-1
780,226,1246,685,232,138,1,-1,-1,-1
780,224,853,758,230,179,1,-1,-1,-1
781,226,1216,689,213,130,1,-1,-1,-1
781,224,861,759,233,181,1,-1,-1,-1
782,226,1195,692,198,124,1,-1,-1,-1
782,224,872,760,236,186,1,-1,-1,-1
783,226,1166,697,188,121,1,-1,-1,-1
783,224,878,759,242,191,1,-1,-1,-1
784,226,1144,703,174,114,1,-1,-1,-1
784,224,887,761,249,195,1,-1,-1,-1
785,226,1125,707,163,109,1,-1,-1,-1
785,224,898,761,257,201,1,-1,-1,-1
786,224,912,765,268,206,1,-1,-1,-1
787,224,923,767,281,212,1,-1,-1,-1
788,224,935,767,298,220,1,-1,-1,-1
789,224,945,766,312,228,1,-1,-1,-1
790,224,955,767,324,238,1,-1,-1,-1
791,224,966,770,336,247,1,-1,-1,-1
792,224,985,774,351,254,1,-1,-1,-1
793,224,1000,776,368,263,1,-1,-1,-1
794,224,1022,778,386,273,1,-1,-1,-1
795,228,908,716,164,114,1,-1,-1,-1
795,224,1044,779,407,284,1,-1,-1,-1
796,228,897,718,157,111,1,-1,-1,-1
796,224,1060,776,428,295,1,-1,-1,-1
797,228,878,720,152,109,1,-1,-1,-1
797,224,1078,778,451,306,1,-1,-1,-1
798,228,868,725,144,104,1,-1,-1,-1
798,224,1105,776,483,322,1,-1,-1,-1
799,228,849,725,142,103,1,-1,-1,-1
799,224,1136,775,524,337,1,-1,-1,-1
800,228,838,729,138,100,1,-1,-1,-1
800,224,1163,780,556,354,1,-1,-1,-1
801,224,1193,779,591,371,1,-1,-1,-1
802,224,1232,784,628,389,1,-1,-1,-1
803,224,1271,784,662,410,1,-1,-1,-1
804,224,1324,781,720,439,1,-1,-1,-1
805,224,1355,777,772,468,1,-1,-1,-1
806,224,1397,777,820,499,1,-1,-1,-1
807,224,1454,788,891,533,1,-1,-1,-1
808,224,1509,793,953,571,1,-1,-1,-1
809,224,1568,803,973,606,1,-1,-1,-1
810,224,1618,807,963,635,1,-1,-1,-1
811,230,1538,647,525,251,1,-1,-1,-1
811,224,1681,794,932,646,1,-1,-1,-1
812,230,1485,653,478,236,1,-1,-1,-1
813,230,1440,658,431,219,1,-1,-1,-1
814,230,1396,662,390,205,1,-1,-1,-1
815,230,1361,667,347,191,1,-1,-1,-1
816,230,1325,671,319,181,1,-1,-1,-1
817,230,1288,677,296,172,1,-1,-1,-1
818,230,1259,682,276,164,1,-1,-1,-1
819,230,1232,687,260,155,1,-1,-1,-1
820,230,1201,691,244,148,1,-1,-1,-1
821,230,1174,694,227,141,1,-1,-1,-1
822,230,1149,696,214,136,1,-1,-1,-1
823,230,1127,701,202,130,1,-1,-1,-1
824,230,1105,706,191,124,1,-1,-1,-1
825,230,1087,710,177,117,1,-1,-1,-1
826,230,1071,713,167,112,1,-1,-1,-1
827,230,1053,717,157,106,1,-1,-1,-1
828,230,1033,722,146,99,1,-1,-1,-1
832,231,945,711,188,125,1,-1,-1,-1
833,231,930,712,181,122,1,-1,-1,-1
834,231,911,716,175,119,1,-1,-1,-1
835,231,896,717,169,117,1,-1,-1,-1
836,231,879,718,166,116,1,-1,-1,-1
837,231,864,720,161,114,1,-1,-1,-1
838,231,853,723,155,110,1,-1,-1,-1
839,231,839,727,149,106,1,-1,-1,-1
840,231,831,730,142,103,1,-1,-1,-1
841,231,820,731,138,101,1,-1,-1,-1
842,231,803,733,136,99,1,-1,-1,-1
843,231,795,734,132,97,1,-1,-1,-1
945,232,79,1149,644,309,1,-1,-1,-1
946,232,95,1136,656,317,1,-1,-1,-1
947,232,117,1126,660,320,1,-1,-1,-1
948,232,126,1120,667,324,1,-1,-1,-1
949,232,161,1112,662,323,1,-1,-1,-1
950,232,183,1107,654,321,1,-1,-1,-1
951,232,210,1102,654,319,1,-1,-1,-1
952,232,230,1098,653,315,1,-1,-1,-1
953,232,256,1089,651,312,1,-1,-1,-1
954,232,284,1081,652,308,1,-1,-1,-1
955,232,303,1077,649,305,1,-1,-1,-1
956,232,319,1076,644,301,1,-1,-1,-1
957,232,338,1077,640,296,1,-1,-1,-1
958,232,361,1074,635,294,1,-1,-1,-1
959,232,367,1069,636,297,1,-1,-1,-1
960,232,390,1064,627,297,1,-1,-1,-1
961,232,409,1061,621,298,1,-1,-1,-1
962,232,420,1057,616,298,1,-1,-1,-1
963,232,430,1055,609,298,1,-1,-1,-1
964,232,434,1054,609,300,1,-1,-1,-1
965,232,431,1054,613,304,1,-1,-1,-1
966,232,426,1055,624,308,1,-1,-1,-1
967,232,428,1051,625,312,1,-1,-1,-1
968,232,425,1048,632,314,1,-1,-1,-1
969,232,432,1045,640,318,1,-1,-1,-1
970,232,444,1043,646,320,1,-1,-1,-1
971,232,462,1037,650,323,1,-1,-1,-1
972,232,476,1032,657,327,1,-1,-1,-1
973,232,478,1030,666,330,1,-1,-1,-1
974,232,489,1027,677,332,1,-1,-1,-1
975,232,511,1019,685,332,1,-1,-1,-1
976,232,534,1014,690,332,1,-1,-1,-1
977,232,543,1010,693,334,1,-1,-1,-1
978,232,553,1005,696,335,1,-1,-1,-1
979,232,581,999,690,332,1,-1,-1,-1
980,232,610,994,692,333,1,-1,-1,-1
981,232,643,983,701,334,1,-1,-1,-1
982,232,672,975,710,335,1,-1,-1,-1
983,232,704,968,714,335,1,-1,-1,-1
984,232,725,962,717,339,1,-1,-1,-1
985,232,766,953,724,341,1,-1,-1,-1
986,232,806,945,729,344,1,-1,-1,-1
987,232,846,937,734,347,1,-1,-1,-1
988,232,877,931,745,349,1,-1,-1,-1
989,232,914,927,753,354,1,-1,-1,-1
990,232,946,922,766,358,1,-1,-1,-1
991,232,983,919,772,363,1,-1,-1,-1
992,232,1021,916,792,368,1,-1,-1,-1
993,232,1052,916,797,372,1,-1,-1,-1
994,232,1102,912,823,383,1,-1,-1,-1
995,232,1142,911,835,393,1,-1,-1,-1
996,232,1177,917,844,402,1,-1,-1,-1
997,232,1215,920,858,415,1,-1,-1,-1
998,232,1274,922,883,435,1,-1,-1,-1
999,232,1329,930,905,454,1,-1,-1,-1
1000,232,1375,936,938,475,1,-1,-1,-1
1001,232,1401,936,986,498,1,-1,-1,-1
1002,232,1443,938,1025,519,1,-1,-1,-1
1003,232,1469,950,1059,545,1,-1,-1,-1
1004,232,1500,957,1066,566,1,-1,-1,-1
1005,232,1543,968,1051,580,1,-1,-1,-1
1006,232,1588,974,1022,595,1,-1,-1,-1
1007,232,1639,976,985,617,1,-1,-1,-1
1094,233,1777,544,732,421,1,-1,-1,-1
1095,233,1698,552,714,401,1,-1,-1,-1
1096,233,1633,561,680,380,1,-1,-1,-1
1097,233,1585,572,631,352,1,-1,-1,-1
1098,233,1539,583,596,331,1,-1,-1,-1
1099,233,1494,596,558,311,1,-1,-1,-1
1100,233,1455,604,527,298,1,-1,-1,-1
1101,233,1427,609,496,284,1,-1,-1,-1
1102,233,1394,617,461,267,1,-1,-1,-1
1103,233,1369,619,428,251,1,-1,-1,-1
1104,233,1344,625,402,239,1,-1,-1,-1
1105,233,1325,633,375,226,1,-1,-1,-1
1106,233,1308,640,351,214,1,-1,-1,-1
1107,233,1280,645,328,204,1,-1,-1,-1
1108,233,1259,649,310,196,1,-1,-1,-1
1109,233,1244,652,288,186,1,-1,-1,-1
1110,233,1222,659,272,177,1,-1,-1,-1
1111,233,1204,663,257,169,1,-1,-1,-1
1112,233,1184,669,243,161,1,-1,-1,-1
1113,233,1171,669,232,156,1,-1,-1,-1
1114,233,1154,673,223,150,1,-1,-1,-1
1115,233,1141,674,213,146,1,-1,-1,-1
1116,233,1129,677,203,140,1,-1,-1,-1
1117,233,1116,679,196,137,1,-1,-1,-1
1118,233,1103,682,188,132,1,-1,-1,-1
1119,233,1086,685,182,130,1,-1,-1,-1
1120,233,1070,690,177,127,1,-1,-1,-1
1121,233,1059,689,172,125,1,-1,-1,-1
1122,233,1048,691,169,122,1,-1,-1,-1
1123,233,1033,694,164,119,1,-1,-1,-1
1124,233,1020,699,161,116,1,-1,-1,-1
1128,234,943,676,213,155,1,-1,-1,-1
1129,234,932,681,206,153,1,-1,-1,-1
1130,234,922,682,200,150,1,-1,-1,-1
1131,234,912,684,196,148,1,-1,-1,-1
1132,234,902,687,194,146,1,-1,-1,-1
1133,234,888,690,193,145,1,-1,-1,-1
1134,234,878,690,190,144,1,-1,-1,-1
1135,234,869,693,189,142,1,-1,-1,-1
1136,234,858,695,186,140,1,-1,-1,-1
1137,234,848,697,184,138,1,-1,-1,-1
1138,234,838,697,182,138,1,-1,-1,-1
1139,234,829,700,179,135,1,-1,-1,-1
1140,234,821,701,178,136,1,-1,-1,-1
1141,234,815,705,175,133,1,-1,-1,-1
1142,234,806,708,172,131,1,-1,-1,-1
1143,234,795,711,170,128,1,-1,-1,-1
1144,234,785,713,166,126,1,-1,-1,-1
1145,235,1742,655,664,307,1,-1,-1,-1
1145,234,779,716,162,124,1,-1,-1,-1
1146,235,1672,656,648,294,1,-1,-1,-1
1146,234,773,719,159,119,1,-1,-1,-1
1147,235,1623,655,629,282,1,-1,-1,-1
1147,234,766,720,158,117,1,-1,-1,-1
1148,235,1584,663,594,270,1,-1,-1,-1
1148,234,758,722,156,114,1,-1,-1,-1
1149,235,1541,666,552,256,1,-1,-1,-1
1149,234,752,724,152,111,1,-1,-1,-1
1150,235,1497,672,513,243,1,-1,-1,-1
1150,234,746,727,149,108,1,-1,-1,-1
1151,235,1456,675,477,233,1,-1,-1,-1
1151,234,739,727,147,107,1,-1,-1,-1
1152,235,1423,678,443,223,1,-1,-1,-1
1152,234,732,728,145,105,1,-1,-1,-1
1153,235,1388,679,413,214,1,-1,-1,-1
1153,234,722,730,145,104,1,-1,-1,-1
1154,235,1364,685,380,205,1,-1,-1,-1
1154,234,717,733,143,101,1,-1,-1,-1
1155,235,1345,686,346,194,1,-1,-1,-1
1155,234,710,735,142,98,1,-1,-1,-1
1156,235,1329,689,321,184,1,-1,-1,-1
1156,234,704,735,141,98,1,-1,-1,-1
1157,235,1309,693,298,175,1,-1,-1,-1
1157,234,700,735,139,97,1,-1,-1,-1
1158,235,1287,697,281,168,1,-1,-1,-1
1158,234,698,734,134,97,1,-1,-1,-1
1159,235,1266,699,263,160,1,-1,-1,-1
1159,234,695,734,131,97,1,-1,-1,-1
1160,235,1246,703,248,153,1,-1,-1,-1
1161,235,1235,706,235,147,1,-1,-1,-1
1162,235,1221,707,222,141,1,-1,-1,-1
1163,235,1212,708,210,137,1,-1,-1,-1
1164,235,1202,708,199,132,1,-1,-1,-1
1165,235,1193,707,190,130,1,-1,-1,-1
1166,235,1188,706,180,126,1,-1,-1,-1
1167,235,1186,704,171,123,1,-1,-1,-1
1168,235,1182,703,159,120,1,-1,-1,-1
1169,235,1185,700,150,115,1,-1,-1,-1
1170,235,1186,700,141,111,1,-1,-1,-1
1171,235,1189,695,135,110,1,-1,-1,-1
1172,235,1193,693,128,107,1,-1,-1,-1
1173,235,1196,691,122,105,1,-1,-1,-1
1177,236,1199,643,170,152,1,-1,-1,-1
1178,236,1204,640,171,152,1,-1,-1,-1
1179,236,1209,634,172,149,1,-1,-1,-1
1180,236,1216,630,171,147,1,-1,-1,-1
1181,236,1227,625,169,142,1,-1,-1,-1
1182,236,1237,620,169,140,1,-1,-1,-1
1183,236,1248,613,168,138,1,-1,-1,-1
1184,236,1258,607,166,135,1,-1,-1,-1
1185,236,1274,601,165,130,1,-1,-1,-1
1216,237,1801,606,647,343,1,-1,-1,-1
1217,237,1742,604,646,338,1,-1,-1,-1
1218,237,1678,609,631,327,1,-1,-1,-1
1219,237,1608,614,605,314,1,-1,-1,-1
1220,237,1554,617,576,305,1,-1,-1,-1
1221,237,1517,621,542,293,1,-1,-1,-1
1222,237,1479,624,507,281,1,-1,-1,-1
1223,237,1444,631,468,265,1,-1,-1,-1
1224,237,1416,637,433,252,1,-1,-1,-1
1225,237,1390,643,401,239,1,-1,-1,-1
1226,237,1365,646,372,226,1,-1,-1,-1
1227,237,1341,653,344,215,1,-1,-1,-1
1228,237,1320,657,323,206,1,-1,-1,-1
1229,237,1291,662,302,197,1,-1,-1,-1
1230,237,1269,666,285,190,1,-1,-1,-1
1231,237,1252,670,268,180,1,-1,-1,-1
1232,237,1227,673,252,172,1,-1,-1,-1
1233,237,1205,678,239,164,1,-1,-1,-1
1234,237,1186,682,225,157,1,-1,-1,-1
1235,237,1166,684,213,152,1,-1,-1,-1
1236,237,1146,688,205,148,1,-1,-1,-1
1237,237,1128,692,196,143,1,-1,-1,-1
1238,237,1111,697,187,138,1,-1,-1,-1
1239,237,1095,700,180,133,1,-1,-1,-1
1240,237,1081,702,171,127,1,-1,-1,-1
1241,237,1065,705,166,124,1,-1,-1,-1
1242,237,1050,709,157,118,1,-1,-1,-1
1243,237,1039,713,148,113,1,-1,-1,-1
1244,237,1025,715,142,108,1,-1,-1,-1
1245,237,1010,719,137,104,1,-1,-1,-1
1248,238,601,764,143,117,1,-1,-1,-1
1249,239,935,707,173,131,1,-1,-1,-1
1249,238,604,766,144,120,1,-1,-1,-1
1250,239,922,705,173,133,1,-1,-1,-1
1250,238,615,766,141,119,1,-1,-1,-1
1251,239,909,706,171,131,1,-1,-1,-1
1252,239,897,708,166,128,1,-1,-1,-1
1253,239,887,707,164,127,1,-1,-1,-1
1254,239,876,707,161,125,1,-1,-1,-1
1255,239,864,711,156,122,1,-1,-1,-1
1256,239,853,713,154,120,1,-1,-1,-1
1257,239,842,715,151,118,1,-1,-1,-1
1258,240,678,764,170,119,1,-1,-1,-1
1258,239,831,719,148,115,1,-1,-1,-1
1259,240,684,764,172,122,1,-1,-1,-1
1259,239,821,721,146,113,1,-1,-1,-1
1260,240,691,763,173,124,1,-1,-1,-1
1261,240,699,767,174,125,1,-1,-1,-1
1262,240,705,770,175,127,1,-1,-1,-1
1263,240,711,770,175,129,1,-1,-1,-1
1264,240,718,771,178,131,1,-1,-1,-1
1265,240,728,769,183,136,1,-1,-1,-1
1266,240,739,763,187,142,1,-1,-1,-1
1267,240,750,761,190,148,1,-1,-1,-1
1268,240,761,763,195,152,1,-1,-1,-1
1269,240,769,765,199,156,1,-1,-1,-1
1270,240,777,766,202,160,1,-1,-1,-1
1271,240,786,763,206,163,1,-1,-1,-1
1272,240,799,764,209,165,1,-1,-1,-1
1273,240,811,765,215,168,1,-1,-1,-1
1274,240,821,765,222,173,1,-1,-1,-1
1275,240,834,765,229,177,1,-1,-1,-1
1276,240,849,767,238,183,1,-1,-1,-1
1277,240,856,767,245,189,1,-1,-1,-1
1278,240,866,764,249,192,1,-1,-1,-1
1279,240,878,764,253,196,1,-1,-1,-1
1280,240,892,764,260,201,1,-1,-1,-1
1281,240,908,763,271,207,1,-1,-1,-1
1282,240,922,764,282,214,1,-1,-1,-1
1283,240,939,765,295,221,1,-1,-1,-1
1284,240,954,767,306,228,1,-1,-1,-1
1285,240,969,768,316,237,1,-1,-1,-1
1286,240,991,771,328,244,1,-1,-1,-1
1287,240,1009,772,341,255,1,-1,-1,-1
1288,240,1033,772,356,265,1,-1,-1,-1
1289,240,1054,773,376,277,1,-1,-1,-1
1290,240,1085,778,400,290,1,-1,-1,-1
1291,240,1108,783,426,305,1,-1,-1,-1
1292,240,1143,785,462,322,1,-1,-1,-1
1293,240,1178,792,504,341,1,-1,-1,-1
1294,240,1215,793,545,361,1,-1,-1,-1
1295,240,1260,799,590,383,1,-1,-1,-1
1296,240,1316,805,645,407,1,-1,-1,-1
1297,240,1358,810,698,440,1,-1,-1,-1
1298,240,1432,826,775,475,1,-1,-1,-1
1299,240,1511,833,862,525,1,-1,-1,-1
1300,240,1554,833,930,571,1,-1,-1,-1
1301,240,1609,836,948,614,1,-1,-1,-1
1302,240,1673,845,932,657,1,-1,-1,-1
1467,241,1526,738,795,361,1,-1,-1,-1
1468,241,1385,759,793,353,1,-1,-1,-1
1469,241,1285,778,769,343,1,-1,-1,-1
1470,241,1203,796,736,336,1,-1,-1,-1
1471,241,1010,839,687,319,1,-1,-1,-1
1472,241,901,864,648,311,1,-1,-1,-1
1473,241,809,887,624,304,1,-1,-1,-1
1474,241,745,909,603,302,1,-1,-1,-1
1475,241,664,933,589,296,1,-1,-1,-1
1476,241,597,952,577,291,1,-1,-1,-1
1477,241,519,974,565,288,1,-1,-1,-1
1478,241,456,993,550,283,1,-1,-1,-1
1479,241,375,1017,536,273,1,-1,-1,-1
1480,241,301,1033,532,271,1,-1,-1,-1
1481,241,270,1048,505,258,1,-1,-1,-1
1485,241,-33,1162,438,236,1,-1,-1,-1
1631,242,612,768,138,111,1,-1,-1,-1
1632,242,621,767,137,111,1,-1,-1,-1
1638,243,689,759,159,118,1,-1,-1,-1
1639,243,696,759,165,120,1,-1,-1,-1
1640,243,702,759,174,123,1,-1,-1,-1
1641,243,711,761,181,124,1,-1,-1,-1
1642,243,723,762,182,126,1,-1,-1,-1
1643,243,736,762,184,128,1,-1,-1,-1
1644,243,748,763,183,129,1,-1,-1,-1
1645,243,757,764,183,132,1,-1,-1,-1
1646,243,767,763,186,136,1,-1,-1,-1
1647,243,779,763,189,140,1,-1,-1,-1
1648,243,791,763,191,145,1,-1,-1,-1
1649,243,801,764,194,150,1,-1,-1,-1
1650,243,812,766,197,154,1,-1,-1,-1
1651,243,824,768,199,158,1,-1,-1,-1
1652,243,837,769,206,163,1,-1,-1,-1
1653,243,847,769,212,168,1,-1,-1,-1
1654,243,862,770,219,171,1,-1,-1,-1
1655,243,877,771,224,176,1,-1,-1,-1
1656,243,889,773,231,180,1,-1,-1,-1
1657,243,907,775,238,184,1,-1,-1,-1
1658,243,924,778,251,191,1,-1,-1,-1
1659,243,944,779,267,197,1,-1,-1,-1
1660,243,967,782,281,205,1,-1,-1,-1
1661,243,989,783,296,214,1,-1,-1,-1
1662,243,1015,784,315,223,1,-1,-1,-1
1663,243,1043,787,333,234,1,-1,-1,-1
1664,243,1078,792,354,247,1,-1,-1,-1
1665,243,1118,796,384,257,1,-1,-1,-1
1666,243,1164,801,423,270,1,-1,-1,-1
1667,243,1210,803,461,287,1,-1,-1,-1
1668,243,1263,808,503,307,1,-1,-1,-1
1669,243,1329,812,558,335,1,-1,-1,-1
1670,243,1399,818,619,367,1,-1,-1,-1
1671,243,1485,823,687,404,1,-1,-1,-1
1672,243,1598,832,771,447,1,-1,-1,-1
1673,243,1686,843,818,497,1,-1,-1,-1
1784,244,611,766,143,118,1,-1,-1,-1
1785,244,618,765,145,120,1,-1,-1,-1
1792,245,682,762,169,128,1,-1,-1,-1
1793,245,692,765,171,129,1,-1,-1,-1
1794,245,698,766,177,132,1,-1,-1,-1
1795,245,703,763,186,135,1,-1,-1,-1
1796,245,710,764,192,139,1,-1,-1,-1
1797,245,716,764,196,142,1,-1,-1,-1
1798,245,730,764,194,145,1,-1,-1,-1
1799,245,743,766,195,147,1,-1,-1,-1
1800,245,756,767,197,151,1,-1,-1,-1
1801,245,768,769,199,156,1,-1,-1,-1
1802,245,779,767,200,160,1,-1,-1,-1
1803,245,791,768,203,165,1,-1,-1,-1
1804,245,804,768,206,169,1,-1,-1,-1
1805,245,815,770,212,176,1,-1,-1,-1
1806,245,830,771,217,180,1,-1,-1,-1
1807,245,843,770,223,185,1,-1,-1,-1
1808,245,857,771,229,190,1,-1,-1,-1
1809,245,870,773,235,195,1,-1,-1,-1
1810,245,886,775,247,202,1,-1,-1,-1
1811,245,906,778,260,209,1,-1,-1,-1
1812,245,925,780,272,217,1,-1,-1,-1
1813,245,947,782,287,226,1,-1,-1,-1
1814,245,971,785,301,236,1,-1,-1,-1
1815,245,999,787,320,247,1,-1,-1,-1
1816,245,1025,790,341,261,1,-1,-1,-1
1817,245,1056,794,367,273,1,-1,-1,-1
1818,245,1088,797,391,289,1,-1,-1,-1
1819,245,1131,798,424,307,1,-1,-1,-1
1820,245,1187,805,471,330,1,-1,-1,-1
1821,245,1242,806,525,355,1,-1,-1,-1
1822,245,1306,816,576,384,1,-1,-1,-1
1823,245,1391,818,631,421,1,-1,-1,-1
1824,245,1484,830,703,472,1,-1,-1,-1
1825,245,1589,842,802,530,1,-1,-1,-1
1826,245,1676,861,842,588,1,-1,-1,-1
2129,246,1805,583,674,373,1,-1,-1,-1
2130,246,1735,585,666,361,1,-1,-1,-1
2131,246,1676,585,647,348,1,-1,-1,-1
2132,246,1617,593,623,336,1,-1,-1,-1
2133,246,1567,596,590,323,1,-1,-1,-1
2134,246,1523,602,560,310,1,-1,-1,-1
2135,246,1481,607,529,296,1,-1,-1,-1
2136,246,1452,611,493,279,1,-1,-1,-1
2137,246,1427,619,454,263,1,-1,-1,-1
2138,246,1398,624,424,249,1,-1,-1,-1
2139,246,1371,632,395,236,1,-1,-1,-1
2140,246,1346,637,369,225,1,-1,-1,-1
2141,246,1327,644,344,215,1,-1,-1,-1
2142,246,1305,650,325,205,1,-1,-1,-1
2143,246,1278,654,307,197,1,-1,-1,-1
2144,246,1263,659,291,190,1,-1,-1,-1
2145,246,1244,662,272,182,1,-1,-1,-1
2146,246,1224,663,259,175,1,-1,-1,-1
2147,246,1205,668,247,169,1,-1,-1,-1
2148,246,1185,672,233,163,1,-1,-1,-1
2149,246,1170,674,225,159,1,-1,-1,-1
2150,246,1153,676,216,157,1,-1,-1,-1
2151,246,1134,678,207,154,1,-1,-1,-1
2152,246,1120,679,197,149,1,-1,-1,-1
2153,246,1104,682,189,145,1,-1,-1,-1
2154,246,1091,684,185,144,1,-1,-1,-1
2155,246,1078,682,181,142,1,-1,-1,-1
2156,246,1067,683,176,139,1,-1,-1,-1
2157,246,1056,687,172,136,1,-1,-1,-1
2158,246,1045,693,167,130,1,-1,-1,-1
2159,246,1032,697,162,127,1,-1,-1,-1
2160,246,1021,699,158,122,1,-1,-1,-1
2161,246,1010,701,152,118,1,-1,-1,-1
2162,246,996,705,149,114,1,-1,-1,-1
2163,246,985,706,146,110,1,-1,-1,-1
2164,246,974,708,141,107,1,-1,-1,-1
2165,246,960,713,136,103,1,-1,-1,-1
2166,246,946,714,132,102,1,-1,-1,-1
2167,246,936,713,130,102,1,-1,-1,-1
2168,246,922,716,128,100,1,-1,-1,-1
2169,246,915,715,126,99,1,-1,-1,-1
2170,246,902,717,123,97,1,-1,-1,-1
2171,246,893,719,121,95,1,-1,-1,-1
2172,246,884,721,118,93,1,-1,-1,-1
2176,247,825,713,153,122,1,-1,-1,-1
2177,247,816,711,151,122,1,-1,-1,-1
2178,247,807,714,150,121,1,-1,-1,-1
2179,247,797,718,148,118,1,-1,-1,-1
2180,247,789,720,147,117,1,-1,-1,-1
2181,247,781,722,147,115,1,-1,-1,-1
2182,247,771,724,145,112,1,-1,-1,-1
2183,247,765,725,141,110,1,-1,-1,-1
2184,247,758,726,137,108,1,-1,-1,-1
2185,247,752,727,135,107,1,-1,-1,-1
2186,247,744,730,132,104,1,-1,-1,-1
2187,247,734,732,132,102,1,-1,-1,-1
2188,247,729,732,131,101,1,-1,-1,-1
2189,247,720,734,132,99,1,-1,-1,-1
2269,249,687,775,180,134,1,-1,-1,-1
2270,249,694,774,186,137,1,-1,-1,-1
2271,249,700,776,192,140,1,-1,-1,-1
2272,249,706,778,196,144,1,-1,-1,-1
2273,249,720,779,195,145,1,-1,-1,-1
2274,249,736,780,193,146,1,-1,-1,-1
2275,249,754,782,195,148,1,-1,-1,-1
2276,249,766,783,198,151,1,-1,-1,-1
2277,249,776,786,197,153,1,-1,-1,-1
2278,249,787,788,198,156,1,-1,-1,-1
2279,249,800,791,198,159,1,-1,-1,-1
2280,249,813,796,200,163,1,-1,-1,-1
2281,249,826,799,204,167,1,-1,-1,-1
2282,249,839,801,210,173,1,-1,-1,-1
2283,249,851,803,216,178,1,-1,-1,-1
2284,249,863,804,223,185,1,-1,-1,-1
2285,249,881,806,228,189,1,-1,-1,-1
2286,249,901,809,235,195,1,-1,-1,-1
2287,249,919,812,245,203,1,-1,-1,-1
2288,249,943,818,254,211,1,-1,-1,-1
2289,249,966,826,266,220,1,-1,-1,-1
2290,249,991,833,283,232,1,-1,-1,-1
2291,249,1019,837,308,247,1,-1,-1,-1
2292,249,1053,844,335,258,1,-1,-1,-1
2293,249,1085,851,366,276,1,-1,-1,-1
2294,249,1128,859,400,294,1,-1,-1,-1
2295,249,1174,870,445,316,1,-1,-1,-1
2296,249,1232,875,490,342,1,-1,-1,-1
2297,249,1304,891,543,367,1,-1,-1,-1
2298,249,1382,902,606,404,1,-1,-1,-1
2299,249,1483,916,688,453,1,-1,-1,-1
2300,249,1611,949,786,501,1,-1,-1,-1
2301,249,1684,959,831,547,1,-1,-1,-1
2366,250,1443,658,516,249,1,-1,-1,-1
2367,250,1398,669,448,225,1,-1,-1,-1
2368,250,1358,676,391,204,1,-1,-1,-1
2369,250,1328,684,339,185,1,-1,-1,-1
2370,251,594,765,146,119,1,-1,-1,-1
2370,250,1294,691,299,169,1,-1,-1,-1
2371,251,598,765,147,121,1,-1,-1,-1
2371,250,1269,701,268,154,1,-1,-1,-1
2372,251,606,767,144,119,1,-1,-1,-1
2372,250,1240,706,241,143,1,-1,-1,-1
2373,251,612,769,140,116,1,-1,-1,-1
2374,251,618,770,138,114,1,-1,-1,-1
2376,252,1142,690,245,166,1,-1,-1,-1
2377,252,1119,691,237,162,1,-1,-1,-1
2378,252,1100,694,225,156,1,-1,-1,-1
2378,251,655,764,143,116,1,-1,-1,-1
2379,252,1086,696,214,150,1,-1,-1,-1
2379,251,660,764,148,118,1,-1,-1,-1
2380,252,1072,697,207,145,1,-1,-1,-1
2380,251,668,764,151,119,1,-1,-1,-1
2381,252,1056,699,200,141,1,-1,-1,-1
2381,251,676,765,157,120,1,-1,-1,-1
2382,252,1038,701,193,137,1,-1,-1,-1
2382,251,685,765,161,123,1,-1,-1,-1
2383,252,1017,706,185,130,1,-1,-1,-1
2383,251,692,764,164,123,1,-1,-1,-1
2384,252,1004,708,178,126,1,-1,-1,-1
2384,251,698,765,168,125,1,-1,-1,-1
2385,252,991,710,174,122,1,-1,-1,-1
2385,251,706,769,173,127,1,-1,-1,-1
2386,252,973,712,169,117,1,-1,-1,-1
2386,251,714,769,175,129,1,-1,-1,-1
2387,252,962,712,166,116,1,-1,-1,-1
2387,251,720,768,178,132,1,-1,-1,-1
2388,252,948,715,161,112,1,-1,-1,-1
2388,251,730,767,181,134,1,-1,-1,-1
2389,252,938,716,158,110,1,-1,-1,-1
2389,251,740,767,183,137,1,-1,-1,-1
2390,252,927,717,155,108,1,-1,-1,-1
2390,251,751,767,183,139,1,-1,-1,-1
2391,252,914,716,152,108,1,-1,-1,-1
2391,251,761,768,186,143,1,-1,-1,-1
2392,252,905,718,147,107,1,-1,-1,-1
2392,251,770,768,190,147,1,-1,-1,-1
2393,251,778,770,193,151,1,-1,-1,-1
2394,251,788,770,193,154,1,-1,-1,-1
2395,251,799,770,196,157,1,-1,-1,-1
2396,251,810,767,200,161,1,-1,-1,-1
2397,251,820,767,203,166,1,-1,-1,-1
2398,251,831,766,207,170,1,-1,-1,-1
2399,251,844,770,212,173,1,-1,-1,-1
2400,251,853,772,217,176,1,-1,-1,-1
2401,251,864,774,222,181,1,-1,-1,-1
2402,251,875,776,225,185,1,-1,-1,-1
2403,251,888,776,232,189,1,-1,-1,-1
2404,251,906,778,238,194,1,-1,-1,-1
2405,251,924,781,248,198,1,-1,-1,-1
2406,251,939,783,258,203,1,-1,-1,-1
2407,251,954,787,271,210,1,-1,-1,-1
2408,251,973,791,285,219,1,-1,-1,-1
2409,251,994,795,298,228,1,-1,-1,-1
2410,251,1018,799,314,239,1,-1,-1,-1
