541,0,1264.4757080078125,154.76568603515625,246.540771484375,115.91311645507812,0.056633878499269485,-1,-1,-1
542,0,1255.7977294921875,154.87899780273438,248.195556640625,117.11227416992188,0.07556801289319992,-1,-1,-1
543,0,1246.045166015625,156.7098846435547,251.3638916015625,116.07786560058594,0.053353745490312576,-1,-1,-1
544,0,1237.882080078125,157.46966552734375,249.58740234375,116.67648315429688,0.06202370673418045,-1,-1,-1
545,0,1222.667236328125,157.58023071289062,251.0633544921875,116.80093383789062,0.054118622094392776,-1,-1,-1
546,0,1213.75830078125,159.63104248046875,249.437255859375,117.52645874023438,0.08359234780073166,-1,-1,-1
547,0,1201.582275390625,160.06808471679688,250.258544921875,119.24591064453125,0.0918753519654274,-1,-1,-1
548,0,1190.798828125,159.29721069335938,249.5987548828125,119.69580078125,0.12678852677345276,-1,-1,-1
549,0,1171.810302734375,160.9783477783203,255.4600830078125,119.61659240722656,0.08609340339899063,-1,-1,-1
597,1,340.547119140625,783.780517578125,391.1339111328125,295.3385009765625,0.054991066455841064,-1,-1,-1
601,2,217.04449462890625,902.4710693359375,434.4866943359375,176.7943115234375,0.060882147401571274,-1,-1,-1
603,3,555.066650390625,50.85335159301758,71.7476806640625,34.55067825317383,0.051919613033533096,-1,-1,-1
604,3,558.5599975585938,36.342201232910156,83.601318359375,46.611732482910156,0.05712302029132843,-1,-1,-1
605,3,558.71044921875,37.19589614868164,103.2559814453125,48.31473922729492,0.09209933131933212,-1,-1,-1
615,4,747.4866333007812,40.6442756652832,95.72174072265625,48.3072624206543,0.051392897963523865,-1,-1,-1
616,4,766.1386108398438,44.2098274230957,96.3944091796875,45.440555572509766,0.10215716063976288,-1,-1,-1
617,4,784.2031860351562,46.86716079711914,94.67657470703125,44.01174545288086,0.10475839674472809,-1,-1,-1
618,4,804.9310302734375,48.61427307128906,96.0430908203125,44.425537109375,0.09626694768667221,-1,-1,-1
619,4,822.0571899414062,50.5416374206543,98.83697509765625,45.18483352661133,0.10168597102165222,-1,-1,-1
620,4,836.607177734375,48.8377799987793,101.81121826171875,46.83791732788086,0.063364177942276,-1,-1,-1
623,5,555.41845703125,49.1974983215332,71.62139892578125,34.67902755737305,0.058257076889276505,-1,-1,-1
624,5,553.879150390625,44.931705474853516,81.48089599609375,41.282711029052734,0.05457111448049545,-1,-1,-1
624,6,919.223388671875,53.16409683227539,101.065185546875,47.137752532958984,0.05398736521601677,-1,-1,-1
625,5,564.1563110351562,46.53390121459961,105.6719970703125,42.2917594909668,0.08072752505540848,-1,-1,-1
625,6,933.8448486328125,50.624298095703125,97.072265625,50.477630615234375,0.07421013712882996,-1,-1,-1
626,6,952.4984130859375,54.04961013793945,92.32177734375,47.00413131713867,0.06904306262731552,-1,-1,-1
627,6,980.169677734375,54.843929290771484,96.189208984375,44.32133865356445,0.06771008670330048,-1,-1,-1
627,7,608.1583251953125,49.23880386352539,103.3809814453125,39.050418853759766,0.05499838665127754,-1,-1,-1
628,6,998.3692626953125,52.19957733154297,85.6893310546875,47.58348846435547,0.08043254166841507,-1,-1,-1
628,7,627.3704223632812,50.52558135986328,102.00994873046875,38.53636169433594,0.06772952526807785,-1,-1,-1
629,6,1018.0089111328125,55.020050048828125,74.5460205078125,45.077796936035156,0.10063201934099197,-1,-1,-1
629,7,650.4462890625,51.02850341796875,100.526611328125,37.218666076660156,0.08896735310554504,-1,-1,-1
630,7,671.602294921875,52.430912017822266,99.64215087890625,36.81338882446289,0.06281131505966187,-1,-1,-1
631,7,685.7981567382812,52.64194869995117,103.2410888671875,37.28183364868164,0.08711563795804977,-1,-1,-1
632,7,711.3416748046875,51.73152160644531,98.1033935546875,38.58153533935547,0.053356971591711044,-1,-1,-1
634,8,752.468505859375,54.907005310058594,98.7965087890625,36.03905487060547,0.07080283761024475,-1,-1,-1
635,8,772.1256713867188,54.647605895996094,92.686767578125,35.58595275878906,0.09126885235309601,-1,-1,-1
636,8,793.2584228515625,55.510719299316406,86.68133544921875,34.98548126220703,0.14081497490406036,-1,-1,-1
637,8,812.2276000976562,55.383544921875,97.733154296875,38.38574981689453,0.10571880638599396,-1,-1,-1
638,8,831.7589111328125,57.725242614746094,97.66033935546875,39.497314453125,0.0805925503373146,-1,-1,-1
639,8,847.1590576171875,59.30996322631836,97.72332763671875,38.65732955932617,0.051057372242212296,-1,-1,-1
641,9,893.4342041015625,62.90032196044922,82.02337646484375,34.92552185058594,0.06370717287063599,-1,-1,-1
643,10,925.8593139648438,61.77558135986328,103.50811767578125,40.68238830566406,0.06097105145454407,-1,-1,-1
644,10,945.016357421875,62.233375549316406,91.7821044921875,37.527000427246094,0.07074281573295593,-1,-1,-1
645,11,970.6212158203125,52.91166305541992,94.8084716796875,46.02800369262695,0.07674358040094376,-1,-1,-1
646,11,995.8768310546875,58.2760124206543,68.911376953125,40.53390884399414,0.06837232410907745,-1,-1,-1
647,11,1009.8899536132812,58.83362579345703,76.59808349609375,40.446266174316406,0.09689686447381973,-1,-1,-1
678,12,964.9346923828125,51.40503692626953,93.6865234375,47.396644592285156,0.07519969344139099,-1,-1,-1
680,13,789.3954467773438,44.76416778564453,87.36126708984375,42.03977966308594,0.05106407776474953,-1,-1,-1
685,14,650.67529296875,36.04060363769531,86.2845458984375,46.03861999511719,0.051468491554260254,-1,-1,-1
687,15,603.72021484375,33.73711395263672,95.02691650390625,45.50419616699219,0.050975024700164795,-1,-1,-1
688,15,581.693115234375,33.19028854370117,86.08685302734375,45.786128997802734,0.05663200467824936,-1,-1,-1
689,15,560.0496215820312,30.710590362548828,84.2757568359375,47.333309173583984,0.05333596095442772,-1,-1,-1
690,15,554.494384765625,31.296024322509766,68.981689453125,46.171443939208984,0.05495971068739891,-1,-1,-1
697,16,877.6421508789062,938.41748046875,577.5703735351562,141.58251953125,0.07832837104797363,-1,-1,-1
698,16,894.0075073242188,920.7425537109375,558.6019897460938,159.158935546875,0.12460972368717194,-1,-1,-1
699,16,916.5341796875,899.3309326171875,529.804443359375,180.6690673828125,0.06677016615867615,-1,-1,-1
700,16,941.903076171875,872.1157836914062,508.8441162109375,207.88421630859375,0.05781375244259834,-1,-1,-1
709,17,1008.8969116210938,692.46484375,412.27032470703125,384.9248046875,0.05458058416843414,-1,-1,-1
713,17,988.4027709960938,629.2974243164062,413.63458251953125,378.423828125,0.05046463385224342,-1,-1,-1
715,17,995.637451171875,597.830078125,394.0682373046875,357.6671142578125,0.05003860965371132,-1,-1,-1
769,18,552.1349487304688,43.43409729003906,90.28082275390625,38.301612854003906,0.08439323306083679,-1,-1,-1
770,18,557.1544799804688,43.678951263427734,101.3162841796875,38.054500579833984,0.09657739102840424,-1,-1,-1
771,18,573.0859375,45.608184814453125,102.16015625,38.62725830078125,0.09868545830249786,-1,-1,-1
772,18,592.966552734375,42.76645278930664,107.00482177734375,41.06319808959961,0.06634048372507095,-1,-1,-1
774,18,622.4054565429688,43.2351188659668,103.28997802734375,40.1838493347168,0.056719303131103516,-1,-1,-1
782,19,754.187255859375,52.97373580932617,102.3819580078125,37.07101821899414,0.05403465777635574,-1,-1,-1
783,19,770.913330078125,53.45026779174805,97.86236572265625,36.43936538696289,0.06760021299123764,-1,-1,-1
784,19,785.9486083984375,53.8707160949707,96.3529052734375,36.50710678100586,0.0748576894402504,-1,-1,-1
785,19,804.1458740234375,54.714229583740234,99.13275146484375,37.70060348510742,0.09886015206575394,-1,-1,-1
786,19,819.3551025390625,56.610836029052734,99.48455810546875,39.012874603271484,0.06489675492048264,-1,-1,-1
787,19,835.441162109375,55.43996810913086,102.3399658203125,42.1634407043457,0.051397524774074554,-1,-1,-1
792,20,918.6224365234375,47.77344512939453,115.3701171875,52.069602966308594,0.07691451162099838,-1,-1,-1
793,20,937.5195922851562,60.176116943359375,95.60638427734375,39.94115447998047,0.11198310554027557,-1,-1,-1
793,21,962.2142333984375,55.63176345825195,111.3741455078125,44.317623138427734,0.05895640701055527,-1,-1,-1
794,21,958.5363159179688,59.577369689941406,103.54400634765625,39.234901428222656,0.10099340230226517,-1,-1,-1
795,21,971.0689697265625,51.63045883178711,99.359375,48.974117279052734,0.11393213272094727,-1,-1,-1
796,21,980.5626831054688,54.979766845703125,91.34857177734375,43.43425750732422,0.09539706259965897,-1,-1,-1
796,22,967.5541381835938,65.76412963867188,73.07159423828125,32.547760009765625,0.06543947756290436,-1,-1,-1
797,21,1005.7111206054688,64.12799835205078,66.63861083984375,35.3359375,0.10316649824380875,-1,-1,-1
823,23,0.0,248.5157470703125,115.76652526855469,174.10720825195312,0.09896061569452286,-1,-1,-1
824,23,0.08196201920509338,240.9130401611328,133.37359619140625,184.8123016357422,0.06899551302194595,-1,-1,-1
825,23,0.0,234.96759033203125,148.1131591796875,189.97515869140625,0.0926976427435875,-1,-1,-1
826,23,0.2716114819049835,233.47145080566406,165.90701293945312,194.86485290527344,0.14410394430160522,-1,-1,-1
827,23,0.0,229.62493896484375,182.73341369628906,202.90374755859375,0.2037985622882843,-1,-1,-1
828,23,0.0,228.65673828125,201.57040405273438,202.4219970703125,0.13149821758270264,-1,-1,-1
829,23,0.0,227.22030639648438,218.70742797851562,208.3458251953125,0.08869179338216782,-1,-1,-1
830,23,0.0,230.9852752685547,227.8386993408203,206.4818572998047,0.07808070629835129,-1,-1,-1
831,23,0.0,227.1257781982422,249.07606506347656,212.35487365722656,0.09692218899726868,-1,-1,-1
832,23,0.5073985457420349,230.8210906982422,263.52197265625,211.8832550048828,0.12193203717470169,-1,-1,-1
833,23,0.004109913948923349,227.0720672607422,277.9157409667969,217.15895080566406,0.12003438919782639,-1,-1,-1
834,23,0.0,228.05203247070312,301.8878173828125,217.85299682617188,0.14460259675979614,-1,-1,-1
835,23,0.0,229.92051696777344,313.8802795410156,219.1138153076172,0.15724103152751923,-1,-1,-1
836,23,0.0,229.79641723632812,326.2657470703125,222.37713623046875,0.12826447188854218,-1,-1,-1
837,23,0.8688732385635376,231.1582794189453,354.3471374511719,222.9019012451172,0.11349180340766907,-1,-1,-1
838,23,0.9645441174507141,235.354248046875,365.9076843261719,218.70736694335938,0.09655898064374924,-1,-1,-1
839,23,0.04747280478477478,236.89988708496094,383.1365966796875,219.32579040527344,0.06906978040933609,-1,-1,-1
840,23,2.3131344318389893,237.2798309326172,403.5998229980469,217.6230010986328,0.09641482681035995,-1,-1,-1
841,23,1.2558754682540894,238.89015197753906,421.47344970703125,219.82456970214844,0.09350907802581787,-1,-1,-1
842,23,0.0,240.29046630859375,445.89862060546875,224.74526977539062,0.12037687748670578,-1,-1,-1
843,23,0.0,242.66468811035156,456.03045654296875,225.13194274902344,0.16387435793876648,-1,-1,-1
844,23,2.319661855697632,244.6148223876953,475.29486083984375,224.5007781982422,0.17234712839126587,-1,-1,-1
845,23,2.5938832759857178,245.668212890625,494.3429260253906,224.76065063476562,0.13421981036663055,-1,-1,-1
846,23,17.85531234741211,244.4928741455078,496.2983093261719,227.54527282714844,0.12443383038043976,-1,-1,-1
847,23,44.42744827270508,249.810791015625,496.2461853027344,225.4417724609375,0.10141319036483765,-1,-1,-1
848,23,57.2279167175293,254.31764221191406,485.67840576171875,225.1671905517578,0.10081352293491364,-1,-1,-1
849,23,77.64665222167969,254.415771484375,483.67755126953125,224.6922607421875,0.08053421974182129,-1,-1,-1
850,23,98.92569732666016,255.5297393798828,490.2516174316406,221.0821075439453,0.06087040528655052,-1,-1,-1
865,24,413.2120361328125,287.4480285644531,405.34307861328125,239.18161010742188,0.05346037819981575,-1,-1,-1
871,24,503.2716064453125,307.35858154296875,364.36773681640625,239.72906494140625,0.054028112441301346,-1,-1,-1
872,24,514.3189697265625,309.38360595703125,357.6051025390625,243.10260009765625,0.0540921650826931,-1,-1,-1
875,24,551.7642822265625,315.7428283691406,335.23193359375,250.55612182617188,0.0595916323363781,-1,-1,-1
876,24,563.0311889648438,317.8154602050781,329.8067626953125,252.25381469726562,0.07057628035545349,-1,-1,-1
877,24,565.9655151367188,317.9256591796875,327.57061767578125,253.18048095703125,0.07244835048913956,-1,-1,-1
878,24,579.4705810546875,321.9703063964844,319.0323486328125,255.74862670898438,0.06647112220525742,-1,-1,-1
879,24,588.493896484375,325.7845458984375,314.79144287109375,254.5357666015625,0.058629583567380905,-1,-1,-1
880,24,596.7750854492188,330.69635009765625,312.3360595703125,253.179931640625,0.06466260552406311,-1,-1,-1
881,24,603.7811279296875,335.1888122558594,312.37896728515625,253.25930786132812,0.06636089831590652,-1,-1,-1
896,25,643.0538940429688,402.93890380859375,329.13031005859375,291.1876220703125,0.06018607318401337,-1,-1,-1
897,25,636.01708984375,405.049072265625,336.91851806640625,297.47955322265625,0.08871892839670181,-1,-1,-1
898,25,633.4057006835938,411.97186279296875,341.8157958984375,299.23468017578125,0.07609757035970688,-1,-1,-1
899,25,631.2652587890625,419.3163757324219,345.33203125,299.5484313964844,0.07617343962192535,-1,-1,-1
900,25,627.356689453125,422.78289794921875,343.7742919921875,303.15753173828125,0.06177905946969986,-1,-1,-1
901,25,625.8651733398438,426.6134338378906,346.76580810546875,310.2154846191406,0.056982919573783875,-1,-1,-1
902,25,622.35009765625,435.2561950683594,352.5938720703125,310.1037902832031,0.07029521465301514,-1,-1,-1
907,26,554.4686279296875,39.66831970214844,86.2281494140625,44.59437561035156,0.05776156857609749,-1,-1,-1
908,26,554.2296752929688,37.77216720581055,104.20782470703125,46.40645980834961,0.08391068875789642,-1,-1,-1
909,26,570.19482421875,39.0012321472168,102.712646484375,45.40481948852539,0.08031761646270752,-1,-1,-1
910,26,588.7079467773438,37.11327362060547,103.636962890625,44.81034851074219,0.08226525038480759,-1,-1,-1
911,26,604.2681274414062,38.65149688720703,98.77642822265625,45.84180450439453,0.05501943826675415,-1,-1,-1
912,26,621.5769653320312,40.08538818359375,99.89910888671875,44.51872253417969,0.05646096542477608,-1,-1,-1
913,26,635.8648071289062,40.90987014770508,103.1878662109375,43.44759750366211,0.05149800330400467,-1,-1,-1
915,27,527.66552734375,541.1448364257812,402.4776611328125,365.28411865234375,0.05907706171274185,-1,-1,-1
916,27,516.5394897460938,551.2999267578125,408.022216796875,373.64190673828125,0.0662451833486557,-1,-1,-1
917,27,509.0325927734375,567.5530395507812,409.3043212890625,373.34478759765625,0.06732864677906036,-1,-1,-1
918,27,497.47174072265625,574.841796875,415.71002197265625,379.945556640625,0.0740269124507904,-1,-1,-1
921,28,769.49365234375,44.74808120727539,96.68487548828125,49.90012741088867,0.05221305042505264,-1,-1,-1
923,28,798.431396484375,45.51729202270508,104.36138916015625,48.95962142944336,0.06155925616621971,-1,-1,-1
923,29,434.0909729003906,637.4185791015625,446.8324279785156,402.178955078125,0.051031436771154404,-1,-1,-1
924,29,418.9197998046875,654.913330078125,454.669189453125,398.696533203125,0.07632632553577423,-1,-1,-1
924,28,811.5496826171875,48.34265899658203,108.31170654296875,46.32183074951172,0.07047514617443085,-1,-1,-1
925,28,833.8067016601562,51.4177131652832,101.275146484375,44.00564956665039,0.06172339990735054,-1,-1,-1
925,29,400.9844970703125,667.2060546875,457.38323974609375,400.6376953125,0.060601018369197845,-1,-1,-1
926,29,385.7746887207031,676.0438232421875,463.4974670410156,401.540771484375,0.07506753504276276,-1,-1,-1
926,28,853.9866943359375,48.63933181762695,93.486083984375,49.09199142456055,0.05143645778298378,-1,-1,-1
927,29,371.5104675292969,690.1627197265625,470.1165466308594,388.3634033203125,0.08801433444023132,-1,-1,-1
928,29,351.3868408203125,700.8256225585938,480.229736328125,379.17437744140625,0.07671378552913666,-1,-1,-1
929,29,333.6487121582031,717.7987060546875,488.4978332519531,362.2012939453125,0.07177768647670746,-1,-1,-1
930,29,318.20489501953125,732.0324096679688,494.7835693359375,347.96759033203125,0.08294691890478134,-1,-1,-1
930,30,919.4679565429688,54.6054573059082,109.13653564453125,44.71481704711914,0.05841711536049843,-1,-1,-1
931,29,292.74798583984375,748.7161865234375,508.5321044921875,331.2838134765625,0.14095385372638702,-1,-1,-1
931,30,931.7045288085938,51.80425262451172,103.07891845703125,47.962310791015625,0.0958772674202919,-1,-1,-1
931,31,963.3538818359375,55.04380798339844,111.211669921875,43.609535217285156,0.053703032433986664,-1,-1,-1
932,29,276.1137390136719,765.71728515625,507.4479675292969,314.28271484375,0.1494598686695099,-1,-1,-1
932,30,946.688232421875,54.2805061340332,101.9215087890625,44.59214401245117,0.10228719562292099,-1,-1,-1
933,29,246.66452026367188,779.4852905273438,522.6700439453125,300.51470947265625,0.15629000961780548,-1,-1,-1
933,30,957.0918579101562,52.78092575073242,110.54107666015625,46.473026275634766,0.12572406232357025,-1,-1,-1
934,29,227.0086212158203,797.2697143554688,531.33544921875,282.73028564453125,0.10432858020067215,-1,-1,-1
934,30,980.6390380859375,52.765228271484375,89.8048095703125,44.929115295410156,0.0645613744854927,-1,-1,-1
935,30,998.8550415039062,51.53057098388672,86.55438232421875,46.61436462402344,0.09087062627077103,-1,-1,-1
936,32,174.26914978027344,831.3451538085938,548.6531982421875,248.04827880859375,0.0815872922539711,-1,-1,-1
937,32,147.82131958007812,855.1563110351562,562.1304931640625,223.99993896484375,0.1331346035003662,-1,-1,-1
938,32,121.77339172363281,875.1380615234375,567.493408203125,204.1632080078125,0.1582074612379074,-1,-1,-1
939,32,132.7665557861328,900.9921264648438,543.1653442382812,179.00787353515625,0.13073575496673584,-1,-1,-1
940,32,140.31716918945312,916.5607299804688,512.1865234375,157.01763916015625,0.18625444173812866,-1,-1,-1
941,32,118.38570404052734,929.643798828125,518.916259765625,142.4132080078125,0.12833228707313538,-1,-1,-1
942,33,986.9146728515625,70.90161895751953,83.9342041015625,32.15516662597656,0.11314895004034042,-1,-1,-1
942,34,968.7756958007812,68.95327758789062,77.31317138671875,30.1529541015625,0.057446397840976715,-1,-1,-1
943,34,962.2114868164062,59.37553405761719,101.93365478515625,42.155540466308594,0.09502201527357101,-1,-1,-1
943,35,97.2314453125,987.4640502929688,489.42022705078125,92.53594970703125,0.08305127918720245,-1,-1,-1
943,33,972.3975219726562,72.02223205566406,76.38299560546875,32.8182373046875,0.062302350997924805,-1,-1,-1
944,34,962.9285888671875,54.196197509765625,99.9266357421875,46.338714599609375,0.1164296343922615,-1,-1,-1
944,35,70.84054565429688,1014.7762451171875,481.0409851074219,65.2237548828125,0.06714912503957748,-1,-1,-1
945,34,962.765380859375,58.33744430541992,101.12109375,41.81698226928711,0.13285037875175476,-1,-1,-1
946,34,933.7216186523438,57.84129333496094,120.05828857421875,45.387351989746094,0.104268379509449,-1,-1,-1
947,34,912.81884765625,60.22831726074219,98.44927978515625,40.91840362548828,0.0579640157520771,-1,-1,-1
948,34,891.3303833007812,52.80767822265625,99.5909423828125,46.153114318847656,0.06738181412220001,-1,-1,-1
950,36,849.5722045898438,56.83428192138672,102.3121337890625,40.576332092285156,0.06307758390903473,-1,-1,-1
951,36,826.5001220703125,56.19879913330078,113.5975341796875,43.268035888671875,0.10192114114761353,-1,-1,-1
952,36,816.4804077148438,55.23530578613281,102.213134765625,36.22679901123047,0.09860284626483917,-1,-1,-1
953,36,797.6751098632812,54.542423248291016,101.48291015625,37.24006271362305,0.08633716404438019,-1,-1,-1
954,36,777.7786254882812,53.338531494140625,103.5810546875,35.74748992919922,0.10850736498832703,-1,-1,-1
955,36,757.489501953125,50.65224075317383,104.05145263671875,38.80405807495117,0.10713203251361847,-1,-1,-1
956,36,741.8187255859375,49.75521469116211,102.60003662109375,38.522891998291016,0.08582627028226852,-1,-1,-1
957,36,721.9080200195312,48.507240295410156,103.0506591796875,37.50077819824219,0.06603775918483734,-1,-1,-1
958,36,693.0697631835938,47.155792236328125,112.966796875,38.427490234375,0.0723421648144722,-1,-1,-1
959,36,685.796630859375,44.01381301879883,102.9478759765625,41.28530502319336,0.059144772589206696,-1,-1,-1
975,37,1002.4588012695312,57.15427780151367,92.65277099609375,42.73463821411133,0.08836491405963898,-1,-1,-1
975,38,1005.5654296875,71.3443603515625,65.936767578125,30.298316955566406,0.08150893449783325,-1,-1,-1
975,39,963.753662109375,56.73366928100586,103.649658203125,42.63064193725586,0.0568649098277092,-1,-1,-1
976,37,997.3060302734375,52.09907150268555,85.0157470703125,46.67350387573242,0.10366006940603256,-1,-1,-1
976,39,978.803955078125,60.96214294433594,77.80615234375,37.337646484375,0.060664404183626175,-1,-1,-1
977,37,981.84619140625,54.98947525024414,95.749267578125,43.05911636352539,0.11836026608943939,-1,-1,-1
978,37,954.0590209960938,56.13882064819336,112.16558837890625,44.63486099243164,0.12700526416301727,-1,-1,-1
979,40,930.3720092773438,59.47207260131836,82.57244873046875,37.075740814208984,0.06940941512584686,-1,-1,-1
979,37,961.6234741210938,50.59916687011719,117.87322998046875,39.629310607910156,0.06327632069587708,-1,-1,-1
984,41,826.7526245117188,52.63113784790039,87.70703125,40.2061653137207,0.05826939642429352,-1,-1,-1
985,41,807.8179321289062,52.12174606323242,87.39617919921875,39.54433059692383,0.07009382545948029,-1,-1,-1
986,41,786.9387817382812,50.55960464477539,94.78924560546875,38.026187896728516,0.07908032834529877,-1,-1,-1
987,41,769.141845703125,49.062339782714844,87.9661865234375,38.04619598388672,0.057558927685022354,-1,-1,-1
997,42,567.4144287109375,35.93579864501953,82.6617431640625,44.37867736816406,0.05474798381328583,-1,-1,-1
998,42,558.9134521484375,37.015296936035156,70.08123779296875,42.93671417236328,0.05711895227432251,-1,-1,-1
1021,43,746.6287841796875,48.50078582763672,99.49896240234375,47.80079650878906,0.05984661355614662,-1,-1,-1
1022,43,754.6739501953125,47.47399139404297,101.72613525390625,49.425514221191406,0.07532359659671783,-1,-1,-1
1023,43,762.2100830078125,48.604923248291016,99.2943115234375,48.27341079711914,0.06630448251962662,-1,-1,-1
1024,43,767.9512939453125,48.517669677734375,103.03375244140625,48.36968231201172,0.07882744073867798,-1,-1,-1
1025,43,795.9578247070312,47.668338775634766,106.92523193359375,49.04989242553711,0.09471974521875381,-1,-1,-1
1028,44,938.9110717773438,56.53069305419922,113.37384033203125,45.35076904296875,0.06964491307735443,-1,-1,-1
1028,45,981.6823120117188,56.39345169067383,108.06512451171875,43.58967208862305,0.05313532054424286,-1,-1,-1
1029,45,971.6658935546875,55.21775817871094,97.4871826171875,44.37743377685547,0.10363730043172836,-1,-1,-1
1031,46,556.7178344726562,48.13067626953125,92.913818359375,35.01587677001953,0.05006231367588043,-1,-1,-1
1032,47,605.0765380859375,46.76487731933594,97.85040283203125,39.591552734375,0.09462834149599075,-1,-1,-1
1033,48,640.1874389648438,47.2116584777832,90.296142578125,40.80418014526367,0.12047861516475677,-1,-1,-1
1034,48,656.073486328125,48.60712814331055,89.13665771484375,38.8585090637207,0.11875159293413162,-1,-1,-1
1035,48,675.7590942382812,49.028690338134766,87.682373046875,38.99094772338867,0.12452136725187302,-1,-1,-1
1036,48,686.1905517578125,50.37565612792969,92.69091796875,37.46851348876953,0.09037686884403229,-1,-1,-1
1037,48,703.8331909179688,48.3059196472168,91.2216796875,39.4166145324707,0.09146556258201599,-1,-1,-1
1038,48,723.1267700195312,48.42987823486328,87.8087158203125,40.02069854736328,0.07406828552484512,-1,-1,-1
1039,48,739.0389404296875,49.88657760620117,88.19268798828125,38.63191604614258,0.0703180655837059,-1,-1,-1
1040,48,754.8771362304688,50.15358352661133,96.78277587890625,41.16507339477539,0.09022136777639389,-1,-1,-1
1041,48,771.2761840820312,50.860538482666016,89.97271728515625,42.674198150634766,0.07813569158315659,-1,-1,-1
1042,48,788.761962890625,50.82087707519531,90.8763427734375,41.67970275878906,0.08726749569177628,-1,-1,-1
1043,48,803.8232421875,51.65863800048828,88.09088134765625,39.94195556640625,0.07177433371543884,-1,-1,-1
1043,49,797.7915649414062,108.69359588623047,89.64361572265625,38.16429901123047,0.05451309308409691,-1,-1,-1
1044,49,790.7531127929688,106.99116516113281,97.4744873046875,39.42633056640625,0.06495410203933716,-1,-1,-1
1045,49,787.6785278320312,107.51290130615234,98.67279052734375,38.854820251464844,0.05916576460003853,-1,-1,-1
1045,50,836.418701171875,55.95915985107422,110.43511962890625,46.668121337890625,0.056601833552122116,-1,-1,-1
1046,49,783.1087646484375,107.36552429199219,101.3275146484375,38.31407165527344,0.06152523308992386,-1,-1,-1
1047,49,776.9461669921875,107.64558410644531,107.73162841796875,38.85530090332031,0.06066826730966568,-1,-1,-1
1048,49,773.107666015625,108.19273376464844,105.8717041015625,38.51666259765625,0.06420551985502243,-1,-1,-1
1049,49,768.4721069335938,108.28533172607422,105.9127197265625,38.591148376464844,0.0685858204960823,-1,-1,-1
1049,51,921.5735473632812,59.36376953125,83.01397705078125,40.09662628173828,0.06430487334728241,-1,-1,-1
1050,49,766.218017578125,108.17047882080078,101.457275390625,38.436180114746094,0.07712841778993607,-1,-1,-1
1050,51,937.0979614257812,62.628292083740234,91.50079345703125,38.7337760925293,0.05737827345728874,-1,-1,-1
1051,51,944.0988159179688,62.5993766784668,89.28350830078125,38.811710357666016,0.08914098143577576,-1,-1,-1
1051,49,761.0543212890625,108.06611633300781,99.31622314453125,38.41499328613281,0.06730534136295319,-1,-1,-1
1052,51,958.5364379882812,58.384429931640625,106.66326904296875,42.01758575439453,0.08387477695941925,-1,-1,-1
1052,49,755.112548828125,108.47637939453125,98.4239501953125,37.98455810546875,0.05256553366780281,-1,-1,-1
1053,49,749.2449951171875,108.27994537353516,99.126708984375,38.521141052246094,0.05645604804158211,-1,-1,-1
1054,52,1002.7066040039062,60.774192810058594,69.49310302734375,39.47004699707031,0.07075279951095581,-1,-1,-1
1070,52,994.57373046875,52.95096206665039,92.252685546875,47.124149322509766,0.07898937910795212,-1,-1,-1
1075,53,837.072998046875,53.20417022705078,90.9190673828125,39.44727325439453,0.0697147399187088,-1,-1,-1
1076,53,814.3185424804688,53.382911682128906,93.06793212890625,38.051544189453125,0.11837971210479736,-1,-1,-1
1077,53,795.2194213867188,51.71577453613281,91.8370361328125,37.184226989746094,0.10633569955825806,-1,-1,-1
1078,53,772.3193359375,49.32773208618164,97.32958984375,38.54996871948242,0.10040777176618576,-1,-1,-1
1087,54,581.010986328125,37.815189361572266,96.21588134765625,43.903865814208984,0.0523013137280941,-1,-1,-1
1088,54,558.111572265625,36.431034088134766,98.01971435546875,45.75996017456055,0.054037291556596756,-1,-1,-1
1092,55,994.4943237304688,54.250953674316406,96.19561767578125,46.740135192871094,0.10722547024488449,-1,-1,-1
1095,56,805.892822265625,58.063350677490234,93.68841552734375,33.39555740356445,0.1452985405921936,-1,-1,-1
1096,56,785.37109375,56.84193420410156,102.624755859375,33.40702819824219,0.12023136764764786,-1,-1,-1
1097,56,764.5921020507812,54.24078369140625,95.70355224609375,33.85418701171875,0.06340029835700989,-1,-1,-1
1100,57,693.194580078125,48.886444091796875,105.45709228515625,40.87120819091797,0.052268702536821365,-1,-1,-1
1104,58,600.53955078125,48.318904876708984,105.9185791015625,38.08955001831055,0.06012067571282387,-1,-1,-1
1105,58,581.0081176757812,46.33436965942383,96.79937744140625,36.6527214050293,0.06204250454902649,-1,-1,-1
1106,58,556.9683837890625,45.54449462890625,104.2564697265625,39.105377197265625,0.07061801850795746,-1,-1,-1
1106,59,999.830810546875,58.21546173095703,69.1690673828125,40.57379150390625,0.05458851903676987,-1,-1,-1
1107,59,955.719970703125,56.62620544433594,108.6700439453125,43.35887908935547,0.1103527694940567,-1,-1,-1
1107,58,557.174560546875,48.2981071472168,81.260009765625,35.666568756103516,0.05626508966088295,-1,-1,-1
1108,59,947.6885375976562,57.92538833618164,110.62127685546875,43.1387825012207,0.14215576648712158,-1,-1,-1
1109,60,888.2762451171875,51.097110748291016,92.1953125,46.4874382019043,0.05876656994223595,-1,-1,-1
1110,61,800.9502563476562,53.3603401184082,93.83636474609375,36.60764694213867,0.135331392288208,-1,-1,-1
1111,62,727.23876953125,42.93953323364258,99.32061767578125,46.54790115356445,0.09945172071456909,-1,-1,-1
1112,63,648.1876220703125,39.605438232421875,100.18670654296875,45.072303771972656,0.06277752667665482,-1,-1,-1
1113,64,614.1455688476562,36.70445251464844,96.2823486328125,46.24107360839844,0.06900040805339813,-1,-1,-1
1114,64,595.2008056640625,37.07587432861328,101.99041748046875,43.57959747314453,0.08915577083826065,-1,-1,-1
1115,64,573.7657470703125,38.050697326660156,96.82196044921875,44.40553283691406,0.0642395168542862,-1,-1,-1
1116,64,558.3403930664062,36.9074821472168,93.5360107421875,44.8769645690918,0.06530239433050156,-1,-1,-1
1117,64,556.2947387695312,37.454708099365234,81.02703857421875,43.26057815551758,0.062243107706308365,-1,-1,-1
1141,65,891.1399536132812,934.462890625,506.75396728515625,145.537109375,0.06721404194831848,-1,-1,-1
1142,65,895.219482421875,909.017333984375,491.306640625,170.982666015625,0.06345297396183014,-1,-1,-1
1158,66,939.2041015625,561.139892578125,350.1715087890625,308.65179443359375,0.05553781986236572,-1,-1,-1
1161,66,943.1280517578125,518.3033447265625,336.5625,295.230224609375,0.06516949832439423,-1,-1,-1
1162,66,940.1797485351562,502.9627685546875,327.55352783203125,284.00604248046875,0.09171672910451889,-1,-1,-1
1163,66,935.0667114257812,490.5156555175781,327.16766357421875,282.9901428222656,0.08749336749315262,-1,-1,-1
1164,66,932.819580078125,478.6692810058594,328.2191162109375,276.9701232910156,0.057562246918678284,-1,-1,-1
1276,67,553.3768310546875,53.986961364746094,69.2724609375,30.03851318359375,0.10018764436244965,-1,-1,-1
1277,67,553.0928344726562,49.400978088378906,92.9613037109375,35.65484619140625,0.09557600319385529,-1,-1,-1
1278,67,569.7174682617188,51.01402282714844,97.69293212890625,36.59368133544922,0.1572759598493576,-1,-1,-1
1279,67,593.1384887695312,51.29869079589844,102.74169921875,35.80491638183594,0.14670227468013763,-1,-1,-1
1280,67,616.413818359375,52.60423278808594,99.3099365234375,36.45764923095703,0.16113001108169556,-1,-1,-1
1281,67,643.2828979492188,56.59748840332031,96.1221923828125,32.30260467529297,0.13765105605125427,-1,-1,-1
1282,67,666.552490234375,49.95584487915039,98.71990966796875,39.06916427612305,0.08252355456352234,-1,-1,-1
1283,67,686.49755859375,51.51513671875,98.088134765625,38.760765075683594,0.08245659619569778,-1,-1,-1
1284,67,716.9946899414062,49.7276496887207,91.71868896484375,39.60367202758789,0.09678838402032852,-1,-1,-1
1285,67,739.0965576171875,52.590328216552734,94.3018798828125,37.113468170166016,0.1257605403661728,-1,-1,-1
1286,67,759.0350952148438,49.66350173950195,100.2381591796875,40.94106674194336,0.10371800512075424,-1,-1,-1
1287,67,787.5792846679688,56.941471099853516,80.3431396484375,34.43697738647461,0.09915835410356522,-1,-1,-1
1293,68,925.2781982421875,63.21702575683594,102.7333984375,35.60206604003906,0.05981956794857979,-1,-1,-1
1294,68,946.5115356445312,65.70463562011719,87.55499267578125,36.66609191894531,0.10199005901813507,-1,-1,-1
1295,69,990.9922485351562,62.67972946166992,72.00433349609375,37.085453033447266,0.08613429963588715,-1,-1,-1
1295,68,954.5192260742188,65.18385314941406,85.77252197265625,34.94140625,0.05234486982226372,-1,-1,-1
1336,69,968.9631958007812,59.71255111694336,90.86651611328125,41.48666000366211,0.13647222518920898,-1,-1,-1
1337,69,947.165283203125,54.7977294921875,107.6922607421875,46.88312530517578,0.0883406326174736,-1,-1,-1
1339,70,885.0565185546875,59.86433410644531,93.6697998046875,38.01007843017578,0.057793911546468735,-1,-1,-1
1340,71,845.7018432617188,58.944419860839844,101.03564453125,37.879486083984375,0.053532205522060394,-1,-1,-1
1341,71,826.3154907226562,57.6745719909668,101.36309814453125,38.88264083862305,0.06362404674291611,-1,-1,-1
1342,71,808.0509643554688,56.036869049072266,99.177001953125,37.83754348754883,0.057761095464229584,-1,-1,-1
1343,71,786.0810546875,54.40365219116211,96.0928955078125,37.65044021606445,0.06296833604574203,-1,-1,-1
1344,71,763.135986328125,52.97771453857422,97.79345703125,40.218894958496094,0.05107633396983147,-1,-1,-1
1345,71,744.149169921875,50.41273498535156,95.6138916015625,37.991966247558594,0.05955396220088005,-1,-1,-1
1346,71,717.9817504882812,50.7659912109375,102.58416748046875,35.700172424316406,0.05184372887015343,-1,-1,-1
1347,71,691.4983520507812,50.07827377319336,107.54595947265625,35.23306655883789,0.06027008965611458,-1,-1,-1
1349,72,660.657958984375,49.55702209472656,94.80419921875,35.14726257324219,0.052448637783527374,-1,-1,-1
1350,72,634.1344604492188,47.21888732910156,97.42596435546875,36.72785949707031,0.11888754367828369,-1,-1,-1
1351,72,612.6151733398438,46.76296615600586,96.285400390625,36.89973068237305,0.0763363242149353,-1,-1,-1
1352,72,596.5422973632812,45.86811828613281,107.72369384765625,37.82337188720703,0.12805376946926117,-1,-1,-1
1353,72,570.079345703125,45.77158737182617,96.45196533203125,37.25864791870117,0.1210668534040451,-1,-1,-1
1354,72,556.8463134765625,45.07314682006836,88.99896240234375,36.35097122192383,0.08895005285739899,-1,-1,-1
1355,72,556.1165771484375,43.44428253173828,68.1512451171875,36.72931671142578,0.07353117316961288,-1,-1,-1
1387,73,1005.3695678710938,56.8094367980957,89.29949951171875,43.222652435302734,0.0941365659236908,-1,-1,-1
1387,74,1004.8776245117188,68.76538848876953,63.91741943359375,33.032379150390625,0.06327797472476959,-1,-1,-1
1388,73,998.9913940429688,55.124183654785156,95.99835205078125,44.88337707519531,0.08683352917432785,-1,-1,-1
1388,75,981.23291015625,61.1254997253418,79.2431640625,37.87002182006836,0.05079153925180435,-1,-1,-1
1389,75,967.1184692382812,53.457122802734375,108.14019775390625,46.38569641113281,0.07775171846151352,-1,-1,-1
1390,75,959.3861694335938,53.25062561035156,124.29132080078125,47.84113311767578,0.05718244984745979,-1,-1,-1
1391,75,986.3208618164062,56.0157470703125,111.27166748046875,44.36053466796875,0.07423382997512817,-1,-1,-1
1391,76,936.0807495117188,62.724788665771484,93.60223388671875,38.58987045288086,0.053688593208789825,-1,-1,-1
1392,77,908.845947265625,64.03532409667969,84.15679931640625,35.52446746826172,0.05049027502536774,-1,-1,-1
1393,77,889.190673828125,61.920799255371094,101.35760498046875,35.8048095703125,0.0583411380648613,-1,-1,-1
1394,77,878.073974609375,60.83024215698242,80.5467529296875,33.5529670715332,0.0642620250582695,-1,-1,-1
1395,77,876.6939086914062,61.89418411254883,63.534423828125,34.38095474243164,0.06726324558258057,-1,-1,-1
1395,78,798.197021484375,53.946632385253906,95.510009765625,45.95293426513672,0.058408062905073166,-1,-1,-1
1396,78,807.7496948242188,55.229549407958984,111.69683837890625,44.00180435180664,0.09890054911375046,-1,-1,-1
1397,78,814.937255859375,55.19511795043945,90.862060546875,46.63138198852539,0.059997037053108215,-1,-1,-1
1398,78,787.3695068359375,55.126041412353516,128.468994140625,46.30354690551758,0.12928156554698944,-1,-1,-1
1399,78,785.7855224609375,54.59169387817383,144.7412109375,47.75985336303711,0.08688984811306,-1,-1,-1
1400,78,846.9444580078125,54.92268753051758,94.14984130859375,50.20370101928711,0.06474798917770386,-1,-1,-1
1401,78,861.0105590820312,55.96477508544922,85.96923828125,45.817161560058594,0.06134985387325287,-1,-1,-1
1401,79,725.6216430664062,52.59031295776367,93.89227294921875,34.2402458190918,0.05281050503253937,-1,-1,-1
1405,80,915.1463012695312,57.551116943359375,91.33099365234375,45.54747009277344,0.05584072321653366,-1,-1,-1
1406,80,921.81689453125,54.305049896240234,106.927001953125,48.976009368896484,0.06051994115114212,-1,-1,-1
1407,80,946.0804443359375,54.181068420410156,98.462646484375,45.849639892578125,0.08514189720153809,-1,-1,-1
1407,81,605.14892578125,46.48618698120117,100.88067626953125,38.46384048461914,0.050411656498909,-1,-1,-1
1408,80,950.4196166992188,54.0682258605957,105.42755126953125,44.680301666259766,0.11914768815040588,-1,-1,-1
1408,81,583.0643920898438,45.7880859375,94.6859130859375,37.09191131591797,0.05235741659998894,-1,-1,-1
1409,80,961.01513671875,53.783485412597656,103.1102294921875,48.84893035888672,0.09463847428560257,-1,-1,-1
1410,80,964.6729736328125,52.80138397216797,94.7235107421875,49.558746337890625,0.06926971673965454,-1,-1,-1
1411,82,1002.4085083007812,54.71577835083008,86.93865966796875,47.412715911865234,0.08911337703466415,-1,-1,-1
1412,82,1017.1480712890625,59.08028793334961,73.6268310546875,42.798465728759766,0.11280790716409683,-1,-1,-1
1415,83,909.4254760742188,1008.5674438476562,433.15081787109375,71.43255615234375,0.06072121858596802,-1,-1,-1
1416,83,908.4505004882812,960.2335815429688,463.53656005859375,119.76641845703125,0.05889302119612694,-1,-1,-1
1417,83,925.7665405273438,922.7437744140625,447.80242919921875,156.4029541015625,0.07128630578517914,-1,-1,-1
1418,83,932.400146484375,895.9108276367188,429.8297119140625,184.08917236328125,0.09310156106948853,-1,-1,-1
1419,83,950.7021484375,861.6868286132812,416.296630859375,215.73687744140625,0.06060687452554703,-1,-1,-1
1422,83,983.3887939453125,770.3175659179688,382.34423828125,304.75970458984375,0.05470123142004013,-1,-1,-1
1535,84,551.0478515625,29.132335662841797,99.3580322265625,52.86381912231445,0.06648754328489304,-1,-1,-1
1536,84,553.3193969726562,26.717185974121094,117.41033935546875,59.66169738769531,0.0735083743929863,-1,-1,-1
1537,84,566.7678833007812,27.922025680541992,133.4429931640625,57.194671630859375,0.07136305421590805,-1,-1,-1
1538,84,587.4541015625,24.991552352905273,121.1083984375,59.49140930175781,0.05414286628365517,-1,-1,-1
1539,84,604.9622192382812,29.726421356201172,126.84222412109375,56.25545120239258,0.0895584374666214,-1,-1,-1
1540,84,622.9747924804688,31.848201751708984,127.424072265625,55.314945220947266,0.09802918136119843,-1,-1,-1
1541,84,647.6048583984375,33.179161071777344,114.65789794921875,53.423309326171875,0.0695396438241005,-1,-1,-1
1542,84,668.4431762695312,32.20111083984375,119.7103271484375,61.80976104736328,0.06461465358734131,-1,-1,-1
1543,84,686.4356079101562,36.0521354675293,122.053955078125,53.87783432006836,0.07703424245119095,-1,-1,-1
1544,84,702.0304565429688,36.31951904296875,125.805419921875,53.63157653808594,0.07492101192474365,-1,-1,-1
1545,84,723.9074096679688,37.54375457763672,124.7080078125,51.322967529296875,0.08214676380157471,-1,-1,-1
1546,84,741.7442626953125,39.14322280883789,124.89923095703125,49.77206039428711,0.06957763433456421,-1,-1,-1
1549,85,804.0032348632812,36.82609558105469,110.5528564453125,53.48908233642578,0.06840284168720245,-1,-1,-1
1550,85,822.025634765625,39.904991149902344,122.5078125,54.25286865234375,0.07481352984905243,-1,-1,-1
1552,85,853.6814575195312,42.98255920410156,118.7750244140625,53.110595703125,0.07968521863222122,-1,-1,-1
1553,85,876.8314819335938,41.34049987792969,109.34521484375,53.347015380859375,0.08749537169933319,-1,-1,-1
1554,86,923.527587890625,46.21821594238281,138.2337646484375,54.70863342285156,0.11127618700265884,-1,-1,-1
1554,85,900.5177001953125,41.02531433105469,99.49371337890625,57.367881774902344,0.07720155268907547,-1,-1,-1
1555,86,919.4594116210938,42.44734573364258,111.43060302734375,57.79802322387695,0.1225748360157013,-1,-1,-1
1555,87,973.96875,50.184452056884766,113.5589599609375,49.20719528198242,0.06904270499944687,-1,-1,-1
1556,86,942.494384765625,43.6419677734375,108.6429443359375,55.384788513183594,0.12756094336509705,-1,-1,-1
1557,86,954.1368408203125,46.191951751708984,103.9483642578125,53.8973503112793,0.11544930934906006,-1,-1,-1
1558,86,964.6771240234375,45.29073715209961,98.143310546875,53.119754791259766,0.09854985028505325,-1,-1,-1
1559,86,991.6023559570312,49.7296257019043,88.22308349609375,49.01802444458008,0.08629196882247925,-1,-1,-1
1566,88,979.2323608398438,1006.4122924804688,365.02313232421875,73.58770751953125,0.05228599160909653,-1,-1,-1
1567,89,914.5046997070312,944.9657592773438,509.52984619140625,135.03424072265625,0.06851745396852493,-1,-1,-1
1568,89,924.671875,919.9360961914062,496.2540283203125,160.06390380859375,0.11634618043899536,-1,-1,-1
1569,89,958.4126586914062,889.19775390625,456.70086669921875,188.2305908203125,0.06235912814736366,-1,-1,-1
1575,90,1000.0807495117188,703.421630859375,385.78094482421875,348.0931396484375,0.06064503267407417,-1,-1,-1
1668,91,642.4602661132812,98.42913055419922,105.6441650390625,49.045494079589844,0.05045965686440468,-1,-1,-1
1671,91,653.5897216796875,100.18505859375,109.37396240234375,46.12249755859375,0.051125627011060715,-1,-1,-1
1672,91,654.2731323242188,99.21125030517578,112.311767578125,46.573814392089844,0.06589325517416,-1,-1,-1
1673,91,661.34375,98.82493591308594,109.53021240234375,47.07200622558594,0.056174371391534805,-1,-1,-1
1731,92,1004.53173828125,70.90421295166016,66.967041015625,31.05504608154297,0.0697515457868576,-1,-1,-1
1731,93,515.6334228515625,30.488693237304688,116.978271484375,53.376121520996094,0.05528251826763153,-1,-1,-1
1732,94,997.3756103515625,55.798431396484375,96.2802734375,46.26200866699219,0.09963979572057724,-1,-1,-1
1732,95,560.88134765625,33.970401763916016,96.01605224609375,47.54172134399414,0.08645391464233398,-1,-1,-1
1733,94,982.825439453125,57.03934860229492,94.8695068359375,43.35311508178711,0.1120300441980362,-1,-1,-1
1734,96,574.0865478515625,33.72239685058594,109.60247802734375,49.20793914794922,0.054316990077495575,-1,-1,-1
1734,94,953.4251098632812,56.50838851928711,100.67364501953125,44.28715133666992,0.053460557013750076,-1,-1,-1
1735,94,940.8814697265625,57.92436981201172,110.3255615234375,44.599082946777344,0.07480578124523163,-1,-1,-1
1736,97,608.449462890625,36.742431640625,112.00848388671875,46.036102294921875,0.0974002256989479,-1,-1,-1
1737,97,619.7955932617188,34.68168640136719,107.45184326171875,48.791603088378906,0.06313318759202957,-1,-1,-1
1738,97,635.8558959960938,34.813724517822266,104.93487548828125,49.77156448364258,0.06391755491495132,-1,-1,-1
1741,98,822.6329345703125,54.597198486328125,97.79083251953125,36.78739929199219,0.05723471939563751,-1,-1,-1
1742,98,818.9380493164062,52.94105911254883,84.01458740234375,37.4625358581543,0.06653732806444168,-1,-1,-1
1743,99,739.3203735351562,43.82674026489258,104.31304931640625,52.7501106262207,0.07441488653421402,-1,-1,-1
1745,99,751.8665771484375,43.49423599243164,102.66802978515625,53.079647064208984,0.058625031262636185,-1,-1,-1
1746,99,763.7263793945312,40.61989212036133,126.7042236328125,53.79605484008789,0.07933660596609116,-1,-1,-1
1747,100,740.4898071289062,47.50038528442383,107.66107177734375,45.30807876586914,0.07190041244029999,-1,-1,-1
1747,99,803.9248046875,44.389278411865234,110.74578857421875,47.49570083618164,0.06869876384735107,-1,-1,-1
1748,99,835.8986206054688,46.33042526245117,98.8212890625,47.328182220458984,0.05806838348507881,-1,-1,-1
1749,99,790.407958984375,45.07725524902344,134.93316650390625,51.84654235839844,0.06860721856355667,-1,-1,-1
1749,101,841.56201171875,48.11699295043945,107.84521484375,47.93080520629883,0.05758559703826904,-1,-1,-1
1750,99,773.974609375,46.70547103881836,95.33843994140625,49.49168014526367,0.06374836713075638,-1,-1,-1
1751,102,888.5167846679688,46.868167877197266,100.72845458984375,49.48813247680664,0.055849216878414154,-1,-1,-1
1752,102,894.3189697265625,50.17185974121094,105.879638671875,48.877952575683594,0.053997743874788284,-1,-1,-1
1753,102,915.3407592773438,51.4691047668457,117.64801025390625,50.122188568115234,0.08908163011074066,-1,-1,-1
1753,103,643.3583374023438,46.82379150390625,86.00146484375,38.362579345703125,0.06642741709947586,-1,-1,-1
1753,104,798.9003295898438,47.670562744140625,98.3197021484375,50.26752471923828,0.052552931010723114,-1,-1,-1
1754,102,928.3074340820312,52.111717224121094,111.67669677734375,46.573463439941406,0.07188864052295685,-1,-1,-1
1754,104,802.9664306640625,49.059959411621094,110.79925537109375,50.22325134277344,0.06669331341981888,-1,-1,-1
1755,102,944.7808837890625,55.94080352783203,103.462646484375,44.35749053955078,0.07865730673074722,-1,-1,-1
1755,104,810.3230590820312,50.8108024597168,110.40380859375,47.65987014770508,0.056739553809165955,-1,-1,-1
1756,102,961.8700561523438,54.169105529785156,101.59918212890625,46.02312469482422,0.0697757825255394,-1,-1,-1
1756,104,815.6873779296875,51.095523834228516,112.83197021484375,48.25947952270508,0.05652507767081261,-1,-1,-1
1757,104,823.1713256835938,52.52064514160156,117.09814453125,48.4537353515625,0.062280312180519104,-1,-1,-1
1758,104,828.3941040039062,53.10459518432617,120.73370361328125,47.87569808959961,0.07266532629728317,-1,-1,-1
1762,105,892.7293701171875,53.18445587158203,99.422607421875,47.83879852294922,0.057921603322029114,-1,-1,-1
1763,105,894.4746704101562,50.80961608886719,111.40899658203125,49.74501037597656,0.0503847673535347,-1,-1,-1
1764,105,904.6715698242188,50.13124465942383,131.97601318359375,52.10494613647461,0.08003230392932892,-1,-1,-1
1765,105,911.1727905273438,55.52117919921875,125.48065185546875,48.44164276123047,0.1109023168683052,-1,-1,-1
1766,105,924.7097778320312,56.24951171875,109.21527099609375,45.71022033691406,0.11398521810770035,-1,-1,-1
1767,105,943.4669799804688,56.90912628173828,119.50787353515625,45.78864288330078,0.1319330334663391,-1,-1,-1
1768,105,957.253662109375,58.19144058227539,100.133544921875,45.04880142211914,0.07572834193706512,-1,-1,-1
1769,105,957.3267211914062,56.95265579223633,116.24053955078125,46.66225051879883,0.10593803226947784,-1,-1,-1
1769,106,343.06573486328125,843.4002075195312,483.123291015625,236.59979248046875,0.0633188933134079,-1,-1,-1
1770,107,996.2169799804688,65.3963851928711,71.28656005859375,34.61676788330078,0.07441370189189911,-1,-1,-1
1770,106,332.5142822265625,866.33935546875,483.1390380859375,213.66064453125,0.07045441120862961,-1,-1,-1
1770,105,970.4261474609375,59.89446258544922,120.580810546875,41.65949249267578,0.05429438129067421,-1,-1,-1
1771,106,328.8433532714844,895.0698852539062,471.0092468261719,184.93011474609375,0.10670572519302368,-1,-1,-1
1771,105,978.3684692382812,60.43193817138672,102.51849365234375,40.067283630371094,0.06853936612606049,-1,-1,-1
1771,108,975.3400268554688,72.40770721435547,72.08575439453125,31.340469360351562,0.05302678421139717,-1,-1,-1
1773,105,1003.2246704101562,56.073814392089844,92.27593994140625,43.64241027832031,0.06536215543746948,-1,-1,-1
1774,105,999.6742553710938,53.61125183105469,83.71893310546875,46.333763122558594,0.11123587936162949,-1,-1,-1
1775,105,962.1387329101562,58.082149505615234,106.07635498046875,44.11671829223633,0.08626820892095566,-1,-1,-1
1775,109,552.2714233398438,54.62526321411133,63.32958984375,44.7729606628418,0.05546502768993378,-1,-1,-1
1776,105,956.5962524414062,56.465972900390625,104.34747314453125,45.17518615722656,0.08900639414787292,-1,-1,-1
1776,109,551.58935546875,56.85128402709961,63.70697021484375,43.38856887817383,0.06470072269439697,-1,-1,-1
1777,105,928.1502075195312,56.711944580078125,110.99810791015625,45.3701171875,0.10641428083181381,-1,-1,-1
1777,110,961.0717163085938,55.785682678222656,116.20355224609375,43.61480712890625,0.05484282225370407,-1,-1,-1
1778,105,906.4651489257812,51.359195709228516,102.890625,47.14438247680664,0.06462004780769348,-1,-1,-1
1779,105,893.9420776367188,48.35329818725586,92.15069580078125,47.302974700927734,0.05716364085674286,-1,-1,-1
1780,105,875.7282104492188,47.85407257080078,94.4534912109375,48.524139404296875,0.060471244156360626,-1,-1,-1
1781,105,841.89013671875,50.86903762817383,105.936767578125,45.090084075927734,0.07494496554136276,-1,-1,-1
1782,105,824.9393310546875,51.29970169067383,100.219482421875,40.57826614379883,0.07171817123889923,-1,-1,-1
1783,105,807.7061767578125,49.868350982666016,95.53570556640625,39.312129974365234,0.07619865983724594,-1,-1,-1
1784,105,786.3182373046875,49.15232849121094,97.76849365234375,38.97395324707031,0.0670737698674202,-1,-1,-1
1785,105,769.1961669921875,47.831050872802734,93.67364501953125,39.5327262878418,0.05370661988854408,-1,-1,-1
1786,105,750.03271484375,42.57725143432617,98.87701416015625,46.8317756652832,0.06730779260396957,-1,-1,-1
1792,111,631.8244018554688,40.11600875854492,99.036376953125,44.07912826538086,0.07124796509742737,-1,-1,-1
1794,111,599.723388671875,39.089290618896484,101.86737060546875,45.51986312866211,0.05122129246592522,-1,-1,-1
1795,111,575.6682739257812,37.251155853271484,97.58306884765625,45.14979934692383,0.052748650312423706,-1,-1,-1
1796,111,555.361083984375,35.90589904785156,99.9232177734375,45.66249084472656,0.060957711189985275,-1,-1,-1
1801,112,716.6098022460938,111.52997589111328,115.2469482421875,34.102867126464844,0.051422521471977234,-1,-1,-1
1802,112,740.3309326171875,113.41365814208984,102.802001953125,31.98217010498047,0.05908134952187538,-1,-1,-1
1803,112,752.1312255859375,112.27877044677734,98.42523193359375,32.100486755371094,0.05646740645170212,-1,-1,-1
1805,112,776.2045288085938,113.05142211914062,97.80401611328125,30.387496948242188,0.06470750272274017,-1,-1,-1
1806,112,787.1089477539062,114.59136962890625,91.4952392578125,29.178085327148438,0.0709187462925911,-1,-1,-1
1807,112,796.3876953125,116.37890625,84.51336669921875,26.87469482421875,0.07130761444568634,-1,-1,-1
1808,112,811.7001342773438,115.25782775878906,71.5826416015625,28.014450073242188,0.05531051754951477,-1,-1,-1
1832,113,782.4591064453125,51.04740524291992,72.13787841796875,46.844173431396484,0.07580585777759552,-1,-1,-1
1833,113,791.253173828125,51.43787384033203,68.67535400390625,46.44598388671875,0.07266750186681747,-1,-1,-1
1834,113,799.06103515625,52.07813262939453,68.08636474609375,46.478363037109375,0.06359153985977173,-1,-1,-1
1835,113,807.8670654296875,52.404335021972656,74.97552490234375,46.44242858886719,0.07668150961399078,-1,-1,-1
1836,113,819.3731689453125,54.36988067626953,70.417236328125,44.2406005859375,0.05200749635696411,-1,-1,-1
1845,114,929.176513671875,60.06612014770508,95.8572998046875,41.00786209106445,0.05212707445025444,-1,-1,-1
1846,114,946.2557373046875,55.75149154663086,97.4561767578125,45.003536224365234,0.06054975837469101,-1,-1,-1
1847,114,961.4345703125,54.599639892578125,93.492919921875,43.85630798339844,0.08189049363136292,-1,-1,-1
1848,114,988.2571411132812,50.89115524291992,85.77703857421875,47.500797271728516,0.08714817464351654,-1,-1,-1
1849,114,1000.1488037109375,50.66633224487305,93.7607421875,48.0101432800293,0.08632936328649521,-1,-1,-1
1850,114,1016.5538940429688,50.77711868286133,83.89129638671875,48.28049850463867,0.061261437833309174,-1,-1,-1
1857,115,1474.2015380859375,83.50090026855469,107.882080078125,55.78424072265625,0.1581352800130844,-1,-1,-1
1857,116,1505.5235595703125,97.02986907958984,83.24755859375,132.51708984375,0.05398998409509659,-1,-1,-1
1858,115,1475.769287109375,84.3763656616211,107.707763671875,57.740150451660156,0.06620705872774124,-1,-1,-1
1861,117,555.0071411132812,53.91072082519531,55.29583740234375,31.29242706298828,0.05770023539662361,-1,-1,-1
1862,117,553.8994750976562,40.612525939941406,69.580322265625,43.14961242675781,0.0872175469994545,-1,-1,-1
1863,117,555.6630249023438,41.31502151489258,86.47613525390625,43.357479095458984,0.08834144473075867,-1,-1,-1
1864,117,565.2926025390625,42.046592712402344,98.12835693359375,49.449134826660156,0.06990456581115723,-1,-1,-1
1865,117,589.2755126953125,43.562618255615234,90.99383544921875,42.58567428588867,0.06301351636648178,-1,-1,-1
1866,117,610.6156005859375,41.80957794189453,97.09808349609375,47.422874450683594,0.07284292578697205,-1,-1,-1
1867,117,624.9371337890625,42.05588912963867,95.97271728515625,45.7658805847168,0.06405569612979889,-1,-1,-1
1869,118,669.1530151367188,45.923282623291016,90.97589111328125,43.78023147583008,0.06010209396481514,-1,-1,-1
1870,118,687.9681396484375,46.76864242553711,92.840576171875,43.72294998168945,0.05160541459918022,-1,-1,-1
1871,118,706.9337158203125,46.46613693237305,92.0550537109375,42.65998458862305,0.052313584834337234,-1,-1,-1
1872,118,729.2733154296875,46.741512298583984,88.84661865234375,42.237728118896484,0.054265182465314865,-1,-1,-1
1873,118,750.3594360351562,47.927032470703125,87.102783203125,41.152587890625,0.0573367141187191,-1,-1,-1
1874,118,770.20361328125,48.86359786987305,88.3206787109375,40.82180404663086,0.08677288889884949,-1,-1,-1
1875,118,787.927001953125,49.64813995361328,91.53826904296875,41.33385467529297,0.09886335581541061,-1,-1,-1
1876,118,808.8253784179688,50.757118225097656,87.8419189453125,41.669822692871094,0.08259087800979614,-1,-1,-1
1877,118,828.9568481445312,52.85685348510742,88.6461181640625,43.0096549987793,0.06214825063943863,-1,-1,-1
1882,119,923.578857421875,56.644439697265625,106.42626953125,43.93019104003906,0.0670265331864357,-1,-1,-1
1882,120,990.74853515625,55.466121673583984,100.451904296875,44.18964767456055,0.06595952063798904,-1,-1,-1
1883,119,945.5328979492188,59.814517974853516,85.00396728515625,41.50992202758789,0.07866077870130539,-1,-1,-1
1883,120,958.2785034179688,51.705055236816406,125.58758544921875,48.054969787597656,0.07376426458358765,-1,-1,-1
1884,120,963.17333984375,54.35953903198242,100.8106689453125,45.260074615478516,0.10570404678583145,-1,-1,-1
1885,120,953.6491088867188,54.79741668701172,97.68988037109375,45.990875244140625,0.07305879890918732,-1,-1,-1
1886,120,928.7618408203125,52.86006546020508,105.4864501953125,48.26388168334961,0.08777830004692078,-1,-1,-1
1886,121,1005.6007690429688,55.656837463378906,95.47149658203125,43.916107177734375,0.08531543612480164,-1,-1,-1
1888,122,893.4517211914062,47.868614196777344,97.73614501953125,49.29518127441406,0.060825493186712265,-1,-1,-1
1889,122,879.855224609375,47.8455696105957,100.73046875,50.80418014526367,0.09844513237476349,-1,-1,-1
1890,123,834.0188598632812,49.026885986328125,118.46978759765625,46.03722381591797,0.13160757720470428,-1,-1,-1
1891,123,823.478759765625,49.46552658081055,106.37335205078125,42.05063247680664,0.1568070501089096,-1,-1,-1
1892,123,802.1632690429688,41.022247314453125,106.56573486328125,47.07923889160156,0.1586112380027771,-1,-1,-1
1893,123,785.0965576171875,46.19215393066406,98.68841552734375,40.83705139160156,0.11308842152357101,-1,-1,-1
1894,123,761.5130004882812,38.97560119628906,102.694091796875,47.69697570800781,0.09580794721841812,-1,-1,-1
1895,123,742.11279296875,38.47324752807617,103.8612060546875,48.22453689575195,0.08143384009599686,-1,-1,-1
1896,123,720.8896484375,35.97807312011719,105.6356201171875,50.70515441894531,0.07642460614442825,-1,-1,-1
1897,123,693.81494140625,35.5768928527832,109.85137939453125,50.389095306396484,0.09944334626197815,-1,-1,-1
1898,123,675.4224243164062,36.36887741088867,109.16168212890625,49.002803802490234,0.07856988906860352,-1,-1,-1
1899,123,651.2889404296875,36.17850875854492,110.94293212890625,46.35740280151367,0.06011534109711647,-1,-1,-1
1900,123,627.8428955078125,34.917579650878906,112.520751953125,44.585838317871094,0.11837346106767654,-1,-1,-1
1901,123,618.4058837890625,34.92573928833008,99.977783203125,44.749210357666016,0.07229605317115784,-1,-1,-1
1902,123,588.0965576171875,32.06333923339844,112.66558837890625,47.86603546142578,0.06457769125699997,-1,-1,-1
1903,123,565.7300415039062,30.890281677246094,110.9454345703125,48.772972106933594,0.06718526780605316,-1,-1,-1
1906,124,553.467041015625,30.579416275024414,59.19036865234375,45.547325134277344,0.05564269423484802,-1,-1,-1
2039,124,554.8259887695312,44.23696517944336,66.7576904296875,38.73434829711914,0.0692962259054184,-1,-1,-1
2040,124,556.0690307617188,46.27812957763672,78.946533203125,39.196319580078125,0.057581331580877304,-1,-1,-1
2041,124,552.2371826171875,36.19535827636719,96.49176025390625,48.37206268310547,0.08403895795345306,-1,-1,-1
2042,124,559.6891479492188,37.58248519897461,109.5477294921875,48.686771392822266,0.0759553387761116,-1,-1,-1
2043,124,566.9057006835938,38.133113861083984,117.28594970703125,47.98393630981445,0.08400442451238632,-1,-1,-1
2044,124,590.8563842773438,37.82454299926758,105.3106689453125,44.66292953491211,0.05816361680626869,-1,-1,-1
2044,125,1122.420654296875,993.2891845703125,442.4178466796875,86.7108154296875,0.051709432154893875,-1,-1,-1
2045,124,608.6769409179688,39.335655212402344,105.11090087890625,42.630340576171875,0.07523489743471146,-1,-1,-1
2046,124,620.6306762695312,38.45281219482422,113.0672607421875,44.08362579345703,0.109964519739151,-1,-1,-1
2047,124,631.2798461914062,39.41577911376953,120.16729736328125,45.32392883300781,0.153669536113739,-1,-1,-1
2048,124,651.5015258789062,38.50371551513672,116.5904541015625,47.45093536376953,0.09802953898906708,-1,-1,-1
2049,124,668.7765502929688,39.16428756713867,115.72613525390625,48.821285247802734,0.0852934941649437,-1,-1,-1
2050,124,686.4790649414062,40.280147552490234,118.9224853515625,48.08310317993164,0.14091385900974274,-1,-1,-1
2051,124,699.00732421875,43.135318756103516,119.51080322265625,45.22236251831055,0.11126744747161865,-1,-1,-1
2052,124,718.7603149414062,40.459075927734375,118.36187744140625,48.52680206298828,0.12415733933448792,-1,-1,-1
2052,126,1142.7056884765625,745.2633056640625,349.4466552734375,302.3421630859375,0.05438964068889618,-1,-1,-1
2053,124,740.3397216796875,42.74327850341797,114.68603515625,46.954795837402344,0.12856680154800415,-1,-1,-1
2054,124,758.1431274414062,43.76662063598633,110.9635009765625,45.89841079711914,0.130085751414299,-1,-1,-1
2054,127,1133.49951171875,691.5709228515625,337.875244140625,282.63165283203125,0.05876598879694939,-1,-1,-1
2055,124,776.2944946289062,47.281795501708984,103.79437255859375,43.06961441040039,0.12316755205392838,-1,-1,-1
2055,127,1133.9163818359375,672.0875244140625,325.8375244140625,273.91778564453125,0.058782197535037994,-1,-1,-1
2056,124,794.2423706054688,49.88197326660156,113.489013671875,44.05583953857422,0.11184591054916382,-1,-1,-1
2057,124,810.176513671875,46.191558837890625,115.32867431640625,47.814247131347656,0.1228492259979248,-1,-1,-1
2057,128,555.5630493164062,49.72635269165039,65.447509765625,33.423831939697266,0.054648805409669876,-1,-1,-1
2058,124,827.81689453125,48.02488327026367,113.3673095703125,48.69038009643555,0.11809799075126648,-1,-1,-1
2059,124,842.7907104492188,52.465850830078125,110.473388671875,45.769622802734375,0.07719767093658447,-1,-1,-1
2059,129,552.2711181640625,37.0233268737793,96.89208984375,49.66621780395508,0.05386786907911301,-1,-1,-1
2060,129,567.8693237304688,35.7401123046875,98.5712890625,50.01191711425781,0.07225149869918823,-1,-1,-1
2061,129,583.6083984375,38.91230010986328,107.38543701171875,48.353050231933594,0.10591757297515869,-1,-1,-1
2061,130,887.527587890625,52.43165969848633,108.2889404296875,46.95694351196289,0.061364129185676575,-1,-1,-1
2062,129,595.052734375,38.277984619140625,107.66290283203125,45.0980224609375,0.0902140885591507,-1,-1,-1
2062,130,900.5672607421875,48.577491760253906,110.1102294921875,51.21568298339844,0.05174853280186653,-1,-1,-1
2063,129,613.818603515625,40.58750915527344,109.1947021484375,42.72077941894531,0.12113776803016663,-1,-1,-1
2063,130,916.6749877929688,53.66857147216797,113.64373779296875,48.93787384033203,0.0885530486702919,-1,-1,-1
2064,129,623.4282836914062,39.33177947998047,120.57342529296875,45.86054992675781,0.13973014056682587,-1,-1,-1
2064,130,937.88671875,58.51865768432617,103.5701904296875,38.03055191040039,0.08438201993703842,-1,-1,-1
2064,131,956.2059326171875,51.68120193481445,127.2105712890625,45.66709518432617,0.053317584097385406,-1,-1,-1
2065,129,643.8734130859375,40.21823501586914,115.55426025390625,46.78645706176758,0.09560436755418777,-1,-1,-1
2065,130,948.09765625,56.14812088012695,104.6776123046875,42.31148910522461,0.06285342574119568,-1,-1,-1
2066,129,662.3145751953125,40.006412506103516,116.2945556640625,46.806758880615234,0.11041184514760971,-1,-1,-1
2066,130,976.7003173828125,56.3403434753418,105.4268798828125,43.26436233520508,0.05863200128078461,-1,-1,-1
2067,129,682.5803833007812,43.66671371459961,115.21295166015625,45.55051040649414,0.056432925164699554,-1,-1,-1
2067,130,960.782470703125,57.47245788574219,100.198974609375,41.49961853027344,0.054094549268484116,-1,-1,-1
2068,132,1004.9360961914062,51.45537567138672,91.31463623046875,47.60399627685547,0.0707734003663063,-1,-1,-1
2069,133,729.820556640625,41.791717529296875,102.07232666015625,46.692718505859375,0.05108170956373215,-1,-1,-1
2070,133,744.0847778320312,42.13566970825195,103.53448486328125,46.502140045166016,0.06779315322637558,-1,-1,-1
2071,133,757.6976928710938,43.0428466796875,102.9525146484375,45.57112121582031,0.08966277539730072,-1,-1,-1
2072,133,774.3466796875,45.902835845947266,102.79620361328125,45.2229118347168,0.07728946954011917,-1,-1,-1
2073,133,793.5460815429688,44.34543228149414,111.96429443359375,48.180049896240234,0.11326135694980621,-1,-1,-1
2074,133,812.272705078125,46.973968505859375,109.90765380859375,48.33244323730469,0.09144269675016403,-1,-1,-1
2075,133,832.7008666992188,49.27354049682617,105.693115234375,49.56216049194336,0.06898827850818634,-1,-1,-1
2076,133,844.18408203125,53.077415466308594,106.71099853515625,46.09153747558594,0.06095290556550026,-1,-1,-1
2077,133,863.3187255859375,53.70328903198242,114.9288330078125,46.780330657958984,0.05058923736214638,-1,-1,-1
2078,133,893.4815063476562,51.347991943359375,96.02008056640625,48.62663269042969,0.05103502795100212,-1,-1,-1
2080,134,920.9931640625,54.240657806396484,113.12255859375,48.201656341552734,0.08566037565469742,-1,-1,-1
2080,135,959.2316284179688,52.59172058105469,134.62139892578125,48.978668212890625,0.07480742782354355,-1,-1,-1
2080,136,988.5530395507812,59.91563034057617,85.42059326171875,38.5208854675293,0.053038232028484344,-1,-1,-1
2081,134,944.1607055664062,58.32897186279297,106.16326904296875,40.29444122314453,0.09032745659351349,-1,-1,-1
2081,135,972.2999877929688,52.96460723876953,125.49468994140625,47.1195068359375,0.06040272116661072,-1,-1,-1
2082,134,958.9154052734375,54.8603630065918,105.8819580078125,44.48939895629883,0.07486526668071747,-1,-1,-1
2083,134,973.0867309570312,50.78413772583008,116.53594970703125,48.19173049926758,0.05277133733034134,-1,-1,-1
2085,134,1016.5498657226562,51.203365325927734,84.35699462890625,48.13797378540039,0.0776730626821518,-1,-1,-1
2092,137,563.0513916015625,51.97179412841797,65.494873046875,33.741310119628906,0.05466728284955025,-1,-1,-1
2094,138,559.1177978515625,34.7601432800293,106.28955078125,50.67641830444336,0.07581441104412079,-1,-1,-1
2095,138,578.6284790039062,35.672428131103516,103.4473876953125,48.39882278442383,0.057445213198661804,-1,-1,-1
2097,139,616.86376953125,37.19234085083008,103.14892578125,45.82145309448242,0.06559637188911438,-1,-1,-1
2098,139,633.2693481445312,39.52720642089844,106.51885986328125,48.374298095703125,0.05698739364743233,-1,-1,-1
2102,140,710.1575317382812,40.4964485168457,102.38763427734375,46.94821548461914,0.06257811933755875,-1,-1,-1
2103,140,733.7658081054688,39.14454650878906,101.72613525390625,48.88116455078125,0.062420036643743515,-1,-1,-1
2104,140,752.10986328125,41.100120544433594,101.98126220703125,48.366493225097656,0.06243866682052612,-1,-1,-1
2105,140,770.70166015625,43.722721099853516,103.6588134765625,46.55562210083008,0.06324245035648346,-1,-1,-1
2106,140,790.382568359375,46.329463958740234,95.214111328125,44.94789505004883,0.0930413231253624,-1,-1,-1
2107,140,809.0067749023438,46.99793243408203,102.29736328125,46.69151306152344,0.10898587852716446,-1,-1,-1
2108,140,831.064697265625,44.77879333496094,100.64447021484375,50.753684997558594,0.08578288555145264,-1,-1,-1
2109,140,845.6407470703125,48.80012512207031,99.92620849609375,49.70188903808594,0.08048466593027115,-1,-1,-1
2112,141,906.5729370117188,45.440460205078125,94.892333984375,52.902496337890625,0.050280846655368805,-1,-1,-1
2113,141,925.2382202148438,50.37467956542969,102.82696533203125,52.09107971191406,0.07332288473844528,-1,-1,-1
2114,141,946.1113891601562,51.2873420715332,96.39825439453125,48.11115646362305,0.09944210946559906,-1,-1,-1
2115,141,960.59619140625,51.35486602783203,92.00439453125,48.13518524169922,0.09013929963111877,-1,-1,-1
2116,141,985.8793334960938,50.37787628173828,94.39471435546875,47.03821563720703,0.08775346726179123,-1,-1,-1
2117,141,1002.7631225585938,50.12575149536133,90.40863037109375,47.64084243774414,0.08203639835119247,-1,-1,-1
